,Date,Open,High,Low,Close,Adj Close,Volume,volume_adi,volume_obv,volume_cmf,volume_fi,volume_mfi,volume_em,volume_sma_em,volume_vpt,volume_nvi,volume_vwap,volatility_atr,volatility_bbm,volatility_bbh,volatility_bbl,volatility_bbw,volatility_bbp,volatility_bbhi,volatility_bbli,volatility_kcc,volatility_kch,volatility_kcl,volatility_kcw,volatility_kcp,volatility_kchi,volatility_kcli,volatility_dcl,volatility_dch,volatility_dcm,volatility_dcw,volatility_dcp,volatility_ui,trend_macd,trend_macd_signal,trend_macd_diff,trend_sma_fast,trend_sma_slow,trend_ema_fast,trend_ema_slow,trend_adx,trend_adx_pos,trend_adx_neg,trend_vortex_ind_pos,trend_vortex_ind_neg,trend_vortex_ind_diff,trend_trix,trend_mass_index,trend_cci,trend_dpo,trend_kst,trend_kst_sig,trend_kst_diff,trend_ichimoku_conv,trend_ichimoku_base,trend_ichimoku_a,trend_ichimoku_b,trend_visual_ichimoku_a,trend_visual_ichimoku_b,trend_aroon_up,trend_aroon_down,trend_aroon_ind,trend_psar_up,trend_psar_down,trend_psar_up_indicator,trend_psar_down_indicator,trend_stc,momentum_rsi,momentum_stoch_rsi,momentum_stoch_rsi_k,momentum_stoch_rsi_d,momentum_tsi,momentum_uo,momentum_stoch,momentum_stoch_signal,momentum_wr,momentum_ao,momentum_kama,momentum_roc,momentum_ppo,momentum_ppo_signal,momentum_ppo_hist,others_dr,others_dlr,others_cr
0,2020-06-03,16.92,17.93,16.82,17.85,17.85,9362300,8012779.279279307,9362300,,,,,,-2370637.3236349504,1000.0,,0.0,,,,,,0.0,0.0,,18.643333333333334,16.423333333333336,,0.6426426426426426,0.0,0.0,,,,,,,,,,,,,,0.0,0.0,0.0,,,,,,,,,,,,,,17.375,23.979661584061137,22.315492125984253,,,,,,0.0,0.0,,,,,,,,,,,,,,,,,-25.37674514052195,,0.0
1,2020-06-04,17.65,18.15,17.129999,17.6,17.6,5535700,7578612.5830702,3826600,,,,4.882846884757108,,-2453377.8226160165,985.9943977591037,,0.0,,,,,,0.0,0.0,,18.645000333333332,16.514999333333336,,0.5093897452004331,0.0,0.0,,,,,,,,,,,,,,0.0,0.0,0.0,,,,,,,,,,,,,,17.485,23.979661584061137,22.315492125984253,,,,,,0.0,0.0,,,,,,,,,,,,,,,,,-1.4005602240896309,-1.4104606181541968,-1.4005602240896309
2,2020-06-05,19.209999,19.459999,17.9,18.0,18.0,5945700,2395182.3024738766,9772300,,,,27.28692937753334,,57598.73312961501,985.9943977591037,,0.0,,,,,,0.0,0.0,,19.101110888888886,16.64111088888889,,0.5523939476061432,0.0,0.0,,,,,,,,,,,,,,0.0,0.0,0.0,,,,,,,,,,,,,,18.139999500000002,23.979661584061137,22.315492125984253,,,,16.82,,1.0,0.0,,,,,,,,,,,,,,,,,2.2727272727272707,2.247285585205816,0.8403361344537785
3,2020-06-08,19.200001,19.68,18.65,19.559999,19.559999,4502300,5848393.948493308,14274600,,,,11.095451546987105,,525328.6286601009,1071.4471907874263,,0.0,,,,,,0.0,0.0,,19.40749975,17.04749975,,1.0646183262711872,1.0,0.0,,,,,,,,,,,,,,0.0,0.0,0.0,,,,,,,,,,,,,,18.25,23.979661584061137,22.315492125984253,,,,16.92559996,,0.0,0.0,,,,,,,,,,,,,,,,,8.666661111111118,8.311485558576104,9.579826330532203
4,2020-06-09,18.91,19.0,17.91,18.139999,18.139999,4474600,3262149.040970368,9800000,,,,-17.29540070620835,,65355.917313778074,993.6631882975414,,0.0,,,,,,0.0,0.0,,19.413999733333334,17.089999733333336,,0.45180691336775575,0.0,0.0,,,,,,,,,,,,,,0.0,0.0,0.0,,,,,,,,,,,,,,18.25,23.979661584061137,22.315492125984253,,,,17.0908639624,,0.0,0.0,,,,,,,,,,,,,,,,,-7.259714072582524,-7.536722392172823,1.6246442577030784
5,2020-06-10,18.02,18.18,16.93,16.940001,16.940001,5270400,-1923916.12638964,4529600,,,,-21.345628415300553,,-673490.8951005833,993.6631882975414,,0.0,,,,,,0.0,0.0,,19.278333166666666,16.924999833333334,,0.006374433427761034,0.0,0.0,,,,,,,,,,,,,,0.0,0.0,0.0,,,,,,,,,,,,,,18.25,23.979661584061137,22.315492125984253,,,,,19.68,0.0,1.0,,,,,,,,,,,,,,,,,-6.615204333803993,-6.844164130441355,-5.098033613445397
6,2020-06-11,15.5,15.82,14.76,14.77,14.77,5245900,-7070836.8811066225,-716300,,,,-45.76717055224081,,-1020643.4537604154,866.3757039420888,,0.0,,,,,,0.0,0.0,,18.835237952380954,16.515237952380954,,-0.7522577380952387,0.0,1.0,,,,,,,,,,,,,,0.0,0.0,0.0,,,,,,,,,,,,,,17.22,23.979661584061137,22.315492125984253,,,,,19.625,0.0,0.0,,,,,,,,,,,,,,,,,-12.809922502365845,-13.707965171249548,-17.25490196078432
7,2020-06-12,15.86,16.4,15.29,16.27,16.27,4678600,-3488125.169394903,3962300,,,,13.167400504424366,,-196850.15921647102,954.3624037330932,,0.0,,,,,,0.0,0.0,,18.617916541666666,16.310416541666665,,-0.017515294330082656,0.0,1.0,,,,,,,,,,,,,,0.0,0.0,0.0,,,,,,,,,,,,,,17.22,23.979661584061137,22.315492125984253,,,,,19.4304,0.0,0.0,,,,,,,,,,,,,,,,,10.155721056194999,9.67248246876582,-8.851540616246512
8,2020-06-15,15.3,16.58,14.94,16.389999,16.389999,4044700,-380616.6873217267,8007000,,,,-3.4464855242663193,,504977.1544746594,961.4012810585735,,0.0,,,,,,0.0,0.0,,18.505925777777776,16.090370222222223,,0.12404135234590583,0.0,0.0,,,,,,,,,,,,,,0.0,0.0,0.0,,,,,,,,,,,17.22,,,17.22,23.979661584061137,22.315492125984253,,,,,19.243584,0.0,0.0,,,,,,,,,,,,,,,,,0.7375476336816122,0.734841051197721,-8.179277310924382
9,2020-06-16,17.34,17.49,15.87,16.219999,16.219999,5182900,-3323998.394605662,2824100,,,,28.75610179629163,,-23926.376312459648,961.4012810585735,,1.5639999999999992,,,,,,0.0,0.0,17.22099983333333,18.469999833333333,15.971999833333333,14.505545695232039,0.09927908993861816,0.0,0.0,,,,,,,,,,,,,,0.0,0.0,0.0,,,,,,,,,,,17.22,,,17.22,23.979661584061137,22.315492125984253,,,,,19.064240639999998,0.0,0.0,,,,,,,,,,,,16.219999,,,,,-1.0372178790248765,-1.0426344707939794,-9.13165826330532
10,2020-06-17,16.25,16.389999,15.66,15.81,15.81,2919700,-5043820.03860791,-95600,,,,-16.376672603332494,,-127560.31773942504,937.0995801871534,,1.4805998999999992,,,,,,0.0,0.0,17.0629998,18.273999699999997,15.8519999,14.194454834372081,-0.017341000606192734,0.0,1.0,,,,,,,,,,,,,,0.0,0.0,0.0,,,,,,,,,,,17.22,,,17.22,23.979661584061137,22.315492125984253,,,,,18.8920710144,0.0,0.0,,,,,,,,,,,,16.203919468685147,,,,,-2.527737517123152,-2.560233581360327,-11.428571428571432
11,2020-06-18,15.56,16.08,15.22,15.66,15.66,3087900,-4972008.410700928,-3183500,,,,-10.443977136565286,,-103099.31623431394,937.0995801871534,,1.4185399099999991,,,,,,0.0,0.0,16.8656665,18.0606663,15.670666700000002,14.170798408708007,-0.004463055140260938,0.0,1.0,,,,,,,,,,16.934166416666667,,16.631249898582247,,0.0,0.0,0.0,,,,,,,,,,,17.22,,,17.22,23.979661584061137,22.315492125984253,,,,,18.726788173823998,0.0,0.0,,,,,,,,,,,,16.18368278476233,,,,,-0.9487666034155628,-0.9532960658723777,-12.268907563025211
12,2020-06-19,16.01,16.42,15.41,15.43,15.43,6047400,-10779907.420601923,-9230900,,,,4.425868968482354,,-118115.73789322947,937.0995801871534,,1.3776859189999995,,,,,,0.0,0.0,16.595666533333333,17.735666433333332,15.455666633333331,13.738525026521184,-0.01125729630911886,0.0,1.0,,,,,,,,,,16.73249975,,16.446442221877284,,0.0,0.0,0.0,,,,,,,,,,,16.88,,,17.22,23.979661584061137,22.315492125984253,,,,,18.568116646871037,0.0,0.0,,,,,,,,,,,,16.141058778789837,-13.557422969187682,,,,-1.4687100893997496,-1.479602418758752,-13.557422969187682
13,2020-06-22,15.31,15.59,14.86,15.49,15.49,3576900,-8182980.023341645,-5654000,,-917476.6455016859,54.06860239565344,-14.082026335653813,,-74909.89513884239,940.7435189305901,16.904149951889323,1.3129173270999996,,,,,,0.0,0.0,16.19733323333333,17.307333133333334,15.087333333333333,13.705958678625857,0.18138139772204787,0.0,0.0,,,,,,15.387419910460553,,,,16.55666641666667,,16.299297264665395,,0.0,0.0,0.0,,,,,,,,,,,16.47,,,17.22,23.979661584061137,22.315492125984253,,,,,18.415791980996197,0.0,0.0,,36.1010576749906,,,,,,14.83739837398375,,-85.16260162601625,,16.039805335117084,-11.988636363636369,,,,0.38885288399221896,0.38809880537078456,-13.22128851540617
14,2020-06-23,15.75,16.290001,15.6,16.24,16.24,4659800,-4198525.8845795505,-994200,,-287144.2675728749,57.213705423231474,10.661424631969195,-2.034381254508752,239528.63348795637,940.7435189305901,16.75221723029703,1.2616256943899997,,,,,,0.0,0.0,15.966666633333332,17.036666633333333,14.896666633333334,13.402922783722172,0.6277258722741427,0.0,0.0,,,,,,16.0421639932126,,,,16.40999975,,16.290174608563024,,0.0,0.0,0.0,0.8788853161843517,0.914255037513398,-0.035369721329046255,,,,,-311.1768625830945,-311.1768625830945,0.0,16.125,,,17.22,23.979661584061137,22.315492125984253,,,,,18.26956030175635,0.0,0.0,,44.144159148667065,,,,,,30.081300813008102,,-69.91869918699189,,16.05074468329291,-9.777777777777787,,,,4.84183344092961,4.72826803047548,-9.019607843137267
15,2020-06-24,15.64,15.79,14.94,15.04,15.04,3869800,-7157784.708108965,-4864000,,-909517.9436338923,50.042723076810745,-12.739687451547892,-3.2931337071019664,-60326.05812744319,871.2304510293151,16.584861877139804,1.2654631249509998,,,,,,0.0,0.0,15.757333266666668,16.787333266666668,14.727333266666665,13.07327810574243,0.15177996763754048,0.0,0.0,,,,,,17.185853900045075,,,,16.03333316666667,,16.097840053399484,,0.0,21.33599700897311,30.661860572129772,0.8057022600687572,0.9297782433885031,-0.1240759833197459,,,,,-312.20818157805894,-311.69252208057674,-0.5156594974822042,16.174999999999997,,,17.22,23.979661584061137,22.315492125984253,,,,,18.129177889686098,0.0,0.0,,36.27628581883032,,,,,,5.691056910569093,16.869918699186982,-94.30894308943091,,15.995513940104953,-23.108380527013328,,,,-7.389162561576345,-7.676401621183837,-15.742296918767519
16,2020-06-25,14.94,15.98,14.82,15.91,15.91,7065800,-944753.6736262096,2201800,,98591.19117095042,50.05678373365005,0.5745987715474709,-5.201157321815243,122780.6499580763,871.2304510293151,16.30200386633801,1.2549168124558998,,,,,,0.0,0.0,15.8026666,16.842666599999998,14.7626666,13.162335526334513,0.551602596153847,0.0,0.0,,,,,,17.894862247226733,,,,15.847499916666665,,16.068941583645717,,0.0,21.024469080856978,28.73476157567381,0.7658991228070177,1.0049341557017546,-0.23903503289473693,,,,,-302.33521603717793,-308.57342006611043,6.2382040289325005,16.155,,,17.22,23.979661584061137,22.315492125984253,,,,,17.994410774098654,0.0,0.0,,44.06066684300126,,,,,,23.373983739837403,19.715447154471534,-76.62601626016259,,15.992419085877723,-12.293269696431624,,,,5.784574468085113,5.623452382800176,-10.86834733893558
17,2020-06-26,15.74,15.79,15.11,15.48,15.48,5440600,-464700.7324497206,-3238800,,-249701.55042489944,41.92052303097385,0.6249310737786137,-5.9490516413301355,261683.2195227148,847.6836820825769,16.02649292207885,1.20942513121031,,,,,,0.0,0.0,15.749999933333333,16.746999933333335,14.752999933333337,12.660317513906094,0.36459381477766517,0.0,0.0,,,,,,18.318979359529028,,,,15.725833166666666,,15.978335186161761,,0.0,20.0868343203441,27.4532685122921,0.7580645161290323,1.0593317972350231,-0.3012672811059909,,,,,-299.82629864183724,-306.3866397100421,6.5603410682048775,16.155,,,17.22,23.979661584061137,22.315492125984253,,,,,17.865034343134706,0.0,0.0,,41.37068352356246,,,,,,16.98113207547171,15.348724241959403,-83.01886792452828,,15.977104899937395,-8.618659467611591,,,,-2.7027027027026973,-2.7398974188114433,-13.277310924369756
18,2020-06-29,15.57,16.09,15.22,16.08,16.08,3557600,3011115.3595042895,318800,,90907.24249294226,48.46382682844471,5.013211153586706,-4.355579365630488,-9151.770375026594,880.539638752444,15.853024397676132,1.1754826180892788,,,,,,0.0,0.0,15.732666633333332,16.652666633333332,14.812666633333333,11.69541084727194,0.6887681340579705,0.0,0.0,,,,,,18.266401590624863,,,,15.834999833333335,,15.99397592675226,,0.0,20.801415143345135,26.090550926516016,0.8317249196788347,1.0367912523045084,-0.20506633262567375,,,,,-298.3979668999053,-304.7889051480148,6.390938248109478,15.620000000000001,,,17.22,23.979661584061137,22.315492125984253,,,,,17.74083296940932,0.0,0.0,,46.29743887997721,,,,,,38.596491228070136,26.317202347793085,-61.403508771929864,,15.978193250647427,8.869329722410283,,,,3.8759689922480467,3.8027395589239177,-9.915966386554642
19,2020-06-30,15.99,16.59,15.87,16.5,16.5,3418400,5574915.359504292,3737200,0.05695256121348382,283024.4935653799,55.850219680445115,12.110929089632574,-1.9658252581352649,227178.04003239603,903.5388084213512,15.752805393721998,1.129934356280351,16.46899985,18.825148065796473,14.112851634203524,28.61313057570371,0.5065785653449484,0.0,0.0,15.712,16.542,14.882,10.565173116089625,0.974698795180722,0.0,0.0,14.76,19.68,17.22,29.874309580493442,0.3536585365853659,17.912172041004375,,,,15.8541665,,16.07182578417499,,0.0,22.862188574284804,24.985218571182465,0.9277257988955888,0.9557631803262817,-0.028037381430692898,,,-9.894131244031556,-0.0790008499999999,-291.85330587511544,-302.6329719358649,10.779666060749435,15.705,,,17.22,23.979661584061137,22.315492125984253,,,,,17.621599650632945,0.0,0.0,,49.49669278450054,,,,,,63.73626373626378,39.77129567993521,-36.26373626373623,,15.983148219626441,1.4136447449293206,,,,2.6119402985074647,2.5784117155714714,-7.5630252100840405
20,2020-07-01,16.450001,16.870001,15.62,16.139999,16.139999,12751600,3432617.6695024567,-9014400,-0.04522441686531648,-413205.9700296751,49.477858696949006,0.14704539038629758,1.313761594909529,-188930.9329327906,903.5388084213512,15.883201712583054,1.141941020652316,16.3834998,18.655593418141876,14.111406181858124,27.736364584835243,0.4464148840400476,0.0,0.0,15.7376667,16.6196669,14.855666500000002,11.20877976148775,0.7280794834286887,0.0,0.0,14.76,19.68,17.22,30.030213690972186,0.2804876016260162,16.683833589763903,,,,15.833333166666668,,16.08231397122499,,0.0,22.828270775261313,23.151427104031075,0.9775132290004478,0.8525131711300814,0.1250000578703664,,,-13.79026715242952,-0.16350079999999778,-278.259483874614,-299.15104506997193,20.89156119535795,15.8450005,,,17.22,23.979661584061137,22.315492125984253,,,,,17.507135664607627,0.0,0.0,,46.91668999538407,,,,,,49.43816479400749,50.590306586113805,-50.5618352059925,,15.984835244658886,-1.5253204103307145,,,,-2.181824242424246,-2.205978002260256,-9.579837535014013
21,2020-07-02,16.68,17.059999,16.1,16.15,16.15,3522300,277224.3016968444,-5492100,-0.07355606456564695,-349144.1854111506,48.70143822156184,9.130360985748014,1.0254016292897894,-276034.9397201078,904.0986778254957,15.90439469576766,1.1237468185870845,16.3109998,18.514704474769523,14.10729512523048,27.021086405378057,0.46347064971016544,0.0,0.0,15.815999999999999,16.7080001,14.923999899999998,11.279718007081446,0.687219709952947,0.0,0.0,14.76,19.68,17.22,30.163693583026095,0.28252032520325177,16.07680261735106,,,,15.827499916666666,,16.092727206421145,,0.0,22.654477477968285,21.826488456850722,1.0089965397923877,0.9086505882352939,0.1003459515570938,,,7.634582184948298,-0.5009998000000007,-258.64269720950296,-294.08750158741327,35.444804377910316,15.9399995,,,17.22,23.979661584061137,22.315492125984253,,,,,17.39725023802332,0.0,0.0,,46.99934129074024,,,,,,49.81273408239697,54.32905420422275,-50.18726591760303,,15.987389779904188,-0.43155982931936554,,,,0.061964068275344175,0.06194487847333008,-9.523809523809534
22,2020-07-06,16.51,16.58,15.08,15.29,15.29,6106600,-4119527.698303161,-11598700,-0.06552465305869458,-1049505.873209557,47.367297844568995,-18.42267792224809,-0.04432639913748001,-322998.6160937258,904.0986778254957,15.878851822003737,1.1613721367283758,16.1754998,18.27807371708378,14.07292588291622,25.997019481076943,0.2894248109887693,0.0,0.0,15.805666666666667,16.746666766666667,14.864666566666667,11.907123183668306,0.2260007375840513,0.0,0.0,14.76,19.68,17.22,30.416370812851174,0.10772357723577224,15.605895948830348,,,,15.784166583333333,,15.969230713125583,,0.0,20.66450040422388,25.882385551564056,0.9622641509433962,0.9538784067085954,0.008385744234800874,,,-51.81281910521785,-0.5154998000000006,-246.37264536416973,-288.7858508959418,42.413205531772064,15.9399995,,,17.22,23.979661584061137,22.315492125984253,,,,,17.29176022850239,0.0,0.0,,41.07656302113319,,,,,,17.602996254681617,38.9512983770287,-82.39700374531839,,15.982962321691309,-3.2890575585072823,,,,-5.325077399380806,-5.472102972769477,-14.341736694677888
23,2020-07-07,15.05,15.8,14.95,15.28,15.28,5368800,-5319612.4041855205,-16967500,-0.11135679475162433,-907246.177036763,39.907536837250156,-7.203658173148561,-2.6128806826689224,-328692.4910552838,903.507377185976,15.79155149798487,1.1302349230555384,15.961499850000001,17.4130680274553,14.509931672544703,18.188368149567076,0.26525392999634406,0.0,0.0,15.808666666666664,16.761666766666668,14.855666566666667,12.05667903681526,0.22263031941619543,0.0,0.0,14.76,19.0,16.88,26.563919680768596,0.12264150943396215,15.05396916050381,,,,15.752499916666665,,15.86319521879857,,0.0,19.613135669157973,25.343677561413397,0.8818316100443131,1.0760709010339733,-0.1942392909896602,,,-84.31860606617228,-0.5314998500000012,-235.96233774837438,-280.4286814698618,44.46634372148739,15.9399995,,,17.22,23.979661584061137,22.315492125984253,,,,,17.190489819362295,0.0,0.0,,41.011844402917774,,,,,,20.535723453447922,29.317151263508837,-79.46427654655209,,15.97758449781952,-2.426564495530018,,,,-0.06540222367560355,-0.06542362025965254,-14.397759103641473
24,2020-07-08,15.32,15.54,15.0,15.46,15.46,2846600,-3316449.441222541,-14120900,-0.06667793556599541,-704441.2946029392,40.011560338022164,-1.9918499262277853,-1.5853933485900147,30021.931488602902,914.1507886973293,15.766639624909386,1.0712114307499845,15.827499900000001,16.893499401876408,14.761500398123594,13.470219663389878,0.3276266080082049,0.0,0.0,15.737666633333333,16.675666633333332,14.799666633333334,11.920445665220255,0.3519900675195454,0.0,0.0,14.76,18.18,16.47,21.60796096419498,0.20467836257309974,14.255021818916905,,,,15.754999916666668,,15.80116518513725,,0.0,18.953392401184338,24.49117131565638,0.8996254756834849,1.0142321337653832,-0.1146066580818983,,,-83.80783363797764,-0.33749990000000096,-225.55805784234087,-270.8008899436709,45.24283210133001,15.9399995,,,17.22,23.979661584061137,22.315492125984253,16.0,28.000000000000004,-12.000000000000004,,17.0932702265878,0.0,0.0,,42.760046352290885,,,,,,28.57144132653632,22.236720344888624,-71.42855867346367,,15.964401743196394,0.19442644199611886,,,,1.178010471204205,1.1711259420901676,-13.389355742296916
25,2020-07-09,15.35,15.37,14.73,15.16,15.16,2518500,-2450715.066222537,-16639400,-0.005492615397630464,-711742.538231091,40.38290194698605,-5.5906293428627984,-1.2387256490398368,-15338.034651151596,896.4117695117408,15.747379979456031,1.0370902876749861,15.738499850000002,16.711253871426024,14.765745828573982,12.361457962285026,0.20264844078879082,0.0,0.0,15.720666633333332,16.637666633333332,14.803666633333336,11.666171942805988,0.19429300254452841,0.0,0.0,14.73,17.49,16.11,17.53661420278247,0.15579710144927536,13.398516795031806,-0.46521524317994256,,,15.727499916666666,16.263846,15.702524387423827,16.16773963060377,0.0,18.068551758178806,25.074507463485567,0.9046898710522033,0.9969742816207047,-0.09228441056850134,,,-120.57918184246152,0.5015001499999965,-214.77015831746766,-261.0714390859253,46.301280768457644,15.8949995,17.205,16.549999749999998,17.205,23.979661584061137,22.315492125984253,12.0,24.0,-12.0,,16.99993941752429,0.0,0.0,,40.6003627546173,,,,,,18.454943542894206,22.52070277429282,-81.5450564571058,,15.958939812485758,-2.130406714009039,-13.223236767948093,,,-1.9404915912031084,-1.9595662945050218,-15.070028011204483
26,2020-07-10,15.07,15.56,14.92,15.49,15.49,3200100,49363.05877746083,-13439300,0.0758560728952564,-459203.1756266494,37.80203384102438,3.7998812537108333,-1.2834390572378027,20787.888140985073,896.4117695117408,15.726865631360138,0.9973812589074875,15.774499849999998,16.649610374105666,14.899389325894331,11.095255411291758,0.33744918946624053,0.0,0.0,15.695999966666665,16.560999966666667,14.830999966666667,11.021916435231732,0.38092487475915204,0.0,0.0,14.73,17.49,16.11,17.496592768359616,0.2753623188405798,12.261816486810066,-0.44770836718332774,,,15.664999916666666,16.173076769230768,15.669828327820163,16.11753669500349,0.0,18.55906853010239,24.01593777175634,0.9019455329225264,1.0085603106178747,-0.10661477769534822,,,-81.06565381526923,-0.7344998499999988,-202.78361479586923,-250.28891865859552,47.505303862726294,15.8949995,17.205,16.549999749999998,17.205,,17.375,8.0,20.0,-12.0,,16.86374305247283,0.0,0.0,,43.95369304683788,0.5862085155090907,,,,,32.61803975023163,26.548141539887386,-67.38196024976837,,15.950167276291285,-4.618226600985211,-14.982642131955359,,,2.176781002638517,2.153427421455145,-13.22128851540617
27,2020-07-13,15.67,16.01,15.44,15.51,15.51,3319200,-2454594.835959381,-10120100,0.011172672816614876,-384119.29339427117,42.78017674077152,8.328814172089697,0.31733526474387663,73944.77248067092,896.4117695117408,15.745123928239341,0.9546431330167391,15.736499850000001,16.58792828727497,14.885071412725033,10.821064981295297,0.3669883221630913,0.0,0.0,15.715333300000001,16.5693333,14.861333300000002,10.868366374386715,0.3797814402810296,0.0,0.0,14.73,17.49,16.11,17.53884298483311,0.2826086956521739,11.045253815564951,-0.42729462254571615,,,15.704166583333333,16.092692153846155,15.645239354309368,16.072533976855084,10.702695684314005,20.909138370942923,23.081334029660177,0.9850275819521211,0.9078014257051671,0.07722615624695406,,,-15.482688545384836,0.17350014999999885,-190.10173918955985,-238.2560044685571,48.15426527899726,15.8949995,17.205,16.549999749999998,17.205,,17.485,4.0,16.0,-12.0,,16.73571846932446,0.0,0.0,,44.159444545950294,0.596287145137845,,,,,33.476409217342976,28.18313083682294,-66.52359078265702,,15.947988075980565,3.125000000000004,-16.13119425697312,,,0.12911555842478606,0.1290322759670115,-13.109243697479
28,2020-07-14,15.34,15.48,15.07,15.41,15.41,2681600,-688663.1286423113,-12801700,-0.0033798479662042477,-367553.68005223235,36.92880656454725,-6.8802207637231545,-0.9356394063770056,-13003.887035957174,890.6321965297179,15.706602436404106,0.9031788197150652,15.6874999,16.49449098173532,14.880508818264678,10.288332581730524,0.3280650763802279,0.0,0.0,15.667666633333335,16.475666633333336,14.859666633333333,10.31423528352285,0.3405528259075903,0.0,0.0,14.73,17.49,16.11,17.593625610158554,0.24637681159420297,10.22430649221476,-0.41440870156131027,,,15.662499916666667,15.99307676923077,15.609048684415619,16.02345738597693,10.686381188934902,20.253900278161794,24.99321566224211,0.9010543390105433,1.0097324412003243,-0.10867810218978102,,,-73.70428025511866,-0.20749990000000018,-178.92432977305992,-225.70834045721762,46.78401068415769,15.8949995,17.205,16.549999749999998,17.205,,18.139999500000002,4.0,12.0,-8.0,,16.615375361164993,0.0,0.0,,43.30344575661648,0.5315388517186934,0.5713448374552097,,,46.55832248530732,29.18456188178619,31.75967028312027,-70.8154381182138,,15.921882021394126,-3.142677561282212,-18.14071439975451,,,-0.6447453255963853,-0.6468327856422817,-13.669467787114852
29,2020-07-15,15.74,16.49,15.73,16.42,16.42,3929700,2517144.7660945626,-8872000,0.06498180710521795,251953.55995523027,42.911679674902864,16.14881543120334,1.1278250852480824,240270.34062719834,890.6321965297179,15.76338943615448,0.9208609377435586,15.69749995,16.535017008333842,14.859982891666155,10.67070630357089,0.9313345279422397,0.0,0.0,15.656999966666666,16.46899996666667,14.844999966666668,10.372357434102659,0.9698276067323479,0.0,0.0,14.73,17.059999,15.8949995,14.843121563443617,0.7253221997090988,8.149268297243623,-0.31902048766684743,,,15.740833250000001,15.872307576923077,15.733810425274754,16.0528309129416,10.328422635797578,25.8585747808169,23.081258131773897,1.018992568125516,0.9372419488026423,0.08175061932287375,,,108.45639510601322,0.3825000499999991,-167.2388696460249,-213.37271665404103,46.13384700801612,15.8949995,16.865000000000002,16.379999750000003,17.205,,18.25,4.0,8.0,-4.0,,16.502252839495092,0.0,0.0,,53.17589839694099,1.0,0.7092753322855128,,,60.883708176066115,72.53221997090988,45.06439702334635,-27.46778002909011,,15.925043298370092,6.072351421188638,-17.318259039040026,,,6.554185593770279,6.34834546922578,-8.01120448179271
30,2020-07-16,16.1,16.940001,15.97,16.66,16.66,2932400,3756608.506441227,-5939600,0.09788956531417838,316499.62281876814,39.30536768704519,11.412182171617092,1.9019381852530552,300420.73261822027,903.6499631050609,15.821754074585728,0.9257749439692026,15.739999949999998,16.676461289298196,14.8035386107018,11.899127601943837,0.9912109082311225,0.0,0.0,15.688333333333333,16.472333333333335,14.904333333333335,9.994688197174119,1.1196853741496589,1.0,0.0,14.73,17.059999,15.8949995,14.803043249056689,0.8283265357624613,6.445002188279992,-0.221505271793216,,,15.789166583333333,15.815384538461538,15.876301129078637,16.097806400871853,10.437629677098817,27.273212384579793,21.491074277351547,1.0494966401428991,0.9144294534874619,0.13506718665543727,,,150.36808403963184,0.7600000500000021,-151.41779587687552,-201.45883872819357,50.04104285131805,15.8350005,16.455,16.14500025,17.205,,18.25,100.0,4.0,96.0,14.73,,1.0,0.0,,55.17336305024405,1.0,0.8438462839062311,0.7081554845489846,,63.7466394472164,82.83265357624613,61.51647847631407,-17.16734642375387,,15.945501868406922,3.6069651741293653,-18.418643139547697,,,1.461632155907422,1.4510532714414381,-6.666666666666677
31,2020-07-17,16.719999,16.959999,16.540001,16.809999,16.809999,2598900,4499142.523746087,-3340700,0.10592635640219629,326975.7340018017,45.677259722289065,4.767370810766094,2.197826737895018,66260.20512734438,911.7860129739564,15.89719886036348,0.8751972495722823,15.7974999,16.84221730580903,14.752782494190972,13.226363822404943,0.9845803728214529,0.0,0.0,15.721666666666668,16.451666566666667,14.991666766666668,9.286545955687469,1.24543320713697,1.0,0.0,14.73,17.059999,15.8949995,14.74916293558578,0.8927038166110801,5.116555802422554,-0.13061445284045092,,,15.814999833333333,15.810384461538462,16.01994695537423,16.15056140821468,10.558723376941746,26.572524478996645,20.822155673837326,1.0857886556142682,0.9038129032766812,0.181975752337587,,,160.34054025197563,0.3424990999999995,-139.65175138560667,-189.60096161946433,49.949210233857656,15.8449995,16.11,15.97749975,17.205,,18.25,100.0,36.0,64.0,14.77420002,,0.0,0.0,,56.42452515825774,1.0,1.0,0.8510405387305813,,62.46081675615751,89.27038166110802,81.54508506942135,-10.729618338891987,,15.976287722988781,1.8787818181818257,-19.88114816541921,,,0.9003541416566785,0.8963251193426114,-5.82633613445378
32,2020-07-20,16.719999,17.02,16.43,16.9,16.9,1925400,5641328.964424047,-1415300,0.1925327806936048,305020.3327729722,44.251698774184824,-0.7660745819050694,1.7850206139313198,33707.92578088917,916.667729680404,15.933330040920797,0.846677524615054,15.870999900000001,17.00498205012422,14.737017749875783,14.2899900103234,0.9537108894911965,0.0,0.0,15.834999999999999,16.4739999,15.196000100000001,8.070728133880632,1.3333334637454561,1.0,0.0,14.73,17.059999,15.8949995,14.68085826148862,0.9313308718158237,4.933375006471989,-0.05073564650605533,,,15.878333250000003,15.892307538461539,16.1553397314705,16.206075377976557,10.525502989376722,25.37756134182653,20.72421495357435,1.0683836650429541,0.9227353394969217,0.14564832554603246,,,135.5192794821282,0.27900009999999753,-120.3143858908209,-176.75118919084727,56.43680330002637,15.875,16.11,15.9925,17.205,,17.22,100.0,32.0,68.0,14.8616319792,,0.0,0.0,,57.19649513727916,1.0,1.0,0.9479487613020771,,63.914693648212676,93.13308718158237,88.41204080631218,-6.866912818417631,,16.174706793413836,4.708804504882553,-22.431081616375106,,,0.5354015785485666,0.5339733996904794,-5.322128851540631
33,2020-07-21,17.18,17.610001,17.040001,17.1,17.1,2312300,3815820.851090723,897000,0.14279866796506283,327511.71380540566,43.26036823942671,14.790493015612185,1.9764180372155777,37673.11903479451,916.667729680404,15.964085653799646,0.8330098721535488,15.951499899999998,17.18966409799651,14.713335702003487,15.524110030512068,0.9637915156400119,0.0,0.0,16.02566673333333,16.636666633333334,15.414666833333333,7.625266519852465,1.3791599365782767,1.0,0.0,14.73,17.610001,16.1700005,18.054734777636806,0.8229163809318125,4.933375006471989,0.028380063830077518,-0.21436628795820067,0.2427463517882782,15.957499916666668,15.924230615384614,16.30067208047504,16.27229201664496,11.105134221909221,28.556245161105913,19.582937687115738,1.0524444444444443,0.9057777777777776,0.14666666666666672,,,167.79452672138956,-0.661499899999999,-101.29543717859963,-162.94423133932048,61.648794160720854,16.1700005,16.1700005,16.1700005,17.205,,17.22,100.0,28.000000000000004,72.0,14.991134060448001,,0.0,0.0,,58.937388592130446,1.0,1.0,1.0,,58.04473670278278,82.29163809318126,88.23170231195722,-17.708361906818748,0.40064734411764746,16.3903922814986,5.882352941176489,-23.602078630547744,-19.040474157229735,-4.56160447331801,1.183431952662728,1.1764841579586793,-4.201680672268903
34,2020-07-22,16.91,17.440001,16.790001,17.280001,17.280001,1569900,4612847.004936875,2466900,0.1088682663177053,321093.4075332042,54.144016801132004,-8.694821326199138,1.344856128888047,43889.85200633253,926.3169172833396,15.93636825194856,0.8147088849381937,16.00349995,17.366794171142512,14.640205728857485,17.037450875144522,0.9681678504183139,0.0,0.0,16.209333500000003,16.8313334,15.587333600000003,7.674589457981079,1.3606653312966785,1.0,0.0,14.73,17.610001,16.1700005,17.99606966599828,0.8854167064525318,4.89879204015734,0.10440094157114999,-0.15061284205233055,0.25501378362348054,16.123333333333335,15.958461461538462,16.451338068094262,16.346937126523112,11.291039141497645,27.085655500158413,20.555147967402693,1.055399066234654,0.9427230932134358,0.11267597302121812,,,134.8511774812813,-0.723499949999999,-84.39406275351806,-148.45799849888164,64.06393574536358,16.2650005,16.1700005,16.2175005,17.205,,17.22,100.0,24.0,76.0,15.200643415612161,,0.0,0.0,,60.494708160896415,1.0,1.0,1.0,,63.80656785335826,88.54167064525318,87.9887986400056,-11.458329354746816,0.6092945735294109,16.5977597895142,13.015049051667754,-26.2277488347006,-20.477929092723908,-5.74981974197669,1.05263742690056,1.0471357737663833,-3.193271708683487
35,2020-07-23,17.18,17.790001,17.16,17.530001,17.530001,2117900,4982641.843199026,4584800,0.15331880035800063,350862.2064570321,52.76587871924867,10.708723027503682,1.4575962747277373,47166.26754356292,926.3169172833396,15.97172105108774,0.7962380964443743,16.128,17.569160901496005,14.686839098503995,17.87153895704371,0.9864137649531859,0.0,0.0,16.450000233333334,17.071000233333333,15.829000233333332,7.550151868589543,1.369565834675254,1.0,0.0,14.73,17.790001,16.2600005,18.97322048611111,0.9150327075056506,4.8658778937379505,0.1827147239429756,-0.08394732885326933,0.26666205279624494,16.310833416666668,16.008846153846154,16.617286211464375,16.4345714875214,11.827237115968199,28.537930067215743,19.506608597025018,1.0465115265008207,0.9253875072298926,0.12112401927092808,,,148.60161939464263,-0.6679999999999993,-62.644524652807895,-132.8869884829859,70.24246383017802,16.4300005,16.2600005,16.345000499999998,17.205,,17.22,100.0,20.0,80.0,15.393392022363189,,0.0,0.0,,62.61538208442362,1.0,1.0,1.0,,63.64816444056546,91.50327075056506,87.44552649633317,-8.496729249434937,0.8181474852941157,16.955889919029282,14.72513743455497,-26.954238653587247,-21.773191004896578,-5.181047648690669,1.446759175534762,1.4363934731928651,-1.7927114845938563
36,2020-07-24,17.51,17.709999,17.059999,17.15,17.15,2027900,3516320.390583626,2556900,0.06016583516925102,190652.74440602754,57.80557348141888,-2.8848057103407285,2.5674442898639773,-13318.242238282663,906.2369780474785,16.090446632102644,0.7816142867999367,16.19,17.693649142586388,14.686350857413613,18.575035733000462,0.8192234055175689,0.0,0.0,16.6483335,17.2703335,16.0263335,7.472219366581044,0.9032688906752403,0.0,0.0,14.73,17.790001,16.2600005,18.900562075355154,0.7908494147550926,4.4912293206083875,0.21167598678195176,-0.024822665726225115,0.23649865250817687,16.45166675,16.060384615384613,16.699242178931396,16.487566192149444,12.17387084998154,27.00719371769582,19.28551865357259,1.1478350424672603,0.8764521777769608,0.2713828646902995,,,114.89471739741447,-1.0300000000000011,-46.01832433906111,-116.87772016626384,70.85939582720273,16.4300005,16.2600005,16.345000499999998,17.205,,17.22,96.0,16.0,80.0,15.63305292012687,,0.0,0.0,,57.5577006400931,0.7702622301365467,0.9234207433788489,0.9744735811262829,,56.56454337329786,79.08494147550927,86.37662762377585,-20.915058524490732,0.9832355352941207,16.994506898684897,10.931435963777474,-27.631645463656074,-22.944881896648475,-4.686763567007599,-2.1677180737183055,-2.1915582366258235,-3.9215686274509998
37,2020-07-27,17.09,17.200001,16.709999,17.129999,17.129999,2414900,5241232.064821703,142000,0.08022897440785687,156516.5787908818,61.83827456829283,-8.725014286223049,2.458775996072943,-46775.50553996521,906.2369780474785,16.261891301284326,0.7524530581199431,16.27249995,17.792248416359143,14.752751483640855,18.67873370445632,0.7821187416804274,0.0,0.0,16.78433346666667,17.398333666666666,16.170333266666667,7.316348918107364,0.7814864989729119,0.0,0.0,14.73,17.790001,16.2600005,18.804738112781493,0.7843131423813264,4.078973139952928,0.2303586515500129,0.02621359772902249,0.2041450538209904,16.615833333333335,16.11692303846154,16.765512459095795,16.535153807545782,11.97102008445256,25.880216814152828,21.461371806200955,1.1295277290248968,0.8419319949729982,0.28759573405189864,,,77.49297726941732,-0.78249995,-27.06046983555266,-100.00395795098525,72.94348811543259,16.7600005,16.2600005,16.5100005,17.205,,17.22,92.0,12.0,80.0,15.848747728114184,,0.0,0.0,,57.29537444939581,0.7583464472445405,0.8428695591270291,0.9220967675019592,2.332704406605114,57.91282001148388,78.43131423813264,83.00650882140233,-21.568685761867357,1.0942355352941178,17.02036245731843,12.994716358839058,-26.96589008295029,-23.749083533908838,-3.2168065490414506,-0.11662390670552636,-0.11669196530377235,-4.033619047619041
38,2020-07-28,17.120001,17.379999,16.92,16.940001,16.940001,1633700,3749600.346274468,-1491700,0.010672257300856535,89814.24859218375,68.37165211616247,5.490578135551244,2.993235143342873,-20936.593030109692,896.1854180120653,16.375009715396526,0.7232076523079488,16.3155,17.85950118782376,14.77149881217624,18.926801971423004,0.7022346242104324,0.0,0.0,16.96033346666667,17.579333566666666,16.341333366666667,7.2993859609725655,0.4835763623732308,0.0,0.0,14.73,17.790001,16.2600005,18.7551775918605,0.7222223129992437,3.8222261053861866,0.22721436153581465,0.06641375049038092,0.16080061104543372,16.73666675,16.175,16.792356850004133,16.565142488468318,12.000870449244118,26.416562951347455,20.592629291265542,1.148394097808616,0.7918053617263867,0.3565887360822293,,,76.30241044883655,-0.8055000000000003,-9.449540676490031,-82.4718102877036,73.02226961121357,16.8800005,16.2600005,16.5700005,17.205,,17.22,88.0,8.0,80.0,16.042873055302763,,0.0,0.0,,54.74297515281092,0.6424074485842407,0.7236720419884426,0.8299874481647734,2.787026131547352,52.96986580519279,72.22223129992436,76.57949567118875,-27.777768700075637,1.0976176029411775,17.00721527179889,9.3608844415752,-28.41061979996385,-24.681390787119838,-3.729229012844012,-1.109153596564738,-1.115350570312712,-5.098033613445397
39,2020-07-29,17.0,17.889999,16.92,17.799999,17.799999,2761900,5998982.292132144,1270200,0.00618712715498135,416301.9953933008,75.41236660600603,8.955782070313859,4.032264529998349,122093.94517732665,896.1854180120653,16.55716708264504,0.7478867870771537,16.38049995,18.054112539639963,14.70688736036004,20.434206461933552,0.9240823290847048,0.0,0.0,17.092666733333335,17.732666733333332,16.452666733333334,7.48859156952847,1.0526033333333342,1.0,0.0,14.73,17.889999,16.3099995,19.29122438048662,0.9715189783287906,3.1461732684555113,0.29076537805989844,0.11128407600428443,0.17948130205561402,16.9275,16.263846115384617,16.947378719234266,16.656613341174367,12.61200393428977,28.618937357404718,18.859017898931295,1.183387143108183,0.7335493275567067,0.4498378155514764,,,106.98028368862934,-0.9704999500000007,8.26775954265222,-64.72897079664497,72.99673033929719,17.159999499999998,16.3099995,16.7349995,17.205,,17.22,100.0,4.0,96.0,16.217585849772487,,0.0,0.0,,62.81725194577107,1.0,0.8002512986095937,0.7889309665750218,5.642018171142423,56.94459225534803,96.96969594939257,82.54108049581653,-3.03030405060742,1.160029082352942,17.127249678648482,14.76466150870406,-26.172647065741927,-24.979642042844258,-1.193005022897669,5.076729334313512,4.9520652862478975,-0.2801176470588307
40,2020-07-30,17.360001,17.860001,16.799999,17.76,17.76,1817700,7473717.245462425,-547500,0.07015030605957975,346443.6842942583,69.08700347310639,-4.3736381140452565,3.448441718015771,136129.57027178592,894.1715684306657,16.722065617311042,0.7790983083694385,16.4615,18.234568245725807,14.688431754274195,21.54200098078311,0.8661731586277603,0.0,0.0,17.1876667,17.8366668,16.538666600000003,7.551927918174006,0.9409346778220848,0.0,0.0,14.73,17.889999,16.3099995,19.196300458645926,0.9588610629307167,2.688054867827607,0.3340516915410454,0.15583759911163664,0.17821409242940878,17.123333333333335,16.322307653846153,17.07239737781361,16.738345686272563,12.980752310502268,26.03913418753301,18.17950116019525,1.143446601616119,0.7678019294730868,0.3756446721430323,,23.08524355060984,91.03431378411894,-0.041499999999999204,24.334972202851436,-46.508223731260735,70.84319593411217,17.159999499999998,16.3099995,16.7349995,17.205,,17.22,96.0,40.0,56.0,16.418275427799788,,0.0,0.0,,62.26087486979598,0.9714880290097215,0.8712984925313206,0.7984072777097856,7.82579071280754,64.5245932828636,95.39010474826416,88.19401066586038,-4.609895251735835,1.0710289823529386,17.20264128587235,15.24983776768333,-26.881750116807417,-25.360063657636893,-1.5216864591705246,-0.22471349577041222,-0.22496635542386123,-0.5042016806722671
41,2020-07-31,17.620001,17.99,17.35,17.91,17.91,2019300,8988192.245462434,1471800,0.1552665875940558,340222.4436807924,68.18648776873962,10.776011489129843,3.623241526375782,12970.281436029734,894.1715684306657,16.893795704074602,0.7651884775324944,16.549500000000002,18.42380493890434,14.675195061095666,22.650895059117637,0.8629345395619843,0.0,0.0,17.285666733333333,17.956667033333332,16.614666433333333,7.763661192264639,0.965225773123103,0.0,0.0,14.73,17.99,16.36,19.698480316625865,0.975460122699387,2.157361907752874,0.37612442499162313,0.19989496428763395,0.17622946070398918,17.2475,16.43269226923077,17.20125931968844,16.825134894696816,13.477149157357644,25.722056800960463,17.1729497977972,1.1454916560988764,0.8022542616021738,0.34323739449670254,,23.21225992573287,102.50294094899425,0.11049999999999827,40.86972214683273,-28.598878393743664,69.46860054057639,17.3499995,16.36,16.854999749999998,17.205,,17.22,100.0,36.0,64.0,16.594882256463812,,0.0,0.0,,63.56417868460708,1.0,0.990496009669907,0.8873486002702737,10.040021022323886,66.70845449355959,97.2602739726028,96.54002489008651,-2.7397260273972037,1.074352711764707,17.286922479629666,9.07429963459195,-26.68356209095385,-25.624763344300288,-1.0587987466535616,0.8445945945945832,0.8410478508596331,0.3361344537815114
42,2020-08-03,17.879999,18.709999,17.57,18.15,18.15,12474000,9207045.48480735,13945800,0.21332517777310817,719299.2374406764,81.7310156200285,4.295325957996632,4.42149486364148,184210.6775431198,894.1715684306657,17.359449864193934,0.802669529779245,16.692500000000003,18.596778079483457,14.788221920516548,22.815972196896258,0.882690956668301,0.0,0.0,17.4216667,18.1476669,16.6956665,8.334451720397103,1.001606817739167,1.0,0.0,14.73,18.709999,16.7199995,23.843037292197085,0.8592966983157531,1.2397842232587397,0.4239463737065563,0.24470524617141842,0.17924112753513788,17.371666666666666,16.518846115384616,17.347219424351756,16.9232730506452,14.71152268813716,29.316345671579718,15.524139485995367,1.1950285477956888,0.6988530212518121,0.49617552654387664,,23.45536203758445,122.72172432697627,0.11749899999999869,58.95607324162907,-10.793155013718254,69.74922825534732,17.709999,16.7199995,17.214999249999998,17.205,,17.22,100.0,32.0,68.0,16.79019874055888,,0.0,0.0,,65.61054686426206,1.0,0.990496009669907,0.9507635039570449,12.536961564302437,64.39599882975908,81.208080942309,91.28615322105865,-18.791919057691004,1.2413526264705865,17.40152331711977,8.943577430972379,0.10613940782159433,-20.478582793875912,20.584722201697506,1.340033500837512,1.331134463823913,1.680672268907557
43,2020-08-04,18.23,18.5,18.040001,18.24,18.24,2566000,8872343.526759597,16511800,0.23784909358206197,649533.6320920084,81.30417196066442,2.3304883086126265,3.434471497742144,179879.74583662004,898.6054770344542,17.524967048972368,0.7684024768013205,16.8405,18.74275629293247,14.938243707067528,22.59144672583915,0.8678526403617689,0.0,0.0,17.522666666666666,18.237666766666667,16.807666566666665,8.160859458225548,1.0016316314734302,1.0,0.0,14.73,18.709999,16.7199995,23.63349663014756,0.8819097693240623,1.2329937675117075,0.4637619019167545,0.28851657732048563,0.17524532459626885,17.490833416666664,16.62499996153846,17.484570282143792,17.020808380227038,15.857726681003856,28.142202702172277,14.902385347953107,1.2205284328731267,0.7855692291088178,0.43495920376430897,0.3355319642025939,23.582493305561545,124.28553606182506,0.059499999999999886,77.75083060930315,7.222944248817433,70.52788636048572,17.709999,16.7199995,17.214999249999998,17.205,,17.22,100.0,28.000000000000004,72.0,17.097366782069457,,0.0,0.0,,66.37325090111165,1.0,1.0,0.9936640064466046,14.851550771513589,66.18202883266424,82.84674556450562,87.10503349313915,-17.153254435494375,1.4185881058823568,17.504552648987225,8.506847620871346,-2.7450207369875437,-16.93187038249824,14.186849645510696,0.49586776859504855,0.494642393532585,2.184873949579824
44,2020-08-05,18.5,18.74,18.309999,18.48,18.48,2090400,8434823.82424728,18602200,0.199472655948985,628413.9703645792,81.0478208265595,5.245399205845732,2.993987000187047,40229.23010004371,910.4292333112235,17.648851927160457,0.7415622291211884,16.9915,18.91082566387291,15.07217433612709,22.591597726779984,0.8877663983808856,0.0,0.0,17.656666533333333,18.349666733333333,16.963666333333332,7.849728584857307,1.0940355187968687,1.0,0.0,14.73,18.74,16.735,23.600035311773524,0.9351620947630928,1.2329937675117078,0.5088166673017653,0.33257659531674155,0.17624007198502378,17.622500083333335,16.717307653846152,17.637713315660132,17.128896648358367,17.167778505542376,29.031490150627135,14.235015042817487,1.2273211312700105,0.7897548559231585,0.437566275346852,0.3676582419071772,23.648735967356462,134.94776852733617,0.10850000000000293,94.81030752530995,24.71792560194164,70.09238192336831,17.7249995,16.735,17.229999749999998,17.205,,17.22,100.0,24.0,76.0,17.355387936938342,,0.0,0.0,,68.38675826917891,1.0,1.0,0.9968320032233023,17.440296914023968,63.3651947948375,88.74458874458882,84.26647175046782,-11.255411255411175,1.569058694117647,17.6297432997095,9.349112426035514,-6.147965662583387,-14.77508943851527,8.627123775931882,1.3157894736842257,1.3072081567352622,3.52941176470587
45,2020-08-06,18.190001,18.860001,18.030001,18.690001,18.690001,2860300,10123434.667620765,21462500,0.21220940085975176,624449.9546410673,81.29506124881868,-2.3213912876271863,2.4876468503018123,60008.82702694232,910.4292333112235,17.766976502183542,0.7504060062090698,17.168000049999996,19.02953291643061,15.306467183569383,21.686077131979207,0.9088031367714592,0.0,0.0,17.7599999,18.473,17.046999800000002,8.029280450615301,1.1521745929628904,1.0,0.0,14.92,18.860001,16.8900005,22.949679569694556,0.9568528028292375,1.2329937675117075,0.5550697208962667,0.37707522043264663,0.1779945004636201,17.755000166666665,16.80153846153846,17.799603728635496,17.24453400773923,17.8210692472215,26.87956988338844,15.680402945875215,1.1308793188385846,0.7883436015657251,0.3425357172728595,0.40040716439892704,23.67591953597727,130.45812501570265,0.11200095000000232,104.89139325577841,41.48567200136826,63.40572125441015,17.785,16.7950005,17.29000025,17.205,,17.22,100.0,20.0,80.0,17.60461810828944,,0.0,0.0,,70.07523063083401,1.0,1.0,1.0,20.164508999740445,67.99950864444875,93.00411810530113,88.19848413813186,-6.995881894698877,1.7098529823529418,17.761973638235354,9.298251461988288,-7.127708190288469,-13.24561318886991,6.117904998581442,1.1363690476190458,1.1299608758479796,4.705887955182053
46,2020-08-07,19.0,20.639999,18.84,19.9,19.9,6480300,11275492.241152743,27942800,0.17952126904973287,1655408.035363772,83.49147022409761,35.97049527030384,5.11168755403102,452041.07591626444,910.4292333112235,18.099788670792496,0.870365205588163,17.38850005,19.438000360954202,15.338999739045798,23.573054663265243,1.1127103120152002,1.0,0.0,18.0086666,18.836666599999997,17.180666600000002,9.195572536169863,1.6421095410628046,1.0,0.0,15.07,20.639999,17.854999499999998,32.03265942423826,0.8671455775844841,1.2329937675117078,0.6815064241865905,0.4379614611834354,0.2435449630031551,17.973333416666666,16.946153884615384,18.122741616537727,17.441235192351137,19.93749191697156,37.0502809062234,13.204087348051344,1.1840216337522438,0.646319928186714,0.5377017055655298,0.44555526004481477,23.92928857339767,218.21854214720733,0.14150094999999752,121.94865823074781,58.042241786512754,63.906416444235056,18.719999,17.6849995,18.202499250000002,17.6849995,,17.22,100.0,16.0,84.0,17.85569468663155,,0.0,0.0,,77.52409985782539,1.0,1.0,1.0,25.54820939205126,64.18960056462456,81.17050890585239,87.63973858524746,-18.82949109414761,2.0113528970588277,18.466472577922957,15.162030372567688,0.199926741475051,-10.556505202800919,10.75643194427597,6.474044597429396,6.273105675842894,11.484593837534995
47,2020-08-10,19.860001,20.48,19.860001,20.26,20.26,3932100,12417065.159657463,31874900,0.23551006698091176,1621143.4588832348,84.2534411595709,6.780096894763623,4.539516402541837,490670.97938390105,926.8993098937383,18.31839067865322,0.8453285850293467,17.62600005,19.843696248671353,15.408303851328643,25.163919123798657,1.0938595087050382,1.0,0.0,18.327333333333332,19.168333033333333,17.486333633333334,9.17754574224291,1.6490293436886299,1.0,0.0,15.07,20.639999,17.854999499999998,31.601038149321916,0.9317775461000984,1.2329937675117075,0.8015180130985335,0.510672771566455,0.2908452415320786,18.200833333333332,17.10423080769231,18.451550598608847,17.650032585510314,21.902741538882328,35.149593954131426,12.526714979397902,1.2352943412297448,0.720362211830264,0.5149321293994807,0.5000359686456061,23.974540850880246,212.57496690269093,-0.4760000499999997,140.1547655435078,74.66494247762361,65.4898230658842,18.719999,17.6849995,18.202499250000002,17.6849995,,17.22,100.0,12.0,88.0,18.030001,,0.0,0.0,,79.18427268264338,1.0,1.0,1.0,30.59648347919944,62.27283213260779,90.33081424936393,88.16848042017249,-9.669185750636082,2.2719119058823516,19.089766664138907,15.573296316412094,0.3469219409650727,-8.37581977404772,8.722741715012793,1.8090452261306789,1.7928767090090503,13.501400560224086
48,2020-08-11,20.719999,21.190001,20.01,20.02,20.02,3623700,8854783.751675595,28251200,0.14890997758291094,1265310.393328486,88.05512299744147,14.002274746805709,6.160737550613613,28207.10998229077,915.9192588387285,18.51032276937368,0.8787958265264117,17.85650005,20.063255890006182,15.649744209993822,24.71655513484772,0.990199212522292,0.0,0.0,18.660000033333336,19.57299993333333,17.747000133333334,9.785636638467947,1.2447974346254957,1.0,0.0,15.73,21.190001,18.4600005,30.577106290210537,0.7857141418105968,1.2729916523651006,0.8672647791908155,0.5819911730913271,0.2852736060994884,18.439999999999998,17.286153884615384,18.692850506515178,17.825585727324363,24.167351112422534,37.53005668620305,11.334890038902016,1.2590674662407138,0.6571676733305413,0.6018997929101725,0.5541260640724633,24.104337570958368,188.79174973225656,-0.7265010499999995,159.48050374085224,91.46635849964585,68.01414524120639,18.994999999999997,17.9600005,18.47750025,17.9600005,,17.22,96.0,8.0,88.0,18.5520006,,0.0,0.0,,75.19652734491622,0.8368439591695238,0.9456146530565078,0.9818715510188359,33.50703750170346,52.34716852257485,73.88391790896523,81.79508035472718,-26.11608209103477,2.6010001411764705,19.396286527387044,16.734693877551027,-0.18099407294273248,-6.736854633826723,6.55586056088399,-1.184600197433372,-1.1916724933462852,12.156862745098017
49,2020-08-12,20.08,20.200001,19.559999,19.6,19.6,3226800,6031342.574929275,25024400,0.05544140499661924,890943.765710132,81.53731046437935,-14.280456179527674,4.3757961786828,-110621.46224949784,896.7041694924616,18.63594889852591,0.8549164438737705,18.01550005,20.243481035960468,15.78751906403953,24.734045458377032,0.8555909947132997,0.0,0.0,18.885000100000003,19.7650003,18.0049999,9.319567861691453,0.9062498508523071,0.0,0.0,15.97,21.190001,18.5800005,28.975054733493216,0.6954021656317695,1.542247791786992,0.875388145454675,0.6406705675639968,0.23471757789067826,18.645833416666665,17.45230773076923,18.832411967051307,17.957023821596632,25.45780612721837,35.55422421089205,14.439861412460854,1.1880932700603968,0.773080414150129,0.4150128559102678,0.5991961893833672,24.227819990832757,123.3589397777226,-1.0754990500000012,169.0300132194649,107.54358527926956,61.48642794019534,19.270000500000002,17.9600005,18.6150005,17.9600005,,17.22,92.0,4.0,88.0,19.07960068,,0.0,0.0,,68.67828288427653,0.5701541710073496,0.8023327100589577,0.9159824543718219,33.962903396077074,48.91834923980746,64.50892209423125,76.2412180841868,-35.49107790576874,2.73920612352941,19.429408563302644,14.419154373564178,-1.436102607470989,-5.676704228555576,4.240601621084587,-2.0979020979020935,-2.1202207650602656,9.80392156862746
50,2020-08-13,19.379999,19.860001,19.27,19.639999,19.639999,2189400,6587957.617615638,27213800,0.045198316664874616,776176.6292658269,80.85998332865093,-8.488627934571149,3.975523162666343,-63227.053333880314,898.534132251417,18.731465059703936,0.8284248994863936,18.1645,20.408473846550265,15.920526153449734,24.707245963833476,0.8287692060823999,0.0,0.0,19.09666676666667,19.92966686666667,18.26366666666667,8.724036609928238,0.8261297527655346,0.0,0.0,16.43,21.190001,18.8100005,26.204965729857683,0.6743693961408833,1.6467577072352446,0.8749674763399788,0.6875299493191932,0.18743752702078564,18.87083325,17.613076923076925,18.95665612596649,18.08168864962651,26.159534496706545,33.78821776870359,16.164055178884265,1.1725934802607558,0.7944492806201834,0.37814419964057244,0.6352885804250805,24.32025646326193,97.13252995569819,-0.36450100000000063,175.6144841180078,122.515225498289,53.099258619718796,19.3800005,17.9600005,18.6700005,17.9600005,,17.22,88.0,12.0,76.0,,21.190001,0.0,1.0,,68.95428918350731,0.5814467915768549,0.6628149739179093,0.8035874456777915,34.40904928243493,51.15932380058674,65.401756517073,67.93153217342315,-34.59824348292701,2.840706008823531,19.466252988836608,15.93859410043719,-4.73274013758715,-5.487911410361892,0.7551712727747413,0.2040765306122294,0.20386857733498687,10.028005602240885
51,2020-08-14,19.469999,20.719999,19.389999,20.41,20.41,2713200,8036361.697615635,29927000,0.05636364927425811,963746.6412564233,85.45049565867026,24.019534313725547,6.314419491234099,110841.10754763252,898.534132251417,18.891444902490235,0.8785824095377546,18.34450005,20.699778804245746,15.989221295754254,25.67830955137691,0.9384831193073483,0.0,0.0,19.339000033333335,20.241000133333333,18.436999933333333,9.328301343867661,1.0936806252386595,1.0,0.0,16.43,21.190001,18.8100005,25.94783715569288,0.8361342781230511,1.5296750019246148,0.9260913341408319,0.735242226283521,0.1908491078573109,19.088333333333335,17.815,19.180247491202415,18.254156157061583,27.435277329883515,37.11040139641292,14.424688676437313,1.1988684073458693,0.6976559173529435,0.5012124899929258,0.6712229316845385,24.534203502223885,118.29387841105537,-0.584500049999999,182.92558887739267,136.28961612448498,46.63597275290769,19.610000999999997,18.0550005,18.832500749999998,17.9600005,16.549999749999998,17.205,100.0,8.0,92.0,,21.151600979999998,0.0,0.0,,73.74978143520748,0.7776512789141947,0.6430840804994663,0.7027439214921111,36.390465481198376,54.87233980167429,82.23233155702437,70.71433672277621,-17.767668442975623,2.768264761764705,19.66473071192927,14.662927790052127,-6.207376937151573,-5.631804515719828,-0.5755724214317448,3.9205755560374644,3.8456724811931853,14.341736694677865
52,2020-08-17,20.51,20.969999,20.120001,20.15,20.15,2522100,5692286.770380512,27404900,0.0008043370083003935,732390.5496483623,85.80220315630845,16.514010943182306,7.101807548922033,74244.39356602589,887.0878375730549,19.02401283421482,0.8757239685839794,18.50700005,20.889511948228716,16.12448815177128,25.747143154394898,0.844804143731977,0.0,0.0,19.566000066666668,20.439000066666665,18.693000066666666,8.92364302387255,0.8344787705231004,0.0,0.0,16.709999,21.190001,18.95,24.207067530644974,0.7678570232781146,1.2832382059986789,0.9348511505472992,0.7751640111362768,0.15968713941102242,19.287499999999998,17.99423076923077,19.329440184863582,18.394589034316283,28.782053082037717,36.57955050692779,13.430041447827126,1.2335425914643554,0.7014107682462016,0.5321318232181538,0.7007879952769375,24.739609403733965,116.80586435677819,-0.5970000499999983,190.63389873386103,148.83217924943585,41.80171948442518,19.610000999999997,18.1300005,18.87000075,17.9600005,16.549999749999998,17.205,96.0,4.0,92.0,,21.113968960399998,0.0,0.0,,69.82761912245735,0.4471173186579042,0.6020717963829845,0.63599028360012,36.79473877764311,48.87390119282737,76.30978300237675,74.64795702549137,-23.690216997623246,2.699441132352945,19.734117904970844,13.457207207207189,-7.81565145793202,-6.068573904162267,-1.7470775537697536,-1.2738853503184822,-1.282068842906181,12.885154061624625
53,2020-08-18,20.16,20.16,19.280001,19.370001,19.370001,2784800,3477105.599492816,24620100,-0.005306828871451285,317457.4403843105,80.33009429349809,-26.070049375197563,4.599962445671217,-139927.23389432777,887.0878375730549,19.13553692098846,0.8761514717255816,18.6205001,20.939521057128587,16.301479142871415,24.90825643430045,0.6615985611721314,0.0,0.0,19.700333433333334,20.615333433333333,18.785333433333335,9.289182876994376,0.319490473588341,0.0,0.0,16.709999,21.190001,18.95,24.05951492140643,0.593750181361526,1.8711779396754784,0.8688385377541081,0.793898916459843,0.07493962129426512,19.40916675,18.142692346153844,19.335680310269183,18.466841772515075,28.695491566583993,33.96809417960687,19.285873197616727,1.1689031837258375,0.8034728182277532,0.3654303654980843,0.7142563447459875,24.97152318185732,59.7058726204305,-0.4705001000000024,194.1967138486819,159.87511328536607,34.321600563315826,19.610000999999997,18.1300005,18.87000075,17.9600005,16.549999749999998,17.205,92.0,4.0,88.0,,21.077089581192,0.0,0.0,,59.58910228484377,0.0,0.4082561991906995,0.5511373586910501,33.74386095655934,40.738243179375466,58.542160117466906,72.36142489228934,-41.4578398825331,2.4207940588235317,19.717330159342886,8.151876046901164,-8.411335947906895,-6.537126312911193,-1.8742096349957027,-3.8709627791563284,-3.947875934756251,8.51541176470587
54,2020-08-19,19.34,19.9,19.299999,19.709999,19.709999,1984100,4204604.413494798,26604200,-0.006354909931306266,368476.3820151237,83.68523585249437,-3.628885640895117,4.653159050896226,-72972.03574996674,902.6587242549485,19.213561998795335,0.8485364245530234,18.741999999999997,21.02165420623427,16.462345793765724,24.326690921292002,0.7123126826324738,0.0,0.0,19.813000066666667,20.745000066666666,18.881000066666665,9.407964436117823,0.4447419170243209,0.0,0.0,16.709999,21.190001,18.95,23.903542844947175,0.6696425581952867,2.0827628697690423,0.8343403079274871,0.8019871947533719,0.03235311317411527,19.539166666666663,18.30807692307692,19.393267800997,18.55892749306951,28.615113016519818,32.27617007797859,18.32525899561111,1.1867323964125458,0.8149060151284229,0.37182638128412293,0.7188059361968182,25.094847516035767,54.707090052039256,-0.5019999999999989,196.8963759254985,170.0978891375572,26.7984867879413,20.0150005,18.4600005,19.2375005,17.9600005,16.549999749999998,17.205,88.0,4.0,84.0,,21.040947789568158,0.0,0.0,,62.191458474033396,0.13280599945596044,0.1933077727046215,0.40121192275943524,32.10691971626532,40.05736287864128,61.45829128690332,65.436744802249,-38.54170871309669,2.266117517647057,19.716960724154458,8.595035812672183,-10.872909132762395,-7.4042828768814335,-3.4686262558809613,1.7552812723138356,1.7400541383830959,10.420162464985982
55,2020-08-20,19.42,19.639999,19.120001,19.129999,19.129999,1618200,2648630.666672714,24986000,-0.03661722439201132,181757.47029867786,80.43611641550882,-7.069540229946874,3.37847678524789,-12791.731532148384,876.0964671960887,19.27406970417543,0.8226825820977212,18.8219999,21.03729755349977,16.606702246500234,23.539450273823107,0.569516414535405,0.0,0.0,19.889999933333335,20.790999733333333,18.989000133333334,9.059827079134655,0.07824578133461693,0.0,0.0,16.709999,21.190001,18.95,23.801944659451404,0.5401783302775316,2.6734352162510744,0.7515358223604487,0.7918969202747872,-0.040361097914338506,19.61333325,18.412307653846153,19.352764908535924,18.601229086175476,28.25962714830981,30.659016861176248,18.935670493459007,1.1217108230718837,0.8404607074262773,0.2812501156456064,0.7091769453505807,25.08347678150804,29.525283836328455,-0.34199990000000113,195.02278731143141,178.2172368131887,16.805550498242724,20.155001,18.5800005,19.367500749999998,17.9600005,16.379999750000003,17.205,84.0,4.0,80.0,,21.005528833776793,0.0,0.0,,55.61223139125451,0.0,0.044268666485320074,0.21527754612688035,28.513002467257824,40.77143996255018,43.093883123236765,54.36477817586899,-56.90611687676324,2.146764461764704,19.708856269619204,4.879380482456157,-13.863446890105696,-8.696115679526287,-5.167331210579409,-2.942668845391616,-2.986833925071508,7.170862745098039
56,2020-08-21,19.17,19.219999,18.549999,18.68,18.68,1506800,1726563.5227921158,23479200,-0.028310113268356446,58926.618370294935,71.90432847391983,-22.010264799575246,1.4995060168498981,-83063.04136197007,855.4878652750026,19.608638182222645,0.8074143238879493,18.898499899999997,20.97913700310125,16.817862796898744,22.019071504201808,0.4474920687335824,0.0,0.0,19.792333233333334,20.580333133333333,19.00433333333333,7.962678181599002,-0.20579528838349564,0.0,1.0,16.709999,21.190001,18.95,23.705595807633387,0.4397321697624243,3.5041626063831677,0.6421986462340179,0.7619572654666333,-0.11975861923261544,19.629999916666666,18.489999961538462,19.24926261491501,18.607063968680993,27.089562671912383,28.888872398273218,22.754319875985132,1.05902491326772,0.9315655882174806,0.1274593250502395,0.6841653415543141,25.12352037227949,-5.648234142132918,-0.2084988999999986,185.78538186879385,183.28730529377603,2.4980765750178193,19.869999999999997,18.8100005,19.34000025,17.9600005,16.14500025,17.205,80.0,4.0,76.0,,20.93010772042572,0.0,0.0,,51.09577937016115,0.0,0.044268666485320074,0.09394836855842055,24.029351720407483,40.7740555432794,20.56958860759497,41.70725433924502,-79.43041139240503,1.822911549999997,19.650687096197633,1.0822510822510785,-16.64118984631264,-10.285130512883558,-6.35605933342908,-2.352321084805087,-2.3804298377548605,4.6498599439775745
57,2020-08-24,18.76,19.059999,18.290001,18.940001,18.940001,2029500,3123500.9940582626,25508700,-0.03370342425655165,125890.2485316811,66.68943764469665,-7.967421039763493,0.7639410633944611,-7196.806787855963,855.4878652750026,19.652747995651517,0.8036726914991543,18.988999999999997,20.905015413299594,17.0729845867004,20.18026661013847,0.48721330745570135,0.0,0.0,19.64866656666667,20.451666366666668,18.845666766666664,8.173580606861794,0.05873864061568543,0.0,0.0,16.799999,21.190001,18.994999999999997,23.118658170519772,0.487471759693959,3.9980529074784483,0.5699579339271672,0.7235573991587402,-0.15359946523157297,19.650833249999998,18.571923115384614,19.201683904928085,18.631725971000918,25.64637218598992,26.96221070446021,23.48871687562761,0.996666831944513,0.9291668871528692,0.06749994479164378,0.6516979925893087,25.18235615818335,-16.60504711637815,0.9110000000000014,175.3795741788945,185.05386867578073,-9.674294496886233,19.630000000000003,18.8100005,19.220000250000002,17.9600005,15.97749975,17.205,76.0,24.0,52.0,,20.787301197200176,0.0,0.0,,53.44818314959365,0.08374973172331472,0.027916577241104832,0.03881797007058166,21.161755407246925,43.55012217990629,28.797468354430382,30.820313361754035,-71.20253164556962,1.3518527264705895,19.603927216970547,1.3376136255958468,-17.27837594551561,-11.683779599409968,-5.594596346105641,1.391868308351163,1.3822707755544617,6.106448179271684
58,2020-08-25,19.16,19.309999,18.780001,19.209999,19.209999,1581000,4107894.9691298613,27089700,0.005707000504214454,168886.90417001263,66.32140987072864,12.40349525616702,1.2752336384174099,50785.81396329618,867.683219047609,19.691539718515088,0.7763052223492392,19.102499899999998,20.7727318856839,17.432267914316096,17.487051374714593,0.5321808889188482,0.0,0.0,19.51799983333333,20.255999333333335,18.780000333333334,7.562245171655619,0.2913272073129221,0.0,0.0,16.799999,21.190001,18.994999999999997,22.981295762236854,0.5489746929500261,4.29576380848178,0.5284021401377288,0.6845263473545379,-0.15612420721680909,19.593333166666667,18.66076923076923,19.202963150323765,18.674561010186036,24.600105716939055,27.91414454405794,22.382226901284,1.0207816413525757,0.934330967607379,0.08645067374519666,0.6174550507021955,25.20735746436015,0.9142445828890539,1.1575001000000036,167.69214086767698,184.90521619224876,-17.213075324571776,19.630000000000003,18.95,19.29,17.9600005,15.9925,17.205,72.0,20.0,52.0,,20.58751718142416,0.0,0.0,,55.824566799320124,0.16835318920639838,0.08403430697657095,0.05207318356766529,19.555644900479393,40.90077137306464,37.34170886075953,28.902921940928294,-62.65829113924047,1.105823214705886,19.590953065300145,-3.4673417085427074,-19.09693718265688,-13.16641111605935,-5.93052606659753,1.4255437473313703,1.4154784168002088,7.619042016806721
59,2020-08-26,19.48,19.639999,19.02,19.459999,19.459999,1799300,4862438.445329018,28889000,-0.018385024778840305,209020.91786001084,65.5080735587019,9.820452676068458,2.142508207252813,45954.03734891095,867.683219047609,19.764170388734613,0.7606746001143152,19.1854999,20.750229361728636,17.620770438271364,16.311583955429125,0.5877145560027824,0.0,0.0,19.47666643333333,20.212665633333337,18.740667233333333,7.557753299511013,0.488677003090944,0.0,0.0,16.799999,21.190001,18.994999999999997,22.881874451444443,0.605922275206253,4.4722588131763885,0.5097655251729236,0.6495741829182151,-0.1398086577452915,19.526666416666668,18.751538423076923,19.242507127197033,18.73274160202411,24.004230028573115,29.332137379610284,21.12834914870979,1.0651438681176773,0.9153978276804249,0.14974604043725237,0.5850595972191548,25.209429550534942,17.61806803397875,0.8345000999999996,163.2315675367166,183.52933657210528,-20.297769035388683,19.630000000000003,18.95,19.29,17.9600005,16.1700005,17.205,68.0,16.0,52.0,,20.403715886910227,0.0,0.0,,57.96431276870395,0.2445319270824148,0.1655449493373759,0.09249861118501723,18.886174281290476,46.679440406154356,40.34475862068966,35.49464527862653,-59.65524137931034,0.9259408764705839,19.58999370659986,-3.9486722606120517,-19.77144917844914,-14.487418728537309,-5.28403044991183,1.3014055857056617,1.2930100646153075,9.01960224089635
60,2020-08-27,19.51,19.84,19.309999,19.76,19.76,1864700,6164211.205569103,30753700,-0.021166812787206606,259076.76740858122,60.712692189372284,6.963599774762707,0.0705871004284463,52162.947818029366,867.683219047609,19.751384461191826,0.7376072401028836,19.285499899999998,20.723546619825743,17.847453180174252,14.913242874515747,0.6649807664306974,0.0,0.0,19.481333066666668,20.211332266666666,18.751333866666663,7.494345458823444,0.6908679717274597,0.0,0.0,17.35,21.190001,19.270000500000002,19.91133763662511,0.6276040032281246,4.552532919583255,0.5132865986315771,0.6223166660608875,-0.10903006742931043,19.50499975,18.846923,19.322121415320566,18.80883481668899,23.673047041574687,29.744291911589137,20.09213759646257,1.0384614607987792,1.0701922452847332,-0.03173078448595401,0.5573891925252634,25.180594164365903,35.97914236218684,0.3145001000000036,157.47439222968978,180.7014258334716,-23.22703360378182,19.630000000000003,18.95,19.29,17.9600005,16.2175005,17.205,64.0,12.0,52.0,,20.23461869595741,0.0,0.0,,60.44058634213707,0.3326916423752493,0.2485255862213541,0.16603494751176698,19.076966202562186,53.25251455732894,50.68962068965524,42.79202939036815,-49.31037931034476,0.8374407911764692,19.59112232880257,-1.2987012987012887,-19.958843513281515,-15.58170368548615,-4.377139827795364,1.5416290617486839,1.529866694932558,10.700280112044824
61,2020-08-28,19.959999,20.59,19.790001,20.559999,20.559999,2033500,8045193.431171892,32787200,-0.015239104176950678,454465.51013592666,58.3013355732563,24.194747233784085,1.3144906960727651,111074.58942718054,867.683219047609,19.731646955533815,0.7468465160925951,19.41799985,20.812353828587124,18.023645871412878,14.361458331014695,0.9095083341595833,0.0,0.0,19.495333133333336,20.172332233333332,18.818334033333336,6.945242693416276,1.2863126159744307,1.0,0.0,17.57,21.190001,19.3800005,18.642501946460765,0.8259663464181369,4.552532919583255,0.5740134385364293,0.6126560205559959,-0.03864258201956661,19.584999666666665,18.963461384615385,19.512564120655863,18.938550682119434,24.11662345399958,34.37504377027119,18.55723043607554,0.983977279539031,0.9802072498425072,0.0037700296965238467,0.5415607335167182,25.186974395673342,100.1667323259815,0.22199914999999848,150.28891563705696,176.21864993382673,-25.929734296769766,19.4400005,18.95,19.19500025,17.9600005,16.345000499999998,17.205,100.0,8.0,92.0,18.290001,,1.0,0.0,,66.16462874361763,0.6252440542194259,0.40082254122569666,0.2716310255948089,21.12470372858105,57.6561839256569,78.27579310344835,56.43672413793109,-21.72420689655165,0.9671175470588231,19.59821669946381,4.897954081632651,-19.36597461191917,-16.338557870772757,-3.027416741146414,4.048577935222664,3.968769962910912,15.18206722689075
62,2020-08-31,20.440001,20.440001,19.940001,19.98,19.98,2684900,5789866.69157191,30102300,-0.06560005055058234,167079.10653079403,47.93323312610442,9.311333731938272e-06,0.31432887925333824,6586.616804911668,867.683219047609,19.6856922279913,0.7341616644833359,19.50949985,20.794932900532675,18.224066799467327,13.177509012694392,0.683012312389598,0.0,0.0,19.46599986666667,20.107999166666666,18.824000566666665,6.596109158506176,0.9003120667992431,0.0,0.0,18.030001,21.190001,19.610000999999997,16.19723736792771,0.617088291139241,4.603667686430313,0.5687822568261396,0.6038812678100246,-0.035099010983885015,19.613333083333334,19.072307538461537,19.584477332862654,19.015695076036515,24.528515836965557,32.3848526968754,17.482833713626366,0.9711444575135522,1.0527364546423066,-0.08159199712875442,0.5268132077567461,25.187376598704283,73.46152468050173,0.9005001499999992,139.18147649298152,170.10584578319333,-30.924369290211814,19.4400005,18.95,19.19500025,17.9600005,16.345000499999998,17.205,96.0,4.0,92.0,18.33600098,,0.0,0.0,,59.44853656245761,0.36871000401223725,0.44221523353563735,0.363854453660896,20.673844733806686,58.32214697762042,63.05971123859046,64.00837501056469,-36.94028876140954,1.1255588941176455,19.601087931166298,1.7311660759249576,-16.459330597025023,-16.36271241602321,-0.09661818100181208,-2.8210069465470333,-2.861561872842344,11.9327731092437
63,2020-09-01,19.75,20.059999,19.58,20.040001,20.040001,1992500,7616341.283185635,32094800,-0.024380061252347974,160289.51881210913,49.944595976213876,-8.913442910840683,0.6976869698738375,-69757.63229963314,870.2889177876528,19.688691838408864,0.7087453980350026,19.599499899999998,20.763071303740222,18.435928496259773,11.873480544676802,0.6892883834133601,0.0,0.0,19.4949998,20.096999099999998,18.8930005,6.175935431402254,0.9526593303347713,0.0,0.0,18.030001,21.190001,19.610000999999997,16.122860359309477,0.6360759493670891,4.570847191971987,0.5629883081149352,0.5957026758710068,-0.032714367756071616,19.582499833333333,19.18423069230769,19.654557897037634,19.0915695889227,24.283047996871748,30.89358847430616,20.131412564995472,0.9797777348612078,0.991911316391624,-0.012133581530416215,0.5129683838136497,25.186371312648156,41.02493128128593,0.5505001000000007,133.08775631742776,163.01599916007436,-29.928242842646597,19.4400005,18.994999999999997,19.21750025,17.9600005,16.5100005,17.205,92.0,8.0,84.0,18.381080960400002,,0.0,0.0,,59.90198671358437,0.38872634151519897,0.4608934665822873,0.4346437471145405,20.46031064428362,65.7742452100645,65.29855619295235,68.87802017833037,-34.701443807047646,1.1714411617647045,19.613509540297827,-1.8128319451249386,-16.346569963860507,-16.35948392559067,0.012913961730163237,0.3003053053053151,0.299855289645512,12.268913165266104
64,2020-09-02,20.09,22.43,19.950001,22.370001,22.370001,8137300,15359907.364180014,40232100,0.12030128881398663,2845949.444696091,65.35028684619593,41.75342079066767,4.286404735962324,952086.7795104432,870.2889177876528,20.13216715669037,0.8858707582315024,19.79399995,21.371040405283956,18.216959494716043,15.934530254295131,1.3167200281289464,1.0,0.0,19.689666600000002,20.4796657,18.8996675,8.024504589630796,2.196416109841134,1.0,0.0,18.030001,22.43,20.2300005,22.228953274297655,0.9863638605372408,4.497078872167658,0.737902014302847,0.6241425435573749,0.1137594707454721,19.767499916666665,19.393076846153846,20.072318374416458,19.33441636011361,25.88276133186153,44.08384868756017,16.025421572791245,1.0390494455512178,0.763157823250754,0.2758916223004638,0.5240833417790084,25.493661577156974,236.23472757118904,-0.42399895000000143,139.39323358094978,156.8349376344653,-17.441704053515508,20.360000499999998,19.6149995,19.987499999999997,18.58,16.5700005,17.205,100.0,4.0,96.0,18.425259341192003,,0.0,0.0,,72.67844634482218,0.9527087934701699,0.5700483796658686,0.4910523599279311,25.351201256893667,73.72736393639293,98.55074844220974,75.63633862458418,-1.4492515577902616,1.4041766558823525,19.92640893196455,11.017374689826303,2.3138790074151334,-12.62481133898951,14.938690346404643,11.626745926809079,10.999049408790151,25.322134453781487
65,2020-09-03,22.6,22.700001,21.16,21.35,21.35,4165200,12222483.32016966,36066900,0.035656022526964676,1832455.5004252228,67.01436820223552,27.360048497070984,4.52501289191557,756183.3046938266,830.6065071148809,20.311204601912422,0.9512837824083522,19.926999900000002,21.556958533095333,18.29704126690467,16.359297849901942,0.9365141762210516,0.0,0.0,19.933666666666664,20.825666066666667,19.041667266666668,8.949677095700737,1.2939093531527794,1.0,0.0,18.290001,22.700001,20.495001000000002,22.13077744834033,0.6938773242630388,4.659266964156469,0.7851659263953401,0.6563472201249679,0.12881870627037217,19.932499833333335,19.529615346153847,20.268884778352387,19.483718851957047,27.513932382558988,40.89704791415228,14.101983821484174,1.129274680735737,0.8165135097288247,0.31276117100691225,0.5390961999049732,25.731997810865547,215.2433446324962,-0.21700090000000216,142.07660537437866,151.9784069128636,-9.901801538484932,20.495001000000002,19.75,20.1225005,18.715000500000002,16.7349995,17.205,96.0,4.0,92.0,18.585448967544323,,0.0,0.0,,63.18676494103173,0.5602173996877178,0.6338841782243622,0.554942008157506,25.514909914464173,62.274295011458285,69.38773242630388,77.74567902048865,-30.61226757369612,1.722823899999998,20.034876894197154,10.22198708198313,4.718662251137727,-9.156116620964063,13.874778872101789,-4.559682406808996,-4.6669080530130636,19.6078431372549
66,2020-09-04,21.1,21.440001,20.209999,20.65,20.65,3655100,11182415.905645125,32411800,-0.0016607666004264015,1205166.1432216181,58.20186707040269,-37.185106426664106,0.689361651212255,-309759.235870704,803.373506881606,20.348395294579277,0.9791556041675168,19.9644999,21.62448188050521,18.30451791949479,16.629336961305118,0.7064781750797585,0.0,0.0,20.128666733333333,21.076666333333332,19.180667133333333,9.419397842482033,0.7749649191131865,0.0,0.0,18.290001,22.700001,20.495001000000002,22.089208455454475,0.5351471655328794,5.080907873033653,0.7574078412667227,0.676559344353319,0.08084849691340368,20.01083325,19.64076919230769,20.3275178893751,19.570110048108376,27.68352644155405,37.07002510321032,20.00984983406355,0.9894906165266222,0.9442197744170108,0.04527084210961141,0.5473909574955994,25.952891165225637,88.55809101282878,-0.8345008999999983,139.98198812947803,148.0453417962618,-8.063353666783769,20.740001,20.0250005,20.38250075,18.715000500000002,16.7349995,17.205,92.0,4.0,88.0,18.832322089491665,,0.0,0.0,,57.62479033564881,0.3025117782317172,0.6051459904632016,0.6030261827844775,23.48409196675267,59.677919893476606,53.51471655328795,73.81773247393386,-46.48528344671205,1.7292355647058812,20.071820651457596,4.76915802989132,5.236915450075842,-6.277510206756082,11.514425656831925,-3.2786885245901787,-3.333642026759165,15.68627450980391
67,2020-09-08,20.200001,20.639999,19.92,19.959999,19.959999,2594800,8875920.20940109,29817000,-0.0647294025114999,777226.037789959,58.37211911043887,-15.122545668240246,1.4713262017092064,-206542.23020902666,776.5295106045206,20.391442509256628,0.9542400437507649,19.949499850000002,21.603942402463566,18.295057297536438,16.586306071864392,0.5031730173962111,0.0,0.0,20.269666633333333,21.212666333333335,19.326666933333335,9.304540790515448,0.33580714111927323,0.0,0.0,18.290001,22.700001,20.495001000000002,22.10581735461403,0.3786843537414965,5.679031998987854,0.6719858105674739,0.67564463759615,-0.003658827028676148,20.07999991666667,19.719615307692308,20.27097652177893,19.598990711211457,27.47024773619996,34.97800500747042,21.122510345634563,1.0335514894688167,0.9418985803102686,0.09165290915854807,0.5424518117961661,25.95842665844564,23.58331968158132,-1.2694998500000025,132.42823909361326,144.1271304880325,-11.698891394419235,20.860000499999998,20.1350005,20.4975005,18.715000500000002,16.854999749999998,17.205,88.0,4.0,84.0,19.064382824122166,,0.0,0.0,,52.70039289013569,0.07434732333397104,0.31235883375113527,0.5171296674795663,20.029624848917233,55.49221182768484,37.86843537414965,53.59029478458049,-62.13156462585035,1.6603235441176487,20.069228349844703,4.338735198052014,3.0073848205184253,-4.4205312013011815,7.427916021819607,-3.341409200968515,-3.3985098623925403,11.820722689075613
68,2020-09-09,20.23,20.23,19.299999,20.1,20.1,2219000,10474555.285062304,32036000,0.030388455511905884,710574.0636771083,52.94207207527821,-21.584070076611127,0.18881302772949127,-71138.64573810164,781.9761495554617,20.400820726174576,0.9518161393756884,19.95349985,21.60899136740568,18.29800833259432,16.59349517478939,0.5442467232419232,0.0,0.0,20.347333300000003,21.3303333,19.3643333,9.662199812689956,0.374194659206512,0.0,0.0,18.290001,22.700001,20.495001000000002,22.101385887949878,0.41043061224489824,6.226263895626813,0.6085699311242685,0.6622296963017738,-0.05365976517750526,20.19833325,19.794615307692307,20.244672441505248,19.63610251038098,26.521731628549098,32.46440774332758,24.395417328030653,0.9816732980111385,0.9553784647227718,0.02629483328836668,0.5293489628625774,26.018783363673673,-6.41615747317422,-1.0134988500000013,126.92264045454694,140.0928052566803,-13.170164802133357,21.0,20.365001,20.6825005,18.715000500000002,17.214999249999998,17.205,84.0,4.0,80.0,19.282519914674836,,0.0,0.0,,53.567419958302445,0.11451970189982125,0.1637929344885031,0.36043258623428004,17.736002674197113,55.50705330116262,41.043061224489826,44.14207105064247,-58.95693877551017,1.5713824117647057,20.06985341751013,7.60171306209851,0.21828724064310023,-3.4927675129123252,3.7110547535554255,0.7014078507719512,0.6989594281913813,12.605042016806722
69,2020-09-10,20.51,20.559999,19.42,19.58,19.58,2386600,8757878.679731933,29649400,0.05197163861085473,431773.1974375204,51.85796120278416,10.74749748596336,1.4614585788659364,-46178.64536351023,781.9761495554617,20.413242613544043,0.9706344254381195,19.95249985,21.608868215733345,18.296131484266652,16.603116182790963,0.38755525108236455,0.0,0.0,20.395333333333333,21.43033333333333,19.360333333333333,10.149380577256219,0.1061191626409012,0.0,0.0,18.290001,22.700001,20.495001000000002,22.1024935880403,0.29251678004535103,6.860604418865659,0.5104683739408564,0.6318774318295903,-0.1214090578887339,20.251666500000002,19.84615376923077,20.142415142812133,19.631946768871277,25.92334404469491,32.15966686732583,22.281665270661303,1.0106869506438745,0.9175572204416871,0.0931297302021874,0.5049680962921101,26.15418304282402,-9.515062759519898,-0.742500849999999,118.37077711920023,135.74795913329257,-17.37718201409234,21.0,20.365001,20.6825005,18.715000500000002,17.214999249999998,17.205,80.0,48.0,32.0,,22.700001,0.0,1.0,,49.90807908430763,0.0,0.06295567507793069,0.17970248110585638,14.638119335812302,53.65510124423799,29.2516780045351,36.05439153439153,-70.74832199546489,1.2574116529411725,20.067124644888743,3.379086410819089,-1.612145297846941,-3.1166430698992484,1.5044977720523074,-2.5870646766169347,-2.621117796266592,9.691876750700267
70,2020-09-11,19.559999,19.65,19.25,19.549999,19.549999,1892000,9703869.21973194,27757400,0.05973230125633674,361982.4703750179,51.30461437191895,-11.41647991543341,2.2181574991617823,-64641.85860584741,780.7779847718656,20.429800216449685,0.9135709828943075,19.94799985,21.608224290731478,18.28777540926852,16.64552289167457,0.38013643208847003,0.0,0.0,20.38,21.4019999,19.3580001,10.029439646712454,0.09393293482709643,0.0,0.0,18.290001,22.700001,20.495001000000002,22.107479612799377,0.2857138321995464,7.29980241084299,0.425397633994411,0.5905814722625545,-0.16518383826814353,20.27999983333333,19.887307576923078,20.051274197764112,19.6258765637697,25.157383439058158,31.140122084539897,22.922638878222543,1.0420889485927314,0.9540139337544561,0.08807501483827529,0.47293214899417374,26.119504809657464,-51.112137339790536,-0.4880008499999988,109.68605137917655,131.23652977130587,-21.55047839212932,20.9750005,20.365001,20.67000075,18.715000500000002,17.229999749999998,17.205,76.0,44.0,32.0,,22.63440098,0.0,0.0,,49.6971431204858,0.0,0.03817323396660701,0.08830728117768027,12.175905776690579,53.63361357259755,28.571383219954637,32.95537414965985,-71.42861678004536,0.7006762294117657,20.063568811151857,1.7699115965596868,-4.461775116457449,-3.385669479210889,-1.0761056372465605,-0.15322267620019314,-0.15334018218862155,9.523803921568618
71,2020-09-14,19.82,20.26,19.700001,20.190001,20.190001,2012000,11212875.507243149,29769400,0.06172374560614954,494225.54946430086,56.2037838191289,14.751478628205845,3.840936046873878,62967.22082134045,780.7779847718656,20.496896015265644,0.893213984604877,19.936999899999996,21.587722554355476,18.286277245644516,16.55938870075914,0.5766334366746744,0.0,0.0,20.353666733333334,21.35166663333333,19.355666833333334,9.806585841022612,0.4180031313964391,0.0,0.0,18.290001,22.700001,20.495001000000002,22.119677093442736,0.4308390022675734,7.507684725513351,0.40495322367745956,0.5534558225455356,-0.14850259886807604,20.340833333333332,19.944999884615388,20.07261678272348,19.66766355904602,24.978227655389354,34.269880610652855,21.612880827896824,1.0861392460672272,0.8895848691597291,0.1965543769074981,0.44291993925442774,25.796520373137046,14.523861289733851,-0.17699989999999488,103.52679542243352,127.27489854124497,-23.748103118811443,20.9750005,20.495001000000002,20.73500075,18.715000500000002,17.29000025,17.205,72.0,40.0,32.0,,22.4990249408,0.0,0.0,14.749889555503195,54.14916518467144,0.19372365530041433,0.0645745517668047,0.055234486937114136,11.491704366717599,46.43946015743194,35.96938775510203,31.26414965986392,-64.03061224489798,0.4427057264705887,20.064776123660028,3.7512951567983066,-6.431003575379021,-3.9947362984445154,-2.436267276934506,3.2736676866326198,3.221224657373689,13.109249299719883
72,2020-09-15,20.219999,20.280001,19.530001,19.559999,19.559999,1718700,9631662.340843162,28050700,0.07776106534667687,268938.4084836871,52.178975673932584,-3.2728006632921245,2.7212006240553674,12236.457165089836,756.4148511612113,20.522270457710604,0.8788925861443893,19.90749985,21.563022848028886,18.251976851971115,16.632153816431003,0.3950480149131893,0.0,0.0,20.3206667,21.3436666,19.2976668,10.068566303486492,0.12821711908280878,0.0,0.0,18.290001,22.700001,20.495001000000002,22.152455271775377,0.2879814058956918,8.072603708609067,0.33406410193423497,0.5095774784232755,-0.17551337648904053,20.324166583333334,19.931922923076925,19.99375250845833,19.659688406524094,24.586829487645755,32.17829122994668,21.67719640853602,1.0338720554272516,0.9091607390300235,0.1247113163972281,0.40823663263810717,25.588221521156413,-12.548015919993823,0.6524991500000006,96.60320036298474,123.22105899075132,-26.61785862776658,20.9750005,20.495001000000002,20.73500075,18.715000500000002,18.202499250000002,17.6849995,68.0,36.0,32.0,,22.369063943167998,0.0,0.0,7.3749447777515975,49.504498014562515,0.0,0.0645745517668047,0.05577411250007214,9.427770218566064,46.473582926830495,14.673881882097357,26.404884285718,-85.32611811790264,0.28667657058823437,20.05953184553052,-1.0121508097166008,-8.897586732700667,-4.975306385295746,-3.9222803474049206,-3.1203663635281487,-3.170086837228947,9.579826330532203
73,2020-09-16,19.85,19.91,19.35,19.41,19.41,3366400,6986633.769414576,24684300,0.06848982408671396,158381.97390030272,46.06518256664272,-4.57463640684406,1.6929799752759018,-79445.51682368963,756.4148511612113,20.49321234430592,0.8470033275299503,19.9094998,21.56251541251014,18.256484187489857,16.605295252170446,0.34891255829051215,0.0,0.0,20.287000033333335,21.318000033333334,19.256000033333333,10.164144509350583,0.0746847559004206,0.0,0.0,18.290001,22.700001,20.495001000000002,22.150230012307993,0.25396802721088435,8.724996824086725,0.26275146123017734,0.4602122749846559,-0.19746081375447855,20.228333333333335,19.899230615384617,19.90394443023397,19.641192969003793,23.98048746291079,30.672963633402222,22.16679719607821,1.0015466356112426,0.9628769556939711,0.03866967991727144,0.36967788530759244,25.311713804266187,-40.46146779436805,0.07050020000000146,88.36731127665169,117.55151206805151,-29.184200791399817,20.9750005,20.495001000000002,20.73500075,18.715000500000002,18.202499250000002,17.6849995,64.0,32.0,32.0,,22.24430138544128,0.0,0.0,3.6874723888757988,48.4391524847865,0.0,0.0645745517668047,0.0645745517668047,7.450485085650629,44.28127032442508,4.637679815165274,18.42698315078822,-95.36232018483473,0.19423547941176622,20.050194725462394,-5.593380622246144,-5.757447287611086,-5.131734565758814,-0.6257127218522722,-0.7668660923755732,-0.7698216301006866,8.739495798319318
74,2020-09-17,19.0,19.09,18.65,18.870001,18.870001,2730200,6986646.179414567,21954100,0.053513461182544526,-74859.06091402686,40.94637086809761,-12.24818694601134,0.3207094952206126,-101771.7445747413,735.3708911811906,20.425056182565406,0.8383029947769554,19.867499900000002,21.580262605689967,18.154737194310037,17.24185442869905,0.20880411609669716,0.0,0.0,20.015666666666668,20.842666766666667,19.18866656666667,8.263527903142531,-0.19266355993588785,0.0,1.0,18.290001,22.700001,20.495001000000002,22.197055604364188,0.13151927437641683,9.637765901983354,0.16080857223149536,0.4003315344340238,-0.23952296220252844,20.135833416666667,19.854999884615385,19.744876210197972,19.584067637966477,22.53437777177652,28.710003245472386,26.642609834088955,0.9414892857142857,1.0167173252279638,-0.07522803951367807,0.3240617881486006,25.08167973666836,-112.17649265376865,0.17250109999999808,70.05247691519622,109.54883112814235,-39.49635421294613,20.0450005,20.495001000000002,20.27000075,18.715000500000002,18.47750025,17.9600005,60.0,28.000000000000004,31.999999999999996,,22.124529330023627,0.0,0.0,1.8437361944378994,44.708972470975844,0.0,0.0,0.043049701177869805,4.62012491964478,45.1019719068778,5.432122115525399,8.247894604262674,-94.5678778844746,-0.07505853823529662,19.777117897613376,-5.55555055055056,-5.148688185625177,-5.135125289732087,-0.013562895893090676,-2.7820659453889784,-2.8214984806290477,5.714291316526587
75,2020-09-18,18.68,18.700001,18.059999,18.459999,18.459999,7785000,8932865.769353328,14169100,0.10806102885727872,-520145.70506916434,32.21552952660656,-4.028272061657014,-1.6952204544537517,-245106.2241574769,735.3708911811906,20.09793166419376,0.8354728952992595,19.833999900000002,21.627459497315314,18.04054030268469,18.084699065822946,0.11694121739436208,0.0,0.0,19.6826666,20.419666799999998,18.9456664,7.488824710367231,-0.3294893271399392,0.0,1.0,18.059999,22.700001,20.380000000000003,23.394181826127763,0.0862068593935948,10.710205398208533,0.04639949883103256,0.3295451273134256,-0.28314562848239305,20.004166583333333,19.81115369230769,19.547202793244438,19.500803294413405,21.311078080412596,26.7454538612388,29.803737079238,0.8493148631179815,1.0928462567966126,-0.24353139367863108,0.27101781264953384,24.93441966560195,-148.6608329544775,2.5360010999999965,53.87071348094623,99.98091172274992,-46.110198241803694,19.349999,20.380000000000003,19.864999500000003,18.715000500000002,18.6150005,17.9600005,56.00000000000001,100.0,-43.99999999999999,,21.916057570222208,0.0,0.0,0.9218680972189497,42.06055779506135,0.0,0.0,0.021524850588934902,1.4402705843388648,40.30735913481623,8.62068593935948,6.23016262335005,-91.37931406064052,-0.3099408911764705,19.503751485670016,-7.884241123540864,8.590696281946997,-2.38996097539627,10.980657257343267,-2.1727714799803066,-2.196723747110463,3.417361344537806
76,2020-09-21,17.93,17.99,17.23,17.32,17.32,3128300,6545478.927248066,11040800,0.08061622397711374,-955304.7288735693,32.18958748486415,-18.706645782054135,-3.0314101039814565,-362338.7247700131,689.9579916151795,19.92748119063365,0.8749255057693336,19.7659999,21.814340026249155,17.717659773750846,20.725894329779436,-0.09706878478210199,0.0,1.0,19.357333266666664,20.047333266666666,18.667333266666667,7.1290811652055375,-0.9763284541062807,0.0,1.0,17.23,22.700001,19.965000500000002,27.673788463390608,0.016453379076164676,12.269550422821387,-0.13470609997367333,0.23669488185600582,-0.3714009818296792,19.583333166666666,19.72192296153846,19.204556209668368,19.33926230964204,20.971081521092902,24.05381368506592,33.59540937601278,0.7694542321190774,1.1040000500363532,-0.3345458179172758,0.2033590986962818,24.72797884245522,-212.8458060211979,1.5840001000000008,35.095655636151896,89.16618022747645,-54.07052459132455,18.8949995,19.965000500000002,19.43,18.715000500000002,18.6700005,17.9600005,52.0,100.0,-48.0,,21.60757288460443,0.0,0.0,0.46093404860947484,35.72398567572648,0.0,0.0,4.625929269271485e-18,-3.5445377532964,38.733304855907036,1.6453379076164678,5.23271532083378,-98.35466209238352,-0.7683527705882334,19.01193616477359,-22.57488052861508,7.13677402657847,-0.48461397500132186,7.621388001579792,-6.175509543635405,-6.374427176923447,-2.9691876750700397
77,2020-09-22,17.41,17.540001,16.58,17.129999,17.129999,3046700,6989779.360164296,7994100,0.06359721755239128,-901529.2028487732,31.775446617579377,-17.33022844387374,-3.632609070626675,-226610.86959742592,682.389128545614,19.751443087151966,0.8834330551924005,19.6754998,22.002768910524672,17.34823068947533,23.6565183520743,-0.04688578739957763,0.0,1.0,19.048333333333336,19.762333533333333,18.334333133333335,7.496720972963504,-0.8433710055916892,0.0,1.0,16.58,22.700001,19.6400005,31.104678723332874,0.08986910296256538,13.757814135356103,-0.29021961356740533,0.13131198277132358,-0.42153159633872894,19.231666416666666,19.595769076923077,18.88539356202708,19.175613175594485,21.194041198148064,22.177795615146383,36.25595752380828,0.7568515260535754,1.1054109257164706,-0.3485593996628952,0.12664160830150858,24.627399603878477,-217.1450622598307,0.9745001999999978,19.072548128114562,77.18283663565063,-58.11028850753607,18.5699995,19.6400005,19.105,18.8100005,18.832500749999998,17.9600005,48.0,100.0,-52.0,,21.169815596143987,0.0,0.0,0.23046702430473742,34.783422933555386,0.0,0.0,4.625929269271485e-18,-7.822922494123054,39.31525048421643,8.986910296256537,6.417644714410827,-91.01308970374346,-1.3017646352941163,18.62627394631734,-19.76581264637002,5.7206582094054355,0.7564404618800297,4.964217747525406,-1.0970034642032278,-1.1030649175378215,-4.033619047619041
78,2020-09-23,17.17,17.4,16.27,16.280001,16.280001,3448100,3602713.781580219,4546000,-0.008062221016331575,-1191436.18869895,15.463141474438942,-7.373642440764477,-7.14168501572897,-204518.62607897783,682.389128545614,19.17156013217632,0.9080897496731601,19.5289999,22.284517428741633,16.773482371258364,28.219750554063296,-0.08954422646763639,0.0,1.0,18.725666733333334,19.45966683333333,17.991666633333335,7.839508311801928,-1.1659846049975617,0.0,1.0,16.27,22.700001,19.485000499999998,32.925398294461566,0.001555365232446937,15.151161038855108,-0.47655944770987446,0.009737696675083979,-0.4862971443849584,18.867499833333333,19.446922961538462,18.484563937099836,18.96112338480971,21.641575877961106,20.182448870308818,35.46220839891747,0.678571190106589,1.3113352586947558,-0.6327640685881668,0.03838751910802028,24.62722255890542,-205.25123582124533,0.4309991000000011,-2.059586015193654,63.80168517627354,-65.8612711914672,18.275000499999997,19.485000499999998,18.880000499999998,18.8850005,18.87000075,17.9600005,44.0,100.0,-56.0,,20.61903772460671,0.0,0.0,0.11523351215236871,30.867964983562857,0.0,0.0,4.625929269271485e-18,-12.836153391919606,27.804345776700284,0.1555365232446937,3.595928242372564,-99.84446347675531,-1.811058767647058,18.002682122946407,-21.162222760290557,5.502691783327102,1.7056907261694443,3.797001057157658,-4.962043488735768,-5.089383195945718,-8.795512605042033
79,2020-09-24,16.0,16.379999,15.64,16.18,16.18,3679800,5293439.957966928,866200,0.006677969790239832,-1073800.1159990996,4.949934013988155,-16.590563209943458,-10.281014423372861,-193699.64028181665,682.389128545614,18.665188072573006,0.8912806747058442,19.36499995,22.483894106267933,16.24610579373207,32.211661908813284,-0.010597633395032037,0.0,1.0,18.347000066666666,19.041000166666667,17.652999966666666,7.565270588959976,-1.0612390161519183,0.0,1.0,15.64,22.700001,19.1700005,36.45753172336052,0.0764872412907589,16.172258695587665,-0.6250986061096988,-0.11722956388187258,-0.5078690422278263,18.552499916666665,19.324230615384614,18.130015639084476,18.755114245194175,22.51564231644976,18.978262200636888,38.42595254822976,0.5049667202096959,1.4387417421384965,-0.9337750219288006,-0.05494302344685625,24.664273272071462,-189.30997736379183,0.73500005,-26.79391549593187,48.637244412372596,-75.43115990830447,17.9600005,19.1700005,18.5650005,18.8850005,18.87000075,17.9600005,40.0,100.0,-60.0,,20.01017244316177,0.0,0.0,0.057616756076184356,30.43391554344663,0.0,0.0,4.625929269271485e-18,-16.956346657775853,33.813542086654955,9.310343222354605,6.1509300139519425,-90.68965677764538,-2.3114411764705842,17.543403683677845,-18.937871690274132,5.811347133704197,2.5268220076763948,3.284525126027802,-0.6142567190259962,-0.6161510369107948,-9.355742296918779
80,2020-09-25,15.91,16.450001,15.82,16.32,16.32,2376500,6689156.192544334,3242700,0.008069546597295581,-872870.0994277995,10.138383746070545,3.313728382116538,-7.3882405084599565,-2040.3779556182926,688.2936080262313,18.345550408018575,0.8651527072352596,19.19299995,22.574177953182065,15.811821946817936,35.233449820147214,0.07514807749012505,0.0,0.0,18.018333466666668,18.73533366666667,17.301333266666667,7.958562886256136,-0.684332631055518,0.0,1.0,15.64,22.700001,19.1700005,36.784249561778374,0.0963172668105854,16.83931895472476,-0.7231837176068865,-0.2384203946268754,-0.4847633229800111,18.237499916666668,19.19384603846154,17.85155169460994,18.574735412216828,23.22707985357754,18.57023857088657,36.43294465924506,0.5775259814827581,1.3458187249602638,-0.7682927434775056,-0.14633591570005408,24.718185724646073,-147.1002365809681,0.3870000499999975,-48.894850291703094,31.70150599969075,-80.59635629139385,17.9600005,19.1700005,18.5650005,19.1700005,19.2375005,17.9600005,36.0,96.0,-60.0,,19.310944852255886,0.0,0.0,0.028808378038092178,31.878111929736733,0.060897372287391796,0.02029912409579719,0.006766374698599069,-19.897893995758977,38.65614817699499,13.600002720000541,7.688627488533278,-86.39999727999945,-2.6544116941176483,17.27251080286571,-18.80597014925374,2.8700277636682103,2.595463158874758,0.27456460479345246,0.8652657601977864,0.8615437905615142,-8.571428571428575
81,2020-09-28,16.82,17.34,16.6,17.09,17.09,2909200,7632680.516868654,6151900,-0.006256993040973882,-428162.3709381141,16.5635183396993,21.239503299876215,-4.790951296451638,157823.08981070798,688.2936080262313,18.143479781374833,0.8806374365117335,19.0195,22.457921183625135,15.581078816374866,36.15679890244364,0.21942064439503525,0.0,0.0,17.7143334,18.4493337,16.979333099999998,8.298368145199312,0.07528357471418828,0.0,0.0,15.64,22.700001,19.1700005,37.11980335970977,0.20538240716963063,17.091270714930623,-0.7303651158727007,-0.3368093388760405,-0.3935557769966602,18.029999916666664,19.115384538461537,17.73438989543918,18.46475501131188,22.700518946755416,24.26647586319527,33.411440526882515,0.6559046756402701,1.1962614622952945,-0.5403567866550244,-0.22472892541382478,24.77551550110725,-93.2160474693433,0.5304989999999989,-69.83472821085616,13.208402824819538,-83.0431310356757,17.775,19.1700005,18.47250025,19.1700005,19.367500749999998,17.9600005,32.0,92.0,-60.0,,18.723593675894946,0.0,0.0,0.014404189019046089,39.337395532194975,0.3754326909243748,0.14544335440392211,0.05524749283323977,-20.258765979965975,44.50696622051843,29.47155070559972,17.460632215984955,-70.52844929440027,-2.6882940323529425,17.236544322760906,-12.717058222676195,1.7957796422060215,2.4355264555410105,-0.6397468133349891,4.718137254901955,4.610214759153841,-4.2577030812325
82,2020-09-29,16.98,17.860001,16.91,17.700001,17.700001,3667100,10064548.132902741,9819000,0.06388655653941955,-47434.22264695476,24.216388116293174,10.751026424163502,-2.481301546396307,268151.4865327735,688.2936080262313,18.002080121597135,0.8875737928605603,18.905500049999997,22.36012879326638,15.450871306733616,36.546282659858896,0.32552408093782786,0.0,0.0,17.484333433333337,18.239333833333333,16.729333033333333,8.636307502127767,0.6428261274210366,0.0,0.0,15.64,22.700001,19.1700005,37.34363535123738,0.29178480286334235,17.193620371664416,-0.6790072698886753,-0.40524892507856747,-0.27375834481010786,17.87583341666667,19.07769226923077,17.729099296140845,18.40810656602952,21.606092673710084,26.606464706602097,30.845594248461456,0.7353688544438883,1.1170481466374524,-0.3816792921935641,-0.2846830492270801,24.85586954913435,-63.47242321332159,1.2845009500000018,-83.68754371434791,-5.90880328529153,-77.77874042905638,17.365000000000002,19.1700005,18.26750025,19.1700005,19.34000025,17.9600005,28.000000000000004,88.0,-60.0,,18.230218687751755,0.0,0.0,0.0072020945095230444,44.520254685973946,0.5939781092601565,0.34343605749064093,0.1697261786634534,-18.963310918928357,47.401611562580634,41.86994753454217,28.31383365338081,-58.13005246545783,-2.52873520882353,17.276355331214607,-9.462905854880093,2.807732879920587,2.509967740416926,0.2977651395036611,3.569344645991812,3.507119894945765,-0.8403305322128962
83,2020-09-30,17.790001,18.370001,17.74,17.85,17.85,3471200,7805511.288199353,13290200,0.0027660800976428705,33724.45613118217,31.476341513280033,12.160079223323313,-2.3804028508705963,160308.18889075058,694.1265654882295,17.903216900031396,0.8658164135745039,18.796,22.23865831879989,15.353341681200112,36.631818672056696,0.36260617342795515,0.0,0.0,17.327333466666666,18.089333966666665,16.565332966666666,8.795357940861383,0.8429568178323612,0.0,0.0,15.64,22.700001,19.1700005,37.56118855075548,0.3130311171344028,17.149472156005558,-0.6190659344893561,-0.44801232696072524,-0.17105360752863086,17.680833333333332,19.035769153846154,17.747699404426868,18.366765338916224,20.085962771125537,29.33525155734282,29.145613295703466,0.7835688043926491,1.1024732853451296,-0.3189044809524805,-0.3277734832303996,24.931934723001643,-36.80732844225994,0.7639990000000019,-97.03130962609933,-24.47366845654659,-72.55764116955274,17.1700005,19.1700005,18.1700005,19.1700005,19.220000250000002,17.9600005,24.0,84.0,-60.0,15.64,,1.0,0.0,0.0036010472547615222,45.74771895177705,0.6457365467370015,0.5383824489738442,0.34242062028946907,-17.5445623288381,51.065605952354396,47.62930007989226,39.656932773344714,-52.37069992010774,-2.231058652941176,17.314014703537154,-11.589900367018295,3.0743368232745976,2.6228415569884604,0.4514952662861371,0.8474519295224914,0.8438812148691355,0.0
84,2020-10-01,18.08,18.82,18.040001,18.809999,18.809999,2817700,10550955.252742905,16107900,-0.07624833693946229,415333.70272672747,37.224221605098876,10.380793732476894,-0.8234547331627174,180956.76159046998,731.457703232887,17.878337537385885,0.8762347722170535,18.6179999,21.64628369158923,15.589716108410771,32.530710149904216,0.5317009754061459,0.0,0.0,17.2960001,18.0920005,16.4999997,9.204444905154695,1.4510038562794692,1.0,0.0,15.64,22.700001,19.1700005,37.92029776517508,0.44900829334160164,16.914203869580668,-0.48846735052134704,-0.45610333167284967,-0.03236401884849738,17.618333333333336,19.02038453846154,17.91113011143812,18.399597461959466,19.128754407648266,30.68489481439461,26.839371343264585,0.8174935853680125,0.9671992540961303,-0.14970566872811775,-0.3473979250877449,25.015729888513395,-4.8617095385683555,0.7920000999999992,-103.05870192391862,-41.910270168198245,-61.148431755720374,17.23,19.1700005,18.200000250000002,19.1700005,19.29,17.9600005,20.0,80.0,-60.0,15.694600020000001,,0.0,0.0,47.76702081365211,52.92603075106542,0.9484241383873179,0.7293795981281587,0.5370660348642146,-13.979472548854458,56.215164673322185,68.31892924161012,52.60605895201485,-31.681070758389875,-1.7136761000000043,17.321621429719805,-3.83435602425133,1.6512300884450177,2.428519263279772,-0.7772891748347541,5.378145658263311,5.238508192407831,5.378145658263311
85,2020-10-02,18.040001,18.6,17.85,18.360001,18.360001,2685400,11517706.413809564,13422500,-0.011443078340246214,183368.2267371947,31.997505329710734,-5.725418001042642,-2.2860902066804667,87296.27318769961,713.9587919602498,17.807494195705914,0.8846111949953481,18.46849995,21.22560886322818,15.711391036771824,29.857421238243866,0.4803237823722811,0.0,0.0,17.2823335,18.089333699999997,16.4753333,9.339018946718037,1.1676996486494076,1.0,0.0,15.64,21.440001,18.540000499999998,31.404829930435135,0.4689656087990331,16.792713164776956,-0.41647721948633887,-0.4481781092355475,0.03170088974920865,17.530833416666667,18.978076923076923,17.98018717121687,18.396664390703208,18.025034867657066,28.298314934367497,26.291231534462717,0.7635913898531492,1.023064246612151,-0.25947285675900167,-0.35427925694739687,25.11543689515443,-11.65819400572811,0.4015010499999967,-108.5725795906199,-57.87340741561733,-50.699172175002566,17.23,19.1700005,18.200000250000002,19.1700005,19.29,17.9600005,16.0,76.0,-60.0,15.819616019200001,,0.0,0.0,73.88351040682605,49.612293240193424,0.8526711480763922,0.8156106110669038,0.6944575527229689,-12.011413731243534,61.29331130329543,58.620698573125324,58.18964263154257,-41.379301426874676,-1.241852699999999,17.327579726748127,-5.409577537351879,0.16533452038524368,1.9758823147008664,-1.8105477943156227,-2.392333992149609,-2.421415049115261,2.8571484593837404
86,2020-10-05,18.75,18.879999,18.41,18.709999,18.709999,1326000,11884470.330328528,14748500,0.011846880389252953,223472.38691759534,35.35828456142802,14.88682843141028,-0.988973842773152,-38966.105068629535,727.5690390004597,17.758652922981952,0.8481498754958136,18.3714999,20.945191681313847,15.797808118686152,28.018308742595888,0.5657613903999024,0.0,0.0,17.397666766666667,18.175666866666667,16.619666666666667,8.943729184313627,1.3434010698284826,1.0,0.0,15.64,20.639999,18.139999500000002,27.216063071692904,0.6139999227999845,16.481913130378235,-0.32740844765564603,-0.42402417691956723,0.0966157292639212,17.51749991666667,18.93769226923077,18.092465914106583,18.41987436176223,17.29486756935048,29.407110246568337,25.1501730872716,0.8161209068010086,0.9974813602015115,-0.18136045340050289,-0.34801015140908476,25.104098985246175,17.31921974901921,0.08849909999999994,-108.45795013525922,-72.0434627782144,-36.41448735704482,17.2599995,19.1700005,18.215,19.1700005,19.29,17.9600005,12.0,72.0,-60.0,15.939631378432,,0.0,0.0,86.94175520341302,52.12310645302789,0.9643019657944151,0.9217990840860416,0.8222630977603679,-9.607391194115298,61.93501074186144,71.89693208430911,66.27885329968153,-28.103067915690875,-0.8509704323529412,17.412374377300416,-0.8479172841591193,-4.668734210635981,0.6469590096334968,-5.315693220269478,1.9063070857131104,1.8883647180068408,4.817921568627437
87,2020-10-06,18.92,19.200001,17.809999,17.889999,17.889999,1808700,10283965.714220058,12939800,0.024079609006627967,-20328.525499204028,36.819899985675654,-10.759085807430749,-1.430720228529344,-53991.960735565546,727.5690390004597,17.645602323238244,0.9023350879462321,18.2679999,20.74241763563043,15.793582164369566,27.090187750991095,0.42361821236629393,0.0,0.0,17.5193334,18.3403336,16.6983332,9.372505006383408,0.7257402616954287,0.0,0.0,15.64,20.559999,18.099999500000003,26.932335378434068,0.4573169628693011,16.15778038885391,-0.3193071768748439,-0.4030807769106226,0.08377360003577872,17.469999916666666,18.83499996153846,18.061317158090183,18.380624334965027,16.194879833968383,26.14108855967713,27.150994462888033,0.7951334701517324,0.9434850952142712,-0.14835162506253874,-0.34084303290554807,25.278830653295813,1.0476000549245523,-0.9479998999999992,-109.24541161196228,-83.95299895563316,-25.29241265632912,17.4200005,19.1700005,18.2950005,19.1700005,19.19500025,17.9600005,8.0,68.0,-60.0,16.11605343572608,,0.0,0.0,93.47087760170652,46.30179764992762,0.7054864320233447,0.8408198486313839,0.8594098479281097,-9.305353882682295,52.206264670364774,63.20220134769623,64.57327733504356,-36.79779865230377,-0.5912352235294094,17.423485463519707,-3.087757480376897,-7.344372298719054,-0.9513072520370133,-6.3930650466820405,-4.3826832914314995,-4.481624521516547,0.22408403361342533
88,2020-10-07,18.01,18.450001,17.99,18.440001,18.440001,2029200,12224939.819058947,14969000,0.030031578284503715,142013.27220068203,37.50171439745389,-6.460676867706543,-1.0173266515075727,-16884.78996519019,727.5690390004597,17.599687320178486,0.8681017791516089,18.184999949999998,20.51520577052373,15.854794129476266,25.627779234871333,0.5547164219902876,0.0,0.0,17.68366676666667,18.437667066666666,16.929666466666667,8.527646555987742,1.0015477005336288,1.0,0.0,15.64,20.559999,18.099999500000003,27.055259903918788,0.5691060099808959,15.616171728324021,-0.2654463957574045,-0.37555390067997896,0.11010750492257448,17.563333333333336,18.775769230769228,18.119576210691694,18.3850226064491,15.17346265111358,24.939348192934172,25.90282738794852,0.8381180739655274,0.9545453892997168,-0.11642731533418937,-0.327070137570069,25.381283726947863,6.131474734214201,-1.0550009499999966,-103.94640515925263,-92.52549780711325,-11.42090735213938,17.5100005,19.1700005,18.340000500000002,19.1700005,19.19500025,17.9600005,4.0,64.0,-60.0,16.362769240867994,,0.0,0.0,96.73543880085326,50.31038266626834,0.8837082212743123,0.8511655396973573,0.8712614908049275,-7.782847643920207,53.561439393859025,78.65169138997427,71.25027494065988,-21.34830861002572,-0.5176470176470573,17.534153163215258,6.4665184757505685,-8.842200044635993,-2.5294858105568094,-6.312714234079183,3.074354559773873,3.028043073490405,3.3053277310924223
89,2020-10-08,18.77,20.18,18.610001,19.99,19.99,3843700,15138316.933502963,18812700,0.10680005580289592,972830.1127862987,51.70881217146831,47.99408967921534,2.6985563299833095,385472.1581072265,727.5690390004597,17.633999675900156,0.9552915012364481,18.20549995,20.590993226914165,15.820006673085835,26.206292422243145,0.8740316661693548,0.0,0.0,18.0363335,18.8733338,17.1993332,9.281268834378114,1.6670643965121623,1.0,0.0,15.64,20.280001,17.9600005,25.486809001364435,0.9374997979526297,14.901102353789945,-0.0965761040470774,-0.3197583413533987,0.2231822373063213,17.80166675,18.773846115384615,18.407333716739124,18.503909820786202,15.637393094443079,34.869705648688935,22.449499966602207,0.9391241322105325,0.8240535394169609,0.11507059279357157,-0.29275519385855353,25.221302270638688,97.98440699922932,-1.9254989500000015,-87.28569140152467,-96.79114681931563,9.505455417790955,18.39,19.1700005,18.78000025,19.1700005,19.21750025,17.9600005,4.0,60.0,-56.0,16.589747781598554,,0.0,0.0,98.36771940042664,59.48863616405231,1.0,0.8630648844325522,0.8516834242537644,-3.132023815624766,57.820204405946235,95.81497797356825,79.22295690374625,-4.185022026431747,-0.3250882088235265,17.979426014678136,16.69586203711977,-4.587725229988784,-2.9411336944432045,-1.6465915355455798,8.405634034401622,8.070987615392777,11.988795518207262
90,2020-10-09,20.299999,20.370001,19.950001,20.049999,20.049999,2255900,13956633.543979151,21068600,0.07075464138647532,853190.3458311136,58.88604731884217,14.242661908772478,5.052078307899497,329858.32807164104,729.7528016203192,17.786245036503477,0.9017623511128031,18.230499950000002,20.68141365394853,15.779586246051478,26.88805804196856,0.8711879057734074,0.0,0.0,18.42900016666667,19.245000366666666,17.612999966666667,8.855610099520586,1.4932588456064926,1.0,0.0,15.64,20.370001,18.0050005,25.945536397645512,0.9323463145145214,13.625015565213902,0.04161650745299994,-0.247483371592119,0.2890998790451189,18.11583325,18.68461526923077,18.66005145262541,18.61843494517241,16.217146238183652,35.21700258855769,21.69755449444187,1.1327015588149199,0.7788308406270397,0.3538707181878802,-0.244745524206046,24.9064311554575,129.3258135928356,-2.0504999500000025,-70.20393060407764,-96.83216930745135,26.62823870337371,18.6400005,19.1700005,18.9050005,19.1700005,19.987499999999997,18.58,4.0,56.00000000000001,-52.00000000000001,16.9487730034387,,0.0,0.0,99.18385970021332,59.79819077123443,1.0,0.961236073758104,0.8918221659626712,0.5449161042903516,59.82631160612308,93.23463145145215,89.23376693833156,-6.765368548547853,0.02441193235294392,18.349444824224094,23.15723444980133,-5.8049950338812275,-3.513905962330809,-2.2910890715504184,0.3001450725362842,0.29969553649564773,12.32492436974788
91,2020-10-12,20.07,20.200001,19.809999,20.18,20.18,1646400,15434164.428436149,22715000,0.07066077651552888,761882.2459123832,60.52997208674615,-3.671689747448938,6.027688214786982,17445.968056682243,734.4844025527404,17.941403070844387,0.8505863160015228,18.229999900000003,20.679317805050804,15.780681994949202,26.871288189648325,0.8980700292066726,0.0,0.0,18.734333499999998,19.515333899999998,17.953333100000002,8.337637418486207,1.4255222532536496,1.0,0.0,15.64,20.370001,18.0050005,25.946248085278363,0.9598306638835808,12.101593223948537,0.15978325996784193,-0.16603004528012683,0.32581330524796875,18.449166583333334,18.63961526923077,18.89388969068304,18.734106430715197,16.572603722218236,34.07563417211502,22.15777740271526,1.181141394257719,0.7452439838104261,0.4358974104472928,-0.1876484721991102,24.561678115331603,125.12757422670488,-1.9099999000000025,-52.09717008094093,-93.32212779262835,41.22495771168742,19.0550005,18.540000499999998,18.797500499999998,19.1700005,20.1225005,18.715000500000002,20.0,52.0,-32.0,17.359320363026054,,0.0,0.0,99.59192985010665,60.50242671244375,1.0,1.0,0.9414336527302187,3.6915158451054975,57.99187514566426,95.98306638835808,95.01089193779283,-4.016933611641918,0.2572943852941201,18.6350629209503,24.721878862793574,-8.593603455795023,-4.529845461023652,-4.063757994771371,0.6483840722386169,0.6462911048197739,13.053221288515404
92,2020-10-13,20.040001,20.49,20.0,20.209999,20.209999,2149700,15127055.65415044,24864700,0.09132929563158579,662254.617967757,68.3111925273372,5.470530771735538,6.945129158536983,13870.676747893429,734.4844025527404,18.19721825767481,0.8145276844013705,18.2624999,20.79730422499285,15.727695575007154,27.759664217633727,0.8841517628792694,0.0,0.0,19.008666733333335,19.74366703333333,18.273666433333336,7.733317757747956,1.3172325009028365,1.0,0.0,15.64,20.49,18.064999999999998,26.55715278060041,0.9422678350515467,10.303801605019402,0.25293623974479473,-0.08223678827514252,0.33517302801993726,18.773333166666667,18.622692153846153,19.09636804596257,18.843431806217776,17.15100310010976,35.13040428959321,21.226938034311278,1.2349345235979416,0.6934497746419808,0.5414847489559609,-0.1261547687202119,24.311118603697754,132.7830681982044,-1.1724999000000018,-35.02051083757585,-86.43203903834797,51.41152820077212,19.1499995,18.139999500000002,18.6449995,19.1700005,20.38250075,18.715000500000002,100.0,48.0,52.0,17.72060203946293,,0.0,0.0,99.79596492505334,60.673625728355276,1.0,1.0,0.9870786912527013,6.268241793545655,58.50048334312926,94.22678350515466,94.48149378165495,-5.773216494845335,0.5700002676470568,18.84350978333671,23.835778186274506,-9.245929021841464,-5.473062173187214,-3.7728668486542496,0.14865708622398,0.1485467009610275,13.221282913165266
93,2020-10-14,20.26,21.02,19.959999,19.969999,19.969999,2312500,12858187.688459847,22552200,0.0993204006110778,488361.1011152209,76.74900726366464,11.230257945924343,8.932330669670398,-24265.972623462316,734.4844025527404,18.55816773741709,0.8390750159612335,18.29049985,20.887008335755937,15.693991364244061,28.391881108223927,0.8234149164567508,0.0,0.0,19.241666633333335,20.019666933333333,18.463666333333332,8.0866207156113,0.9680797466701929,0.0,0.0,15.64,21.02,18.33,29.414176999651538,0.8048325278810412,8.532276218328041,0.3038915801427535,-0.005011114591563316,0.30890269473431686,19.013333083333332,18.62307676923077,19.230772808122175,18.926881227979422,18.11796135487461,36.455938193606045,19.334679774690436,1.2786744780482253,0.5700934706484835,0.7085810073997418,-0.06659458955566673,24.209004860695305,131.61058822850745,-0.5904988499999995,-17.224644046160755,-76.89492149637488,59.67027745021412,19.4149995,18.33,18.87249975,19.1700005,20.4975005,18.715000500000002,96.0,44.0,52.0,18.108317753938117,,0.0,0.0,99.89798246252667,58.489401719823704,0.9241470729153526,0.9747156909717841,0.9915718969905947,7.81903086740807,50.55360485312839,79.80767307692311,90.00584099014527,-20.19232692307689,0.9898824205882377,18.95378201457282,16.851954359274437,-9.166967473349333,-6.211843233219638,-2.9551242401296944,-1.1875309840440829,-1.194638458246322,11.87674509803922
94,2020-10-15,19.6,20.209999,19.440001,20.18,20.18,1734400,14457443.790423747,24286600,0.1285375912701699,470627.4772987604,71.29789988015484,-29.523079162880595,6.586844416456317,-9223.00840568668,742.2081114533005,18.78942014203343,0.8321673143651103,18.3559998,21.071063922558125,15.640935677441874,29.582307170848033,0.8359037057072215,0.0,0.0,19.3803333,20.1573335,18.603333100000004,8.018440013103366,1.014585903581492,1.0,0.0,15.64,21.02,18.33,29.309218013828914,0.8438661710037175,6.823329863822809,0.35710291999707877,0.0674116923261651,0.28969122767091365,19.219999666666666,18.626153692307692,19.376807760718766,19.019704840721687,18.289199763268705,34.07935802880406,22.476711268809417,1.2166248166876883,0.6490345677523819,0.5675902489353064,-0.008605472635137227,24.11048005543512,98.53845975245511,-0.5059997999999979,-1.8342724715912722,-65.03510959426058,63.200837122669306,19.4149995,18.33,18.87249975,19.1700005,20.6825005,18.715000500000002,92.0,40.0,52.0,18.57418691330802,,0.0,0.0,99.94899123126334,59.851357169573895,0.9614613944815164,0.9618694891322895,0.9788617267013578,9.504017866308885,61.2880746431586,80.99547511312217,85.00997723173332,-19.00452488687783,1.0685293647058778,19.03191851106506,14.011292993712257,-10.91085254101872,-7.151645094779455,-3.759207446239265,1.0515824262184337,1.0460917572852946,13.053221288515404
95,2020-10-16,20.290001,20.82,20.129999,20.59,20.59,1684600,15018978.751387568,25971200,0.11699316204452115,502064.4091132232,70.62445312830766,26.62354891365905,6.971419103155091,52464.90922768647,757.2876617851068,19.0311248508567,0.8179506829285991,18.46249985,21.347320877204666,15.577678822795333,31.25060041319016,0.868740405372999,0.0,0.0,19.604666566666666,20.375666866666666,18.83366626666667,7.865477307437729,1.138996789841284,1.0,0.0,15.64,21.02,18.33,29.140149187326863,0.9200743494423792,5.451474334395925,0.42742971993995127,0.13941529784892234,0.2880144220910289,19.448333,18.664999846153847,19.563452720608183,19.13602300066823,18.95654099521111,37.29481960961342,21.146364932339168,1.2392054647999664,0.6614854935702522,0.5777199712297142,0.05007505287674136,24.12394389267948,114.81373149507353,0.34749915000000087,17.106218123090603,-51.08353534333283,68.18975346642343,19.4149995,18.33,18.87249975,19.1700005,20.6825005,18.715000500000002,100.0,36.0,64.0,18.965517007178736,,0.0,0.0,99.97449561563167,62.44225671857313,1.0,0.9618694891322895,0.9661515564121211,11.69800521634923,59.486750128607405,89.53771289537714,83.4469536951408,-10.462287104622865,1.1231467411764733,19.24893085707996,15.350140056022399,-12.43951602897151,-8.209219281617866,-4.230296747353645,2.031714568880072,2.0113506114235236,15.350140056022399
96,2020-10-19,20.59,20.77,19.790001,19.889999,19.889999,1793300,13591651.39707394,24177900,0.13901587357926282,251010.66591133413,63.33131590859937,-10.656266380471806,5.442326759966854,-26740.797727672914,757.2876617851068,19.27378171887731,0.834155514635739,18.5909998,21.489729348199056,15.692270251800942,31.184224403026,0.7240635385952188,0.0,0.0,19.752999966666668,20.575000266666663,18.930999666666665,8.322789463748602,0.5833327149231793,0.0,0.0,15.64,21.02,18.33,28.938734107242574,0.7899626394052044,4.436208052598021,0.421817535052579,0.1958957452896537,0.22592178976292532,19.538332999999998,18.67807676923077,19.613690609745387,19.191873074692808,19.111249309298575,34.19880188521258,22.270993430133114,1.1826013623943705,0.7114558388065602,0.47114552358781037,0.09921734563208782,24.244445314363116,84.48689989946547,-0.23099879999999828,32.303408007252386,-35.35588871897564,67.65929672622804,19.505,18.33,18.917499999999997,19.1700005,20.67000075,18.715000500000002,96.0,32.0,64.0,19.29423428603014,,0.0,0.0,99.98724780781583,55.81914101174788,0.6032764848393692,0.8549126264402952,0.9262172015682913,11.750370316560188,45.63813692317023,65.54875000000001,78.69397933616644,-34.45124999999999,1.1754997970588228,19.27875592706108,5.741627099501697,-13.21687178059758,-9.21074978141381,-4.006121999183771,-3.399713453132591,-3.4588478450339633,11.428565826330516
97,2020-10-20,20.059999,20.440001,19.889999,20.01,20.01,1492800,12750258.093049603,25670700,0.11724446967335692,240743.06975257257,56.05339779127327,-4.2370381163585416,4.271104092846722,-51960.65100779631,761.8565547600073,19.46719136185682,0.805740163172165,18.73499985,21.61519022252786,15.854809477472141,30.74662818882125,0.7213395618153132,0.0,0.0,19.934333333333335,20.67233363333333,19.19633303333333,7.404313830409841,0.5512646584741703,0.0,0.0,15.64,21.02,18.33,28.71630660835046,0.8122676579925654,3.2637437906120055,0.4221862160091625,0.24115383943355545,0.18103237657560706,19.675832916666664,18.671153653846154,19.674661285169172,19.25247506916001,19.254907029522645,32.56489275610259,21.20695675417057,1.1244559292108107,0.7850305173984724,0.3394254118123383,0.14083554260815292,24.308160800306872,73.89642103724006,-0.025000850000001407,48.82665366684299,-18.381104404965015,67.207758071808,19.8150005,18.33,19.072500249999997,19.1700005,20.73500075,18.715000500000002,92.0,28.000000000000004,64.0,19.570356800265316,,0.0,0.0,99.99362390390792,56.667669996410865,0.6422290904116855,0.7485018584170181,0.8550946579965343,12.030781909686546,45.48030205839259,68.53583534709183,74.540766080823,-31.464164652908163,1.149352723529411,19.38638905267814,8.986922168468297,-14.854816094199236,-10.339563043970896,-4.51525305022834,0.6033233083621692,0.601510600628341,12.100840336134455
98,2020-10-21,19.99,20.15,19.65,19.84,19.84,1125400,12480162.093049608,24545300,0.1896505690398186,179020.05978791908,49.5472276501246,-11.77359161187136,2.6886479968218464,-554.7090930495197,755.3840103167687,19.57584599019172,0.7751661468549484,18.9129998,21.597690070552993,16.22830952944701,28.389893712714905,0.672645651188853,0.0,0.0,20.092999933333335,20.83500013333333,19.35099973333333,7.385658711609873,0.32951491567432756,0.0,0.0,15.64,21.02,18.33,28.446042705504592,0.7806691449814126,2.8744961437493672,0.4041025761203443,0.27374358677091326,0.13035898934943102,19.769999666666667,18.681922923076925,19.70009801052776,19.295995434407416,19.04154779895211,31.109755293026808,22.404174575255443,1.0980036030843185,0.8602542122719932,0.23774939081232538,0.17351095940540237,24.356876407213353,54.879176458161034,-1.023000800000002,62.273713681238085,-1.7633927291024856,64.03710641034057,20.2300005,18.33,19.28000025,19.1700005,20.73500075,18.715000500000002,88.0,24.0,64.0,,21.02,0.0,1.0,99.99681195195396,55.05452182213386,0.5422847104274313,0.595930095226162,0.7331148600278251,11.824185049366774,41.48353036875422,63.23988684115674,65.77482406274953,-36.76011315884326,1.0692940147058785,19.426507258038082,6.039556709757173,-17.552805395104066,-11.782211514197531,-5.770593880906535,-0.8495752123938161,-0.8532046738915167,11.148459383753483
99,2020-10-22,19.9,20.07,19.5,19.940001,19.940001,1170200,13116590.760418024,25715500,0.17659522487525015,170163.07556107332,52.00985115389562,-5.6016065629806135,2.697491670969135,-3662.8749745542145,755.3840103167687,19.72038622378865,0.7546495321694536,19.10099985,21.50584381275562,16.69615588724438,25.180294033200784,0.674439831231008,0.0,0.0,20.11733326666667,20.759333566666665,19.475332966666667,6.382558677036575,0.3618908225847656,0.0,0.0,15.82,21.02,18.42,27.22370577894119,0.7923078846153845,2.5072221106426618,0.3933066123770175,0.2976561918921341,0.09565042048488337,19.940833166666664,18.702307576923076,19.737006162754255,19.343699550377238,18.625273870653842,29.49187533955748,22.607600261836712,1.1251175446406227,0.8617121875024695,0.2634053571381533,0.19944205316938268,24.433873757969597,46.381521349154355,-0.6609988500000021,67.95969849157942,13.58812161485941,54.371576876720006,20.2300005,18.33,19.28000025,19.1700005,20.73500075,18.715000500000002,84.0,20.0,64.0,,20.9926,0.0,0.0,99.99840597597698,55.85068660551551,0.5916119804880634,0.59204192710906,0.64549129358408,11.860427037875361,43.96301450137248,66.35518182081559,66.04363466968805,-33.64481817918441,1.1243822647058828,19.42966269465882,11.458927415255861,-19.553687951024603,-13.336506801562946,-6.217181149461657,0.5040372983870833,0.5027712827415431,11.708689075630229
100,2020-10-23,20.1,20.15,19.51,19.84,19.84,1646400,13168040.760418024,24069100,0.1487012694084822,122333.82956663455,46.543465311523285,1.7492711370262282,1.7590947213702735,-2358.6079988251995,755.3840103167687,19.779696802434078,0.743184578952508,19.27699985,21.331702431008292,17.222297268991706,21.31765935567295,0.6370028332090094,0.0,0.0,20.088333233333334,20.75233353333333,19.424332933333336,6.610805309603257,0.3130021678203048,0.0,0.0,16.6,21.02,18.810000000000002,22.92887915336057,0.7330316742081447,2.5109522470367587,0.3723888218387792,0.31260271788146315,0.05978610395731604,20.057499749999998,18.73961523076923,19.75285136848437,19.380462546645592,18.33087115599852,28.486576958339455,21.270056083088036,1.0772091662088377,0.886511505202881,0.19069766100595664,0.21827217174630312,24.50498581183089,40.34447330189929,0.7130001499999992,72.63122591081186,27.44683228060972,45.184393630202145,20.2300005,18.33,19.28000025,19.1700005,20.27000075,18.715000500000002,80.0,16.0,64.0,,20.932896,0.0,0.0,99.9992029879885,54.8051883409568,0.5268369787293032,0.5535778898815993,0.5805166374056071,11.62009831388338,49.91902340552623,63.23988684115674,64.27831850104302,-36.76011315884326,1.0246470705882338,19.435743516796897,7.592185054653745,-19.059432033871932,-14.481091848024743,-4.578340185847189,-0.5015095034348271,-0.5027712827415431,11.148459383753483
101,2020-10-26,19.360001,19.450001,18.379999,18.639999,18.639999,2279600,11996281.68034153,21789500,0.10162042010686662,-285931.3288857419,45.694417266033575,-42.94840454465687,-0.5401423312887351,-146135.99962180902,755.3840103167687,19.797963606246235,0.814866221057257,19.3544998,21.17722799564582,17.53177160435418,18.835187832090803,0.30400237355552573,0.0,0.0,19.964333200000002,20.696333499999998,19.2323329,7.333080375556937,-0.40459949265048145,0.0,1.0,16.91,21.02,18.965,21.235371838439345,0.4209243309002432,3.284043697868945,0.25602991675225084,0.3012881576556207,-0.045258240903369884,19.944999666666668,18.746538307692308,19.58164331179447,19.325613395042218,17.493732832852803,24.871529332627652,28.392799279314744,1.002772457129179,0.9454713745511207,0.057301082578058216,0.2186792431968013,24.641040327992478,-41.70634184626337,0.6954992000000004,67.32835420809779,38.81892839679568,28.509425811302116,19.6999995,18.33,19.01499975,19.1700005,19.864999500000003,18.715000500000002,76.0,12.0,64.0,,20.87558016,0.0,0.0,49.99960149399425,44.12970054171516,0.0,0.3728163197391221,0.5061453789099271,8.166079365222041,41.363760254831725,21.452112211221152,50.34906029106449,-78.54788778877885,0.7917940147058857,19.339800052549975,-6.753381690845418,-15.812750820805602,-14.747423642580916,-1.0653271782246865,-6.048392137096781,-6.239034624735185,4.42576470588234
102,2020-10-27,18.66,18.889999,17.809999,17.85,17.85,1801600,10328136.868489679,19987900,0.006417301540533129,-448407.1673877783,46.06804910245026,-33.86995337477795,-2.4979477960795498,-214234.41940807726,723.3693834508426,19.803319732552485,0.8413795989515311,19.361999750000003,21.158480685607717,17.565518814392288,18.556770569194068,0.07917734610177735,0.0,0.0,19.75933316666667,20.550333466666665,18.968332866666668,8.006346098100005,-0.7069105199243718,0.0,1.0,17.74,21.02,19.38,16.940398937873145,0.033536585365854556,4.812244176125009,0.0989279493283064,0.26081611599015786,-0.16188816666185146,19.761666416666667,18.766922923076923,19.315236648441473,19.216308699113167,17.32375730239408,22.587998915353168,30.631657991262788,0.9453261167567596,0.9400355537824813,0.005290562974278323,0.19823472897789773,24.77031916212518,-100.15575936528415,0.8180002499999972,59.506162189664465,47.34457353410959,12.161588655554873,19.3149995,18.33,18.82249975,19.1700005,19.43,18.715000500000002,72.0,8.0,64.0,,20.7258452904,0.0,0.0,24.999800746997124,38.774866862390326,0.0,0.175612326243101,0.3673355119546074,3.3602120614409072,33.7100185625862,1.2461366834465222,28.646045245274806,-98.75386331655348,0.4704114764705878,19.081650345825597,-10.972564138282493,-15.058493310777093,-14.809637576220153,-0.24885573455694043,-4.238192287456655,-4.330624738372668,0.0
103,2020-10-28,17.299999,17.940001,16.879999,17.639999,17.639999,3335600,11775652.372045333,16652300,0.09697675532305249,-484417.4771323823,33.0004759230131,-29.87171183589152,-8.059790761444324,-115597.8120603433,723.3693834508426,19.54146863157815,0.8632418390563779,19.351499699999998,21.185274881313692,17.517724518686304,18.95227976892865,0.03333955071474455,0.0,0.0,19.4763332,20.267333599999997,18.6853328,8.122682969913434,-0.6607669224946058,0.0,1.0,16.879999,21.02,18.9499995,21.393695910813562,0.18357483488530518,6.149800364792657,-0.04203723824689831,0.20024544514274661,-0.24228268338964493,19.549999666666665,18.786538307692307,19.05750777945048,19.099545017697377,18.00216459064718,20.589861516226986,35.68308771163666,0.812382563386925,1.173545868548292,-0.36116330516136697,0.16228375499428568,24.847576086597083,-150.53331989065904,0.8584993000000019,49.16956249484872,53.01166630815848,-3.8421038133097625,18.849999500000003,18.33,18.58999975,19.1700005,19.105,18.8100005,68.0,4.0,64.0,,20.492577587168,0.0,0.0,12.499900373498562,37.473155268378,0.0,0.0,0.18280954866074098,-0.96440613991274,38.76340751137564,18.35748348853052,13.68524412773273,-81.64251651146948,0.048293814705882454,18.834087014624206,-12.586724479682857,-8.18713528675239,-13.485137118326602,5.2980018315742115,-1.1764761904762056,-1.183451433634719,-1.1764761904762056
104,2020-10-29,17.5,18.450001,17.360001,18.25,18.25,2895000,13608261.739017807,19547300,0.07453863543058148,-162935.99539918467,33.867601928258196,18.6373433506045,-7.74588494417061,60868.174199019806,748.3839000205089,19.330245611680677,0.88591765515074,19.32349975,21.2059479280389,17.4410515719611,19.483511810937866,0.21486605513933651,0.0,0.0,19.283999933333334,20.10700053333333,18.460999333333337,8.5355797847458,-0.12818905194804106,0.0,1.0,16.879999,21.02,18.9499995,21.424695596355406,0.33091803601013603,6.85897713321821,-0.10333994374602895,0.13952836736499152,-0.24286831111102047,19.386666416666667,18.8623075,18.933275813381172,19.0366157571272,17.949847825531545,22.92736427166038,32.499420236924024,0.7475728609499412,1.1350397343125855,-0.3874668733626443,0.1235439309170391,24.970171957381417,-101.55296876238778,0.6464992500000015,36.22132846877619,55.1355674576791,-18.91423898890291,18.8249995,18.33,18.57749975,19.1700005,18.880000499999998,18.8850005,64.0,4.0,60.0,,20.1313197284512,0.0,0.0,6.249950186749281,43.41547480344286,0.237986919429911,0.07932897314330359,0.08498043312880149,-2.8964509796235864,45.73148429128985,33.0918036010136,17.56514125766355,-66.90819639898639,-0.2822648382352959,18.771232515133583,-9.698164754980937,-4.61324506151775,-11.710758706964832,7.097513645447082,3.458055751590461,3.3996086139199466,2.2408963585434094
105,2020-10-30,18.1,18.440001,17.59,18.42,18.42,2875700,16348628.073057434,22423000,0.1172363149499443,-69820.99605644333,42.29418316178559,3.2513713182702975,-7.251380582333522,126898.05647429766,755.3551473083712,19.167648181163003,0.8823259896356659,19.3264997,21.202978193242505,17.450021206757494,19.418710292816296,0.25845721033722313,0.0,0.0,19.047666666666668,19.886667266666667,18.20866606666667,8.809484276289293,0.1259438511327242,0.0,0.0,16.879999,21.02,18.9499995,21.421369954539664,0.3719808280239548,7.414804209774852,-0.1366302122282974,0.08429665144633375,-0.22092686367463116,19.257499833333334,18.948461346153845,18.85431030363022,18.99094051585852,17.901267972209887,21.329213541861066,30.23404984570577,0.7888041608124847,1.1162002051737894,-0.32739604436130465,0.08612646702097985,25.090960702627978,-90.27294859345722,0.8535003000000003,23.281399559075233,54.13312207454831,-30.851722515473078,18.66,18.42,18.54,19.1700005,18.5650005,18.8850005,60.0,4.0,56.0,,19.80618765560608,0.0,0.0,3.1249750933746405,44.984667533175134,0.30083230186637067,0.1796064070987605,0.08631179341402133,-4.004592320987637,50.634243034572876,37.19808280239548,29.5491232973132,-62.80191719760452,-0.5874706205882312,18.721082849171832,-7.761637844849163,-1.9219915578273703,-9.75300527713734,7.83101371930997,0.9315068493150669,0.9271950798660278,3.1932773109243806
106,2020-11-02,18.65,19.219999,18.379999,18.959999,18.959999,2602200,17339942.358771708,25025200,0.12841571616916878,140894.203065905,42.88020016346012,25.34004842056728,-5.832129321702682,103073.19468073713,777.4990682742438,19.059512840327706,0.8780933906720992,19.3389997,21.20216809432233,17.475831305677666,19.268508436062834,0.3982913457648448,0.0,0.0,18.9179999,19.7430006,18.0929992,8.72185965071285,0.525453978402685,0.0,0.0,16.879999,21.02,18.9499995,21.40752398894757,0.5024153375808361,7.71075771952025,-0.11807844864912198,0.04382163142724261,-0.16190008007636458,19.155833083333334,19.04999976923077,18.870570103071728,18.98864855172085,16.8690087055485,26.268950376892235,28.1460717892695,0.844316209095466,1.072487779041277,-0.228171569945811,0.056569258923322936,25.182966634797022,-37.490675200725235,1.2510003000000012,16.664499872706447,50.55954943075536,-33.89504955804891,18.514999500000002,18.810000000000002,18.662499750000002,19.1700005,18.5650005,19.1700005,56.00000000000001,88.0,-31.999999999999993,,19.513568790045472,0.0,0.0,1.5624875466873203,49.75150543418696,0.49174177093637494,0.3435203307442188,0.2008185703287609,-3.5158728344656693,51.55078899181318,50.24153375808361,40.177140053830904,-49.75846624191639,-0.577970761764707,18.731041855749176,-6.045594648166501,-0.7767348031676108,-7.957751182343395,7.181016379175784,2.9315906623235577,2.889441325709763,6.218481792717068
107,2020-11-03,19.33,19.9,19.209999,19.530001,19.530001,2001900,17194886.05551997,27027100,0.16193889182235285,283778.8888850611,42.049802572685216,26.022833308381912,-4.775516795812856,136469.76909177218,800.87333237175,18.991579586107427,0.8842841516048893,19.4209998,21.162228128968337,17.679771471031664,17.931397424434724,0.5313000880431863,0.0,0.0,18.861333233333333,19.70033383333333,18.022332633333335,8.896514256131653,0.8984906367567953,0.0,0.0,16.879999,21.02,18.9499995,21.31713630932635,0.6400969468364859,7.826119038336196,-0.05672772278339977,0.023711760585114133,-0.0804394833685139,19.067499833333333,19.143845961538464,18.972021010291463,19.028748733074863,16.153802550130376,29.808730678409677,25.983543966641143,0.894342722819167,1.0399335108429657,-0.14559078802379866,0.03925855490018234,25.182358559666813,12.441921663852538,0.46899919999999895,13.09202449245147,45.09491729866796,-32.00289280621649,18.514999500000002,18.9499995,18.732499500000003,19.1700005,18.47250025,19.1700005,52.0,84.0,-32.0,16.879999,,1.0,0.0,1.6938414215871171,54.256970939880574,0.6721834065587255,0.48825249312049035,0.3371264103211565,-1.6886480812973128,53.61046230421313,67.25891693936113,51.56617783328007,-32.74108306063887,-0.33476476470588423,18.744403659866784,-5.148125303545417,-1.9235523398063126,-6.750911413835979,4.827359074029666,3.006339821009485,2.962035200760482,9.411770308123234
108,2020-11-04,19.67,19.860001,18.959999,19.07,19.07,1945200,15725182.65486086,25081900,0.08218056484188184,115411.34115862429,41.821670325329656,-6.708813489564017,-3.1459263905759585,14367.536980034165,782.0099163501975,18.954676104019267,0.8858559364444005,19.45249975,21.143675538911836,17.761323961088166,17.387747699745734,0.38691307180842643,0.0,0.0,18.8029999,19.682000699999996,17.923999100000003,9.349580435832438,0.6518770517615011,0.0,0.0,16.879999,21.02,18.9499995,21.282616903773498,0.5289856210179659,8.070887507697284,-0.04470968146087273,0.010027472175916763,-0.05473715363678949,18.999166583333334,19.19653823076923,18.987094701015852,19.031804382476725,15.200056873856726,27.620583154510932,26.11524743442559,0.9176952873039026,0.9761316226185511,-0.058436335314648535,0.02608467050011443,25.227637672364974,-13.777606928276821,0.5575002500000004,7.9415803202102815,38.42623750184916,-30.484657181638877,18.514999500000002,18.9499995,18.732499500000003,19.1700005,18.26750025,19.1700005,48.0,80.0,-32.0,16.94039902,,0.0,0.0,1.9792665746124447,50.33458615139338,0.5150938614539079,0.5596730129830026,0.4638152789492372,-1.348780880353976,52.92142723989514,55.58376761833308,57.69473943859261,-44.41623238166692,0.04935288235294166,18.752962095149936,-4.122669890531413,-3.024097582248372,-6.005548647518458,2.9814510652700856,-2.355355742173282,-2.3835376479535597,6.834733893557421
109,2020-11-05,19.440001,19.940001,19.41,19.58,19.58,4101200,14254936.181363618,29183100,-0.020615845938803206,397725.7209931053,46.36539291234966,3.424620355030217,-4.802992716192304,63864.375215987515,782.0099163501975,18.961069213838663,0.8842704427999604,19.43199975,21.10647414753541,17.75752535246459,17.23419533839186,0.5441930465517522,0.0,0.0,18.783666566666664,19.658667466666664,17.908665666666668,9.316614484125983,0.9550472081419198,0.0,0.0,16.879999,21.02,18.9499995,21.305069232516836,0.6521739970594205,8.091296175658766,0.005899435603346603,0.009201864861402731,-0.0033024292580561276,18.96333325,19.263076692307692,19.07831090085957,19.072411465256224,14.404052832470645,26.312530440991832,24.261257455014483,0.8718573522533519,0.9918897058388199,-0.12003235358546793,0.021416752846974772,25.199065230118777,17.514019236323456,0.4080002500000006,6.617298134728844,31.09135663783994,-24.474058503111095,18.41,18.9499995,18.67999975,19.1700005,18.1700005,19.1700005,44.0,76.0,-32.0,16.999591039600002,,0.0,0.0,3.9760476725469656,54.28087311894423,0.8756521375358967,0.6876431351828433,0.5785228804287788,0.17631213738106372,57.85944927473518,69.40874822397214,64.08381092722212,-30.59125177602787,0.365264532352942,18.7623472712103,-2.1489255372314005,3.402725133740688,-4.123893891266629,7.526619025007317,2.6743576297849847,2.639221749003662,9.691876750700267
110,2020-11-06,20.24,20.4,18.030001,18.110001,18.110001,4827900,9752970.496103842,24355200,-0.09254766560128454,-672950.5494487653,42.41546184952778,-22.581236976739408,-5.654776330211418,-252781.35786478547,782.0099163501975,18.88234853016605,1.0328432985199645,19.33499985,21.078381652704653,17.591618047295345,18.033429699816153,0.14867166558135592,0.0,0.0,18.68499996666667,19.733000766666667,17.63699916666667,11.217562770881374,0.22566864134709239,0.0,0.0,16.879999,21.02,18.9499995,21.4119525840079,0.2971018606034152,8.43110187852593,-0.0717816542819989,-0.006994838967277595,-0.0647868153147213,18.819166666666668,19.236153692307692,18.929340146881174,19.001121801163173,14.523025580687491,21.777032007594627,30.116085407403197,0.8090379532549868,0.9555394606519574,-0.14650150739697054,0.0075435308658275005,25.46866522842252,-48.430426635029974,0.6050011499999997,-3.670306073257486,23.202616606578246,-26.87292267983573,18.639999500000002,18.9499995,18.794999500000003,19.1700005,18.200000250000002,19.1700005,40.0,72.0,-32.0,17.117207438016003,,0.0,0.0,2.679186848063575,43.54168633409243,0.31615965038447,0.5689685497914247,0.6054282326524235,-2.139765391457686,44.52828821228383,34.550598567079454,53.18103813646156,-65.44940143292055,0.5580586352941204,18.729602179110643,-8.719753024193546,9.924765875308658,-1.3141619379515719,11.23892781326023,-7.507655771195088,-7.804430998893208,1.4565882352941095
111,2020-11-09,19.09,20.93,18.9,19.540001,19.540001,4786200,7984674.71896099,29141400,-0.15340352027485113,400937.5290439152,51.910132234972714,29.689502841502698,-3.2314519760784717,15465.30955546943,843.7589013657579,18.949380199497604,1.211558868667968,19.3029999,21.00619811700294,17.59980168299706,17.646979493616833,0.5695753135583489,0.0,0.0,18.7816667,19.925667299999997,17.6376661,12.182098833646094,0.8314396426015871,0.0,0.0,16.879999,21.02,18.9499995,21.44744869423119,0.6425124051902402,8.414519249870773,-0.017750808416874264,-0.00914603285719693,-0.008604775559677334,18.785833333333333,19.28153830769231,19.023287970437913,19.041038778854787,14.019407700441084,21.237414682463438,24.667610420052643,0.8348969349980233,0.8586619041919058,-0.02376496919388249,0.0027331975912931353,25.882613735274877,37.957433838554614,0.5370001000000002,-1.5694327578157696,16.41643939019155,-17.985872148007317,18.904999500000002,18.9499995,18.927499500000003,19.1700005,18.200000250000002,19.1700005,36.0,68.0,-32.0,17.314174991735044,,0.0,0.0,6.032720696243553,53.23457340940364,0.8576461033792278,0.6831526304331982,0.6465881051358221,-0.5341655430650343,43.859103742894625,65.67904551134677,56.54613076746613,-34.32095448865322,0.6970882617647121,18.746566689964954,-2.0060179535597746,14.11219535692455,1.7711095210236525,12.341085835900898,7.89618951429103,7.5999370678276,9.46779271708682
112,2020-11-10,19.65,21.17,19.549999,21.059999,21.059999,4165900,11584830.418926606,33307300,-0.07003545512685119,1248254.977494785,58.75847460465415,17.304775318646712,-1.1544257667557531,701988.8014551376,909.3940997753255,19.092851930626246,1.2534028818011713,19.3454999,21.174854666140778,17.516145133859222,18.912457942126146,0.968607601907891,0.0,0.0,19.0226667,20.2206674,17.824666,12.595507442707806,1.3503051375512558,1.0,0.0,16.879999,21.17,19.0249995,22.175705058932078,0.9743587472357231,8.358014739336953,0.14603674100357722,0.0218905219149579,0.12414621908861932,18.887499916666666,19.371922923076923,19.336628128832082,19.190591387828505,13.284140780121964,20.57813862769981,22.17082426222089,0.8971963501178887,0.836448879541799,0.060747470576089646,0.01975917418080168,26.103216562484015,107.33196856516177,-0.7055009000000005,8.493673261297543,11.896896142019196,-3.4032228807216534,19.2650005,19.0249995,19.145,19.1700005,18.215,19.1700005,100.0,64.0,36.0,17.60344099239624,,0.0,0.0,53.01636034812178,60.91561617170839,1.0,0.7246019179212325,0.6589076993819518,3.9025554263374325,47.33511512895691,97.43587472357233,65.88850626733286,-2.564125276427685,0.7544118058823486,18.98729828858428,6.1491885080645226,15.337900075630095,4.484467631944941,10.853432443685154,7.778904412543275,7.491176143073908,17.983187675070035
113,2020-11-11,21.15,21.370001,20.51,21.02,21.02,3470500,12230500.051287496,29836800,-0.012132605733234865,1050101.9050669577,64.07137286395782,14.372610286730952,0.2723040082236447,317469.90047525143,907.6668986203342,19.224656680469593,1.214062693621054,19.39799995,21.352048089427942,17.443951810572056,20.146903231927716,0.9150358471912695,0.0,0.0,19.370666766666666,20.54866736666667,18.19266616666667,12.162726396461704,1.2000561940856944,1.0,0.0,16.879999,21.370001,19.125,23.146726526308694,0.9220488097778132,8.31547613296895,0.2695052798258253,0.07141347349713138,0.1980918063286939,19.085833333333333,19.49230757692308,19.59560841670407,19.326103136878245,12.376623599420972,20.72376434720476,20.96510129475668,0.9626652627230574,0.823090411341616,0.13957485138144143,0.05022368911113626,26.275740363687852,133.1234394554794,-1.5479999499999977,20.644734519023665,10.166163480935582,10.478571038088083,19.4800005,19.125,19.30250025,19.1700005,18.2950005,19.1700005,96.0,60.0,36.0,17.960096893156617,,0.0,0.0,76.5081801740609,60.63338958032542,0.9879608803637643,0.948535661247664,0.7854300698673647,7.0353763584319555,46.80675110643457,92.20488097778131,85.10660040423348,-7.795119022218679,0.9154118764705856,19.225828278963263,12.768246393146265,14.377892812530582,6.463152668062071,7.914740144468512,-0.18992878394724633,-0.19010937736423372,17.759103641456562
114,2020-11-12,20.690001,20.84,20.059999,20.280001,20.280001,3535100,10689574.597730365,26301700,-0.07037970858451888,526377.2807859634,61.136535548576994,-10.811611269865036,-0.6249018779828742,-131042.97534983882,907.6668986203342,19.294782434426327,1.1886565242589484,19.403,21.365519932128592,17.440480067871405,20.229036047297775,0.7234374758805087,0.0,0.0,19.608000033333333,20.755000733333333,18.460999333333334,11.699313525602957,0.792938342002174,0.0,0.0,16.879999,21.370001,19.125,23.14076173787557,0.7572384154840018,8.317405265916427,0.30413734551475713,0.11795824790065654,0.1861790976141006,19.288333416666667,19.56307680769231,19.700899583364983,19.396762237850226,12.020212384865582,19.45205298747608,22.555062574735267,0.927242047902181,0.8505360996191372,0.07670594828304378,0.08067497103730915,26.18357700902436,79.86286343868744,-1.7630009999999992,27.430856952877754,10.627214302469195,16.80364265040856,19.700001,19.125,19.4125005,19.1700005,18.340000500000002,19.1700005,92.0,56.00000000000001,35.99999999999999,18.369285385977822,,0.0,0.0,88.25409008703045,55.50946192858503,0.7693862318714446,0.9191157040784029,0.8640844277490998,7.766364953345123,44.23592632589485,75.72384154840019,88.45486574991794,-24.276158451599812,0.9434999411764693,19.28091343279043,13.61345098039214,13.606986182705294,7.891919370990715,5.715066811714578,-3.520451950523318,-3.5839137416159073,13.61345098039215
115,2020-11-13,20.66,21.15,20.35,20.5,20.5,3170700,8707887.097730357,29472400,-0.1147004066281588,550830.6448593979,66.98744578275827,7.569319077806122,2.9835069521930535,-90055.50109900453,917.5133384715737,19.413964796737464,1.1567907718330537,19.3985,21.35049679405526,17.446503205944737,20.125234364051465,0.7821469797887428,0.0,0.0,19.859666666666666,21.001667266666665,18.717666066666666,11.50070259655247,0.780355953111292,0.0,0.0,16.879999,21.370001,19.125,23.146129855401178,0.8062359437701812,7.954725349740938,0.3453545554361135,0.16343750940774793,0.18191704602836556,19.526666833333334,19.582692192307693,19.823838109001137,19.478483553565024,11.318429492189933,20.36632230018159,21.280576635104737,1.0192534949668919,0.8051345375920251,0.21411895737486675,0.11186123248793622,26.15775876040326,101.47230203510952,-1.1484999999999985,34.388697950778216,12.596569644477169,21.792128306301045,19.700001,19.125,19.4125005,19.1700005,18.78000025,19.1700005,88.0,52.0,36.0,18.729371259660482,,0.0,0.0,94.12704504351522,56.68149235292679,0.8193822808858742,0.8589097977070276,0.9088537210110315,8.72385822178092,45.503284785163,80.62359437701812,82.85077230106656,-19.376405622981885,1.139323370588233,19.346254156089937,16.21315851548518,11.981890090498402,8.709913514892254,3.271976575606148,1.0848076388161987,1.0789658111716616,14.845938375350132
116,2020-11-16,21.41,22.209999,20.780001,21.5,21.5,3096500,8729540.97416935,32568900,-0.0863215025300145,914497.6955937697,71.77465383463326,34.40492523817212,7.860283995975201,185444.77629175008,962.2700866896993,19.599101887970274,1.2121115946497483,19.47900005,21.628259608173884,17.329740491826115,22.067452668586903,0.9701619081589987,0.0,0.0,20.1240001,21.3250005,18.922999700000002,11.936000735758293,1.0728557209473029,1.0,0.0,16.879999,22.209999,19.544999,27.36280089490527,0.8667919324577861,7.115373000878832,0.45348365659459944,0.22144673884511823,0.2320369177494812,19.79750016666667,19.638461461538462,20.081709169154806,19.628225512560206,11.456300092982643,24.81273860898853,19.00720209912348,1.059088619225972,0.705121225633939,0.3539673935920331,0.15214225503497267,26.27342134899381,154.80853407445025,-1.059000049999998,48.524930204666624,16.53355916805663,31.991371036609994,20.119999999999997,19.544999,19.832499499999997,19.1700005,18.9050005,19.1700005,100.0,48.0,52.0,19.046246828501225,,0.0,0.0,97.06352252175762,61.62952321420873,1.0,0.8629228375857728,0.8803161131237344,11.234547281644412,47.14739511897507,86.67919324577862,81.00887639039898,-13.320806754221389,1.3344410323529416,19.488130543914586,17.80821917808219,10.398228807836455,9.047576573481095,1.3506522343553602,4.878048780487809,4.7628048989254435,20.44817927170868
117,2020-11-17,21.6,22.17,21.139999,22.049999,22.049999,2419500,10585269.83317045,34988400,-0.0378148696188476,973958.3934375169,77.99781989475214,6.811309981380525,10.480499840066061,212942.85399943276,986.88625345292,19.867964611560826,1.1939005351847736,19.581,21.998295104037158,17.16370489596284,24.690210959983236,1.0106945767350644,1.0,0.0,20.348000033333335,21.583000433333332,19.112999633333335,12.138789050293564,1.1890681843773767,1.0,0.0,16.879999,22.209999,19.544999,27.22026454215821,0.9699812382739211,5.997181206657058,0.5769068480253843,0.29253876068117146,0.2843680873442128,20.10000008333333,19.7103845,20.384522989284836,19.80761614125945,11.584322793718728,23.204722303690684,17.775419853111746,1.131905445562777,0.6533261014668372,0.47857934409593983,0.20198180505865093,26.40049539596263,157.5109564740951,-0.6210009999999997,64.27441528355412,22.792763052872616,41.481652230681505,20.119999999999997,19.544999,19.832499499999997,18.9249995,18.797500499999998,19.1700005,100.0,44.0,56.0,19.489172132511055,,0.0,0.0,98.5317612608788,64.06100711938745,1.0,0.9397940936286245,0.887208909640475,14.085819940794728,55.50611062696471,96.70102956743487,88.00127239674389,-3.29897043256513,1.4875587088235278,19.655536088118975,19.706834961997817,7.366953928299398,8.711452044444755,-1.344498116145357,2.5581348837209195,2.5259621407763166,23.529406162464973
118,2020-11-18,22.049999,23.24,21.959999,22.280001,22.280001,3116500,9027028.354843475,38104900,-0.05828723095241206,937221.6562321568,78.42219056870773,38.81280105888005,11.921603962085742,94402.06741221702,986.88625345292,20.161400960728614,1.2025105816662962,19.70300005,22.39136100991632,17.01463909008368,27.28884893766541,0.9792884936999331,0.0,0.0,20.6676667,21.940667,19.3946664,12.318761652954286,1.133281194042137,1.0,0.0,16.879999,23.24,20.0599995,32.27935331604487,0.8490567847394992,5.171137170707639,0.6853792305079054,0.37110685464651827,0.3142723758613871,20.376666916666668,19.78999996153846,20.676134990933324,19.99075576042542,12.634684376057235,28.024296892773805,16.356783757282574,1.1494701841672763,0.625767177742961,0.5237030064243153,0.2578471263765725,26.446718098128855,175.05554004019854,-0.17299905000000138,83.15737359533043,31.29721588182834,51.86015771350209,20.635000499999997,20.0599995,20.347499999999997,19.439999999999998,18.6449995,19.1700005,100.0,40.0,60.0,19.870087893959507,,0.0,0.0,99.2658806304394,65.05818817672903,1.0,1.0,0.9342389770714657,16.669522134926453,52.944984018871175,83.00886725663716,88.7963633566169,-16.991132743362833,1.6969114794117601,19.91630782638767,17.510559995282694,6.6452876018657845,8.298219155928962,-1.6529315540631773,1.0430930178273456,1.03769034010055,24.81793277310922
119,2020-11-19,22.049999,22.209999,21.469999,22.030001,22.030001,1592000,9844550.473762387,36512900,-0.054840012044803856,746475.7053418488,74.19077859045908,-35.32665640703503,9.166030553135363,14644.439944734288,975.8125751634428,20.352279668031784,1.1632597234996662,19.807500049999998,22.680713659358375,16.93428644064162,29.011370461749685,0.8867622203168375,0.0,0.0,20.893666633333332,22.18766683333333,19.599666433333333,12.386530547353306,0.9390781263660806,0.0,0.0,16.879999,23.24,20.0599995,32.10905456996325,0.8097486148194001,4.3470494589271,0.7426111058944045,0.4454077048960955,0.297203400998309,20.58500025,19.869230807692308,20.884422069251272,20.141810963356868,12.987427989157398,26.578705893521203,18.6335187275723,1.1056455825473501,0.6780326780232873,0.42761290452406286,0.31207114022658256,26.42207824415391,118.7545463306945,-0.7375000499999977,96.6835825173249,42.44764794744861,54.235934569876285,21.07,20.0599995,20.56499975,19.439999999999998,18.87249975,19.1700005,96.0,36.0,60.0,20.409273830925986,,0.0,0.0,99.6329403152197,63.011639966463285,0.9048847147536615,0.9682949049178871,0.9693629995155039,18.147175140508555,48.75842460624477,76.7754465979744,85.4951144740155,-23.224553402025602,1.8685878794117663,20.061997780807175,12.800818596988295,1.995911009666973,7.037757526676565,-5.041846517009592,-1.1220825349155028,-1.128425373548847,23.41737254901959
120,2020-11-20,21.99,22.27,21.4,21.459999,21.459999,2033800,8091269.936291128,34479100,-0.08453873477795949,474226.3092072993,69.18588103343916,-0.213842560723834,7.340752625900284,-70485.88781775517,975.8125751634428,20.50278701589141,1.1339337511496996,19.8885,22.850771389323132,16.92622861067687,29.788786377284676,0.7652523677715906,0.0,0.0,21.179999866666666,22.324000166666668,20.035999566666668,10.80264690464367,0.6223772114978169,0.0,0.0,16.879999,23.24,20.0599995,31.978283932926043,0.720125672936215,3.9227441045742273,0.7335178446628134,0.5030297328494391,0.23048811181337436,20.784166833333334,19.91846153846154,20.97297236628954,20.239454521626726,13.226741192547705,25.082148783225268,18.037363560451393,1.057477774141246,0.7187500784737506,0.3387276956674954,0.3562607862683239,26.387415506840295,93.91717213584903,-0.3085000000000022,112.40048623532716,55.11097228002005,57.289513955307115,21.394999499999997,20.0599995,20.7274995,19.439999999999998,18.87249975,19.1700005,92.0,32.0,60.0,20.862190017977827,,0.0,0.0,99.81647015760984,58.49360625629012,0.6949047773448616,0.8665964973661743,0.9449638007613537,18.031082354092998,44.297869023529984,65.83490707003976,75.20640697488378,-34.16509292996023,1.9917643352941177,20.255964774804855,12.532768746722597,-0.6377685755822136,5.502652306224809,-6.140420881807023,-2.5873898053840216,-2.621451560266852,20.224084033613444
121,2020-11-23,21.73,22.32,21.73,22.190001,22.190001,2326800,9392708.332223319,36805900,-0.04332083215115866,649132.3584062562,69.59612726946023,4.817775485645553,5.826105638561971,26528.119667943633,975.8125751634428,20.628021211661036,1.1065404760347297,20.066000100000004,23.1313968219925,17.000603378007508,30.55314169955073,0.8464479629604684,0.0,0.0,21.408999866666665,22.409000166666665,20.40899956666667,9.341868431294415,0.8905004495165317,0.0,0.0,16.879999,23.24,20.0599995,31.69540998856068,0.8349058435682636,3.6751178753582314,0.7762680947558636,0.5576774052307241,0.2185906895251395,21.001666916666668,19.98000003846154,21.160207540706534,20.38393944595067,13.496870616354814,23.99250797919002,17.017328204982164,1.0285874919878106,0.7516816839457163,0.2769058080420943,0.39835204492319903,26.24384595038742,100.7189635066582,-1.9559991000000032,123.8289909904089,67.92600758325464,55.90298340715425,21.6499995,20.0599995,20.854999499999998,19.439999999999998,18.87249975,19.1700005,88.0,28.000000000000004,60.0,21.242639615101375,,0.0,0.0,99.90823507880492,62.22886799127706,0.8685046386190224,0.8227647102391819,0.885885370841081,19.08184889107545,49.25810086095192,79.84646446189338,74.15227270996918,-20.153535538106624,1.9942349235294152,20.475983230585115,13.329933605720127,-1.9184405974700582,4.018433725485837,-5.9368743229558945,3.4016870177859593,3.345109140561764,24.313731092436953
122,2020-11-24,22.719999,23.780001,22.620001,23.67,23.67,1824400,10871098.290154362,38630300,0.009030903880815037,942129.1894339346,73.82166183263382,74.70955711466772,11.641703538864238,200831.84397232323,1040.8960168194087,20.798212428637715,1.1548864284312568,20.3570001,23.624042314358785,17.089957885641216,32.09748193063854,1.0070335310390588,1.0,0.0,21.685333333333332,22.639333533333335,20.731333133333333,8.798575381210046,1.5401814730576917,1.0,0.0,16.879999,23.780001,20.33,33.89498435970434,0.9840578307078756,3.100617942568527,0.9189781186777033,0.6299375479201199,0.2890405707575834,21.465000166666666,20.12538469230769,21.546329457520915,20.627351338843212,14.941295259845317,30.857158680839852,15.295147614370288,1.0658392769823082,0.6891528835694197,0.37668639341288845,0.45109368353144175,26.21107531205199,147.70365020359193,-0.8169991000000003,135.80916521001464,80.72205543780919,55.08710977220545,21.92,20.33,21.125,19.7100005,18.917499999999997,19.1700005,100.0,24.0,76.0,21.4,,0.0,0.0,99.95411753940246,68.43157189698232,1.0,0.8544698053212946,0.8479436709755502,22.140694917757163,57.294457837648835,98.08693913043483,81.25610355412266,-1.9130608695651636,2.1567646205882376,20.83446931264662,30.701262799488532,-4.45417289714767,2.3239124009591356,-6.778085298106806,6.669666215878056,6.456664151604619,32.60504201680672
123,2020-11-25,23.639999,23.639999,22.99,23.559999,23.559999,1877400,12286368.348416,36752900,0.00870572231831699,778037.0370290867,72.74185899094783,3.981512197800171,11.68148152763352,112956.59629799255,1040.8960168194087,21.025816528551342,1.1073977855881314,20.6530001,23.954291093778394,17.351709106221605,31.969118072859494,0.9402821359096373,0.0,0.0,21.928333233333333,22.861333233333333,20.995333233333334,8.50953868743424,1.3744189531975715,1.0,0.0,17.360001,23.780001,20.570000999999998,31.08507223606704,0.9657317757009349,3.049493323822435,1.0115402728195626,0.7062580929000085,0.3052821799195541,21.8,20.26192311538462,21.856124771748465,20.844584498928903,16.28254671451507,29.482943846346586,14.613982541304663,1.0790620960673831,0.7148311652310613,0.36423093083632185,0.5062737459117291,26.183503550450183,137.06703939463839,0.4069989000000014,147.33538224256262,94.0447804699964,53.29060177256622,22.0650005,20.33,21.197500249999997,19.7100005,19.072500249999997,19.1700005,96.0,20.0,76.0,21.73,,0.0,0.0,99.97705876970122,67.5437494744015,0.9643299917817001,0.9442782101335739,0.8738375752313501,24.252318377543236,59.275273132604255,96.17387826086961,91.36909395106595,-3.826121739130389,2.1844705323529396,21.12169568752158,20.57317192563092,-6.337178592362195,0.5916942022948697,-6.928872794657064,-0.4647275031685716,-0.46581071873292856,31.988789915966386
124,2020-11-27,23.559999,23.77,23.16,23.280001,23.280001,702300,11860385.405137308,36050600,-0.030951367390754873,638797.089539217,81.42721436911197,13.028663676491592,14.225045860007166,-17071.254405372216,1028.5255238105847,21.3456279722333,1.0576580070293182,20.90450015,24.20159856748809,17.60740173251191,31.54438894811929,0.8602411194946653,0.0,0.0,22.229333266666664,23.145333166666667,21.31333336666667,8.241361888919625,1.0735086506741605,1.0,0.0,17.59,23.780001,20.6850005,29.610853909845815,0.9192245687843992,1.747380992156993,1.0501969317874682,0.7750458606775005,0.2751510711099677,21.985000166666666,20.394230846153846,22.075182653017933,21.024985721230465,17.62443011267432,29.145888155178447,14.011174754014124,1.1809407392748965,0.7044633224734637,0.47647741680143285,0.5565105740078532,26.13745910449022,123.55380644232334,0.11549984999999907,157.75335932459836,107.75196506708754,50.001394257510825,22.280001,20.33,21.3050005,19.7100005,19.28000025,19.1700005,92.0,16.0,76.0,22.09900018,,0.0,0.0,99.98852938485061,65.22410874367948,0.7889410099024179,0.9177570005613725,0.9055016720054136,25.2665709628443,56.621747377087424,89.75410046022532,94.67163928384326,-10.245899539774685,2.4122648794117687,21.463252956897946,10.541320538524229,-11.859304181660931,-1.8985054744962908,-9.96079870716464,-1.188446569968027,-1.1955650520000471,30.420173669467765
125,2020-11-30,23.0,23.040001,21.82,21.91,21.91,2447300,9774162.158353083,33603300,-0.11731047091631547,68568.44141932944,73.41780121485296,-51.59565337308461,8.418963273250927,-152367.22071102448,1028.5255238105847,21.616043912945415,1.0978923063263861,21.07900015,24.196164689321343,17.961835610678655,29.5760189490899,0.6332941908451395,0.0,0.0,22.3883333,23.3463333,21.4303333,8.558028747946148,0.2503479645093941,0.0,0.0,18.030001,23.780001,20.905001,27.278333692691774,0.6747824347826089,2.591337138868162,0.9592276026963695,0.8118822090812744,0.14734539361509513,22.059166833333332,20.47000003846154,22.04976993716902,21.09054233447265,17.091299418363835,26.344879283407295,21.485069336302956,1.1038104783802634,0.7969776619652881,0.3068328164149753,0.5862824205415529,26.16658212581956,59.724072322577626,-0.7989991500000002,165.44310960099756,120.74287388890207,44.70023571209549,22.46,20.33,21.395,19.7100005,19.28000025,19.1700005,88.0,12.0,76.0,,23.780001,0.0,1.0,89.68661289116636,55.229665389523625,0.0,0.5844236672280393,0.8154862926409953,22.89994480540255,52.600145590413604,55.79195943642582,80.57331271917359,-44.20804056357418,2.459941435294116,21.48002250536407,4.2340627973358735,-10.196858979005667,-3.558176175398166,-6.6386828036075,-5.88488376783145,-6.06515122111877,22.745098039215673
126,2020-12-01,22.32,22.719999,21.93,22.139999,22.139999,2371000,8663689.396995153,35974300,-0.15545469462314707,136676.89678799646,72.23288196268855,-3.4985527203289717,6.933011270466951,-119131.32051403684,1039.3224129913656,21.786573236209602,1.0691029756937476,21.238000149999998,24.22843511876331,18.247565181236684,28.16117287543492,0.6508139885036559,0.0,0.0,22.4649999,23.359,21.570999800000003,7.959048332780092,0.3182321791686584,0.0,0.0,18.030001,23.780001,20.905001,27.07411224874674,0.7147822608695654,3.1143925340350376,0.8953714661982524,0.82858006050467,0.06679140569358233,22.214166666666667,20.558461538461536,22.06365133145071,21.168279865252458,16.596249487932674,24.914331272108996,20.31841289119211,1.0715274057196509,0.8236111029128111,0.24791630280683974,0.6021633288299736,26.07645064585675,54.2436766671153,-0.7380001499999977,165.79063504821045,132.02245386275277,33.76818118545768,22.5900005,20.33,21.46000025,19.7100005,19.28000025,19.1700005,84.0,8.0,76.0,,23.77,0.0,0.0,62.88343043681057,56.43654113441841,0.09141677713085894,0.2934525956777589,0.5985444211557235,21.38474212111622,48.13718631189194,55.91394843336105,67.15333611000408,-44.08605156663894,2.458764879411767,21.49134147900631,9.171587318955265,-9.041853923830816,-4.6549117250846965,-4.3869421987461195,1.0497444089456742,1.0442728505996257,24.03360784313724
127,2020-12-02,21.799999,22.459999,21.629999,22.34,22.34,1674500,9854000.660850573,37648800,-0.13230467849099642,164994.72217542562,65.56513473562495,-13.878794565541918,4.915053781018888,40015.984183010245,1048.711100042376,21.893535447328905,1.0451926781243726,21.3785001,24.297946772436795,18.459053427563205,27.311987826842866,0.6646715984021482,0.0,0.0,22.500666566666666,23.37466656666667,21.626666566666664,7.768658740935069,0.4080854881769645,0.0,0.0,18.030001,23.780001,20.905001,26.896180616525108,0.7495650434782611,3.457171001605921,0.8510925619196961,0.8330825607876753,0.01801000113202078,22.367499999999996,20.700769269230765,22.106166511227524,21.25507394930783,15.777008115613768,23.5058212322365,21.21313819391838,0.9839939501756575,0.8552540416829386,0.12873990849271888,0.6088058442226503,25.920005064769718,42.80522998134202,0.12149989999999988,160.44246336093227,140.60968605893078,19.83277730200149,22.5900005,20.33,21.46000025,19.7100005,19.01499975,19.1700005,80.0,4.0,76.0,,23.730999999999998,0.0,0.0,56.749680107954354,57.509191334431605,0.17266642084005931,0.08802773265697268,0.32196799852092356,20.474906849703846,54.217871282339395,61.29031651058253,57.665408126789806,-38.70968348941747,2.182029199999999,21.499253778796856,8.97560975609756,-10.497497183360961,-5.82342881673995,-4.674068366621011,0.9033469242704095,0.8992911527683223,25.15406162464986
128,2020-12-03,22.5,23.969999,22.469999,23.76,23.76,2946500,11975484.589517241,40595300,-0.0663827862717065,739142.6190075085,75.68681705646728,59.816731715594806,9.959935422837448,202415.26403204707,1048.711100042376,22.201839465572963,1.1036733103119354,21.6130001,24.506385951489957,18.719614248510045,26.77449533246387,0.871018593820523,0.0,0.0,22.591333166666665,23.487333066666668,21.69533326666667,7.9322445770667525,1.152157903886671,1.0,0.0,18.030001,23.969999,21.0,27.48344964843637,0.9646466210931385,3.312434221438178,0.9199784054402542,0.8504617297181911,0.0695166757220631,22.555833333333336,20.928076961538466,22.360602432577135,21.44062402713688,16.361562580152498,30.888876162055517,18.94765842509262,1.0738028492283445,0.7307181209151432,0.34308472831320125,0.6215369945774186,25.848037005600805,110.94051351357767,0.43699889999999897,160.9913498129531,147.7549935362228,13.236356276730305,22.6849995,20.424999,21.55499925,19.8049995,18.82249975,19.1700005,100.0,28.000000000000004,72.0,21.629999,,1.0,0.0,66.3367873883004,64.241394295058,0.6826081445466237,0.3155637808391806,0.232348036391304,21.81614684138898,57.979893785695936,94.1989210494257,70.46772866445643,-5.801078950574291,2.0631761882352926,21.5885390433072,10.511627906976752,-7.040163721779451,-6.066775797747851,-0.9733879240316003,6.356311548791416,6.162470085338967,33.10924369747899
129,2020-12-04,23.9,25.469999,23.799999,24.950001,24.950001,3017500,13113830.140415443,43612800,-0.02059672686780459,1146526.247363578,75.99899651181498,78.31151615575811,15.01294949983402,338417.8451007954,1048.711100042376,22.600188088618584,1.1643058792807417,21.88150015,24.96107961775244,18.801920682247562,28.147791025675524,0.9982012775009628,0.0,0.0,22.874999833333334,23.863999733333337,21.885999933333334,8.646993724203973,1.549040129663644,1.0,0.0,18.030001,25.469999,21.75,34.00131594725237,0.9301077769106926,3.2353015039529134,1.05839356597129,0.8920480969688109,0.16634546900247904,22.797500166666666,21.209230884615383,22.758971442949882,21.700577876978592,17.855778217673166,37.00755235814571,16.90765101922157,1.1372792018540048,0.6719143990032242,0.4653648028507805,0.6477455009623614,25.852387161116727,177.7736224634054,0.3985008499999978,171.22804429737434,154.29138887645024,16.936655420924097,23.549999,21.415,22.4824995,20.5549995,18.58999975,19.1700005,100.0,24.0,76.0,21.629999,,0.0,0.0,77.45733225086087,68.71485873733823,1.0,0.6184248551288943,0.3406721228750158,24.505412013680083,56.5438522655493,88.91261787318457,81.46728514439762,-11.087382126815422,2.1748230617647053,21.88401088947033,13.151937104396245,-4.082514604902614,-5.6699235591788035,1.5874089542761896,5.008421717171707,4.887036778324294,39.77591596638654
130,2020-12-07,24.76,24.76,23.9,24.190001,24.190001,2864400,12181241.452973578,40748400,0.04544022240150863,671744.783454495,66.35334896276049,-9.157210585113857,11.901368369599307,63876.864283682706,1016.7663944677267,22.86411718036409,1.1528753913526677,22.18550015,24.893846465632908,19.47715383436709,24.415463228877524,0.8700599215155339,0.0,0.0,23.132333233333334,24.120333133333332,22.144333333333332,8.542155173316521,1.035257021112384,1.0,0.0,18.9,25.469999,22.1849995,29.613932323270177,0.8051753128120717,3.3361562394105415,1.094150246547219,0.9324685268844927,0.16168171966272638,22.956666833333333,21.43769246153846,22.97912983634221,21.88497958979499,19.2432641667995,34.54788592903096,15.783902515005419,1.1274634356206479,0.77989480160452,0.3475686340161279,0.6727397631947233,25.823469016562743,139.19656038272058,-0.1554991500000007,181.3103746202987,160.67820927977132,20.632165340527365,23.549999,21.529999500000002,22.53999925,20.5549995,18.57749975,19.1700005,96.0,20.0,76.0,21.783599000000002,,0.0,0.0,86.18110029333445,63.2708590275098,0.5962979862865163,0.75963537694438,0.5645413376374849,24.895627122722715,52.6214078685324,70.43884526558887,84.51679472939973,-29.561154734411133,2.435705329411764,22.059777194105585,8.572710566754465,-2.273497564642758,-4.9906383602715945,2.7171407956288363,-3.0460920622808807,-3.093449631635581,35.51821288515404
131,2020-12-08,24.18,24.42,24.01,24.24,24.24,2275300,12458717.06272964,43023700,0.08785051698123529,592033.0607752814,58.76943006703139,-2.0722542082362487,11.266828070340965,-82549.37884937273,1018.8679778019728,23.04756013744902,1.0785878522174008,22.420500099999998,24.981496124128537,19.85950407587146,22.84512845570772,0.8552328630848116,0.0,0.0,23.346666533333334,24.316666433333335,22.376666633333333,8.309536597998505,0.9604812158571684,0.0,0.0,19.549999,25.469999,22.509999,26.404406563616313,0.7922298986486482,3.421748925837582,1.113684315413856,0.9687116845903654,0.14497263082349066,23.140833416666666,21.661538615384618,23.17310986152033,22.059425546106475,20.531643976702522,33.608563633478205,15.354754069464294,1.1157531269000427,0.7910958648433156,0.32465726205672707,0.6946789879439079,25.705351459557754,119.75212520965509,-0.9605010999999983,185.5570877463235,166.20575622825012,19.35133151807338,23.549999,21.75,22.6499995,20.6449995,18.54,19.1700005,92.0,16.0,76.0,21.931055,,0.0,0.0,92.1247321201683,63.475871229390165,0.6115007495389682,0.7359329119418282,0.7046643813383676,25.26334049914138,53.4233783375809,69.7788869235594,76.37678335411096,-30.22111307644061,2.6945877823529436,22.183919721436315,10.031769857840677,-2.7431133175618636,-4.541133351729648,1.7980200341677848,0.20669283973986374,0.20647952397823133,35.79831932773108
132,2020-12-09,24.370001,24.91,24.299999,24.84,24.84,1880900,13907935.80319072,44904600,0.047758365234476505,668676.9092359559,57.35974553301499,12.648204848715993,9.397928341043533,51259.81287567038,1044.0874822030116,23.20858302777247,1.037729066995661,22.60950015,25.29583964168788,19.923160658312117,23.76292685699097,0.9151559877114662,0.0,0.0,23.479333099999998,24.3943331,22.5643331,7.794088495639606,1.2435338251366113,1.0,0.0,20.059999,25.469999,22.764999000000003,23.927994710665907,0.8835491682070238,3.4237771561386556,1.1641604740368514,1.0078014424796626,0.15635903155718878,23.42250016666667,21.887692499999996,23.429554498209512,22.26539402417266,22.02681929767876,35.413452838844414,14.653600529133445,1.0786272939775134,0.8191565662392328,0.2594707277382806,0.7176576990074606,25.591787880486105,129.35597411593056,-0.41949915000000004,182.94787477704566,170.16269984319266,12.785174933853,23.549999,21.75,22.6499995,21.0349995,18.662499750000002,19.1700005,88.0,12.0,76.0,22.072612760000002,,0.0,0.0,95.88742193638336,65.93326137726044,0.7937295158968871,0.6671760839074571,0.7209147909312218,26.33373166683101,62.09130824904001,84.52090528769169,74.91287915894667,-15.47909471230831,3.068205544117646,22.26804167048554,15.750238385379237,-4.401738153727314,-4.513254312129182,0.11151615840186757,2.4752475247524774,2.4451095864164163,39.159663865546214
133,2020-12-10,24.34,25.16,24.33,24.85,24.85,1852500,14376640.622467836,46757100,0.04563838670960157,575798.0650593912,62.98570899672256,6.272626990553289,12.369305726585557,47302.703639929445,1044.5078072763622,23.374360542185862,1.016956160296095,22.80100015,25.552072056512422,20.049928243487578,24.131151163668775,0.8724002715358958,0.0,0.0,23.6176665,24.550666600000003,22.6846664,7.9008660741314225,1.160414452259972,1.0,0.0,20.059999,25.469999,22.764999000000003,23.727029360157257,0.8853975970425139,3.4122999796796485,1.1912382567296582,1.044488805329662,0.1467494513999963,23.644166749999997,22.092307846153844,23.64808457540805,22.45684631867839,23.563015447538813,35.10952169465823,13.812166549986,1.1206280513918627,0.7330478943611707,0.38758015703069204,0.7386451383136062,25.48015712143294,118.30587631162892,0.8689998500000016,180.62959865922278,172.70450421370646,7.925094445516322,23.549999,21.75,22.6499995,21.174999,18.732499500000003,19.1700005,84.0,8.0,76.0,22.2085082096,,0.0,0.0,97.94371096819168,65.9743511837298,0.7967765472155754,0.7340022708838102,0.7123704222443651,27.198949263475384,64.07046675062445,84.7666055937606,79.68879926833723,-15.2333944062394,3.227323391176469,22.3628741731155,11.987376656720308,-5.809084059866011,-4.772420261676548,-1.0366637981894629,0.040257648953301306,0.040249547735982105,39.2156862745098
134,2020-12-11,24.74,25.040001,23.809999,23.93,23.93,2467000,12391009.704794526,44290100,0.037022488664662546,169306.912908049,61.611007063412785,-15.954626672071255,11.244964004346457,-90587.8286627981,1044.5078072763622,23.556812264585066,1.0382607442664855,22.9835001,25.51707711623648,20.449923083763522,22.046920662327476,0.6867912232259639,0.0,0.0,23.70333313333333,24.698333433333335,22.708332833333333,8.395446280934726,0.613902913731114,0.0,0.0,20.35,25.469999,22.9099995,22.276846336385468,0.6992188865661885,3.44529344717564,1.1254873656003248,1.0606885173837945,0.06479884821653026,23.66583341666667,22.279230923076927,23.691456179191427,22.565968813591102,24.237147933092082,32.16216074834933,16.201674298797066,1.0862906630075626,0.7522617602975977,0.3340289027099649,0.7470309603059185,25.51352618501199,79.39040936542436,0.5764989000000007,180.08416293496094,174.33128791748018,5.752875017480761,23.549999,21.75,22.6499995,21.174999,18.732499500000003,19.1700005,80.0,4.0,76.0,22.338967841216,,0.0,0.0,98.97185548409584,58.93186167212012,0.2745378718056326,0.621681311639365,0.6742865554768773,25.829985556985633,56.88552912949922,59.89585937499995,76.39445675215076,-40.10414062500004,3.050176532352939,22.38639119977125,1.0984368398816982,-4.74655216900327,-4.767246643141894,0.020694474138623242,-3.7022132796780793,-3.7724850622355532,34.06162464985994
135,2020-12-14,24.27,24.370001,23.209999,23.24,23.24,1799600,10684495.405681245,42490500,0.04433278625099279,-32268.93179310116,55.14892750785999,-40.931388641920485,7.977166566663166,-143223.44699202344,1014.3903652780049,23.674342046776843,1.050434869839837,23.1205001,25.38402398712859,20.856976212871412,19.58023293041649,0.5263968718597422,0.0,0.0,23.8383331,24.8273335,22.849332699999998,8.297563389614703,0.19750613852127852,0.0,0.0,20.780001,25.469999,23.125,20.285019699898285,0.5245202663199426,3.900465523975319,1.0061043327713541,1.0497716804613066,-0.04366734768995251,23.639166833333334,22.420000153846154,23.622001382392742,22.61589704962139,24.069263702439137,29.635439204246893,18.992380729560715,1.039536324566532,0.8248127147622262,0.21472360980430594,0.7387133073275436,25.288449132183946,33.265908748993596,0.15950089999999761,180.89404070210705,176.0094441012465,4.8845966008605615,23.549999,21.75,22.6499995,21.174999,18.67999975,19.1700005,76.0,4.0,72.0,22.46420908756736,,0.0,0.0,49.48592774204792,54.25418428374644,0.0,0.3571048063404027,0.570929462954526,23.21500786074124,45.85577380426209,41.92710937499992,62.196524781253494,-58.072890625000085,2.7987941794117646,22.419335379364593,-1.3582301085836328,-6.1829834373589305,-5.0503940019853015,-1.132589435373629,-2.8834099456748863,-2.9257969936571815,30.19607843137253
136,2020-12-15,23.450001,23.65,22.91,23.43,23.43,1790000,11410171.081356924,44280500,0.06193806972373742,20926.629891627897,49.20829114710346,-21.083798882681513,1.1347839954239356,-37255.59409148743,1022.6835739442192,23.67311377904439,1.019391382855853,23.2170001,25.357150868147354,21.076849331852646,18.436066321482713,0.5497628258649239,0.0,0.0,23.944999833333334,24.92900033333333,22.960999333333334,8.218839063261903,0.2383132257893501,0.0,0.0,21.139999,25.469999,23.304999000000002,18.65012698173698,0.5288685912240183,4.226663615791678,0.9162617363068151,1.0230696916304083,-0.10680795532359322,23.65166675,22.6246155,23.592462708178473,22.67620097187166,23.538495707936267,28.11785758706807,20.095819281937278,0.9869752560835191,0.9594791694328868,0.0274960866506323,0.7200131837200309,24.931311984529643,9.255840087016468,-1.3070000999999998,180.92763958059658,178.2855747923203,2.6420647882762864,23.969999,22.1849995,23.077499250000002,21.174999,18.794999500000003,19.1700005,72.0,12.0,60.0,22.584440684064667,,0.0,0.0,24.74296387102396,55.306186633518585,0.07274918975240781,0.11576235385268013,0.36484949061081595,21.387991417765654,42.5518924335231,46.875026041666615,49.565998263888844,-53.12497395833338,2.4667941499999984,22.457112225753534,0.6443255736973599,-7.331908132420663,-5.506696828072375,-1.8252113043482883,0.8175559380378727,0.8142320535994063,31.26050420168065
137,2020-12-16,23.43,23.459999,22.879999,23.059999,23.059999,1866800,10702074.529632788,42413700,0.002733776379116965,-80736.8696357471,43.061288697270754,-3.4176440968501742,0.6062728315203394,-14845.81131262177,1022.6835739442192,23.656800937957065,0.9754522445702675,23.2675001,25.341770059769388,21.19323014023061,17.82976212188252,0.4499821373243366,0.0,0.0,24.0439998,25.0030003,23.0849993,7.9770463148980735,-0.013034560461646541,0.0,1.0,21.4,25.469999,23.4349995,17.492205791373365,0.4078622623740206,4.684874154162949,0.8059147591758311,0.9796387051394928,-0.1737239459636617,23.747500000000002,22.760000038461538,23.510545214612552,22.70463045543672,23.007183740904594,26.952856204533802,19.477508049992647,0.9599124723223461,0.9650147306819106,-0.00510225835956446,0.6904707318167992,24.554273835790806,-11.307315608685062,-1.1275011,176.69966366627844,180.03094299824534,-3.331279331966897,24.174999,22.509999,23.342499,21.174999,18.927499500000003,19.1700005,68.0,8.0,60.0,22.699863016702082,,0.0,0.0,12.37148193551198,52.76159983482036,0.0,0.02424972991746927,0.16570563003685065,19.109053549206255,42.45162054683576,37.23958333333333,42.01390624999996,-62.76041666666667,2.010382314705879,22.468009385270996,5.24874030123232,-7.912677860688428,-5.987893034595586,-1.924784826092842,-1.579176269739646,-1.5917781043926826,29.187669467787103
138,2020-12-17,23.32,23.75,23.139999,23.389999,23.389999,2017800,10338206.244498828,44431500,0.031497650359984315,25921.826026501963,45.435442223714176,8.313538507309921,0.26947817657879153,-604.3458265823501,1022.6835739442192,23.64764372208738,0.9469071201132406,23.323,25.347412312747018,21.298587687252983,17.35979344635782,0.5165477653880413,0.0,0.0,24.046666466666668,24.916667066666665,23.176665866666667,7.235935186326041,0.1226051644868593,0.0,0.0,21.4,25.469999,23.4349995,17.45058097157314,0.48894336337674765,4.954448245470457,0.7366011473589538,0.931031193583385,-0.19443004622443127,23.85166666666667,22.84961542307692,23.491999643133695,22.75539849577474,22.7885799933693,27.712798365209668,18.495711146530365,0.9608695040957962,0.9478262470068854,0.013043257088910742,0.6567444697712236,24.28879377233814,9.269978796600448,-0.9830000000000005,168.49188695177412,179.72692551540086,-11.235038563626745,24.0199995,22.764999000000003,23.39249925,21.174999,19.145,19.1700005,64.0,4.0,60.0,22.810668456033998,,0.0,0.0,6.18574096775599,54.76079081992387,0.12531552313665403,0.06602157096302062,0.06867788491105664,17.746981331808513,43.226249285308555,45.833333333333286,43.315980902777746,-54.166666666666714,1.5874410823529423,22.478786621684893,5.64589004723984,-7.736910028147529,-6.337696433305974,-1.3992135948415543,1.431049498310899,1.4209066366996037,31.036408963585416
139,2020-12-18,23.379999,23.690001,22.91,23.1,23.1,3820100,8379178.217483494,40611400,-0.033413343615770995,-136042.0319629973,43.42225377885985,-2.960638857595352,3.7434077848280247,-18487.48233651543,1022.6835739442192,23.703440715989814,0.9302165081019165,23.376499950000003,25.316183622819235,21.43681627718077,16.595159044065806,0.4287255046081501,0.0,0.0,23.895999866666667,24.677000566666667,23.114999166666667,6.536664750232476,-0.009602530872677699,0.0,1.0,21.4,25.469999,23.4349995,17.410643204523023,0.4176905203170816,4.952227637410926,0.6507674726037536,0.8749784493874588,-0.22421097678370527,23.915000000000003,22.92961542307692,23.431692005728515,22.78092453312476,22.262737105512514,26.110534110767748,19.13119265235648,1.0434452611447376,0.9123477401378847,0.1310975210068529,0.61783861751621,24.139222464341376,-14.569374630275364,0.38350004999999854,155.5916344759766,176.86928772158728,-21.27765324561068,24.0199995,22.764999000000003,23.39249925,21.174999,19.30250025,19.1700005,60.0,4.0,56.0,,25.469999,0.0,1.0,3.092870483877995,52.65196396653676,0.0,0.041771841045551344,0.044014380642013705,16.004052832573144,39.75148607572383,38.281276041666665,40.45139756944443,-61.718723958333335,1.2070000058823496,22.54607615381297,3.401969561324985,-1.0858201387007669,-5.2873211743849335,4.201501035684167,-1.239841865747826,-1.2475920315025757,29.41176470588236
140,2020-12-21,22.48,23.17,22.360001,23.01,23.01,2176400,9695764.810306448,38435000,0.03646703578565911,-144589.7416825691,36.74576059783642,-19.911296866384824,2.5710689172526062,-55842.67963291325,1018.6990924872938,23.751201803885856,0.9181947572917248,23.454,25.19486673355582,21.71313326644418,14.844945284862446,0.3724773150518237,0.0,0.0,23.752333200000002,24.528333800000002,22.9763326,6.534099984754352,0.02169289559827807,0.0,0.0,21.629999,25.469999,23.549999,16.372473778459966,0.3593752604166667,5.085141484203154,0.568923226312883,0.8137674047725437,-0.24484417845966078,23.852500000000003,23.034615384615385,23.366816312539513,22.79789308622663,21.04513001835783,24.524790141336343,22.0930905855164,0.994664864431444,0.9291159514890396,0.06554891294240439,0.5752361662099588,24.071120155979244,-61.27937577687562,1.4960009999999997,148.8364382049285,172.7892155503212,-23.95277734539269,23.7600005,22.9099995,23.335,21.174999,19.4125005,19.1700005,56.00000000000001,20.0,36.00000000000001,,25.41879902,0.0,0.0,1.5464352419389975,51.982907958577805,0.0,0.04177184104555134,0.049855084351374396,14.371413176556313,41.73800185810631,35.93752604166667,40.01737847222222,-64.06247395833333,0.8853824147058837,22.578712570692982,-3.156565656565656,-1.6465308443508977,-4.559163108378127,2.912632264027229,-0.3896103896103842,-0.39037134804731366,28.90756302521009
141,2020-12-22,23.01,23.09,22.65,22.690001,22.690001,1355800,8586480.063942812,37079200,-0.01873751131905188,-185913.2991850598,37.041493367333366,3.4075660126861864,3.8058089585546138,-27334.528072718393,1004.5320915791302,23.795281152435162,0.8703752815625524,23.479,25.159867985298458,21.79813201470154,14.318054306388339,0.2653001285940062,0.0,0.0,23.610999900000003,24.3900005,22.8319993,6.598624397944279,-0.09114132903106939,0.0,1.0,21.629999,25.469999,23.549999,16.355040674645426,0.2760421874999993,5.428091076360953,0.47278980000165305,0.7455718838183656,-0.27278208381671254,23.66416666666667,23.118846192307693,23.262690879841124,22.78990107983947,19.91449486599991,23.683368529161566,21.335098211626278,1.0408486124591947,0.912804505010368,0.12804410744882666,0.5281217286098504,23.8960081651249,-71.63060123710379,0.7110009999999996,139.9634607995929,168.01316955282644,-28.049708753233546,23.7600005,23.125,23.442500250000002,21.174999,19.4125005,19.1700005,52.0,16.0,36.0,,25.2964470992,0.0,0.0,0.7732176209694988,49.57097010911197,0.0,0.0,0.027847894030367526,12.308542043891544,42.613272705228155,10.610939299639362,28.27658046099091,-89.38906070036064,0.7058824000000001,22.589371912396143,-9.0581158694142,-4.9753995534438396,-4.64241039739127,-0.3329891560525695,-1.3906953498479036,-1.4004561183246889,27.114851540616236
142,2020-12-23,22.9,23.440001,22.76,22.889999,22.889999,2516800,7031977.128800059,39596000,-0.0878117553186147,-87446.40410147955,36.12363047228252,6.214262952976001,-0.022938810203872277,3328.951751125387,1004.5320915791302,23.771264114292233,0.8583377534062973,23.43999995,25.137445502588214,21.742554397411787,14.483323858438945,0.33799157823902615,0.0,0.0,23.445666600000003,24.231667199999997,22.659666,6.7048688647649515,0.1465221527820709,0.0,0.0,21.629999,25.469999,23.549999,16.38225259467204,0.3281249999999995,5.859476771616647,0.4080379269657719,0.6780650924478469,-0.27002716548207495,23.55583316666667,23.172307692307694,23.205353667557873,22.7973157405921,19.27953396121321,25.045099988216634,20.071027854958107,0.9873420306573711,1.0075949335042478,-0.02025290284687664,0.48088017456615095,23.760559519761653,-45.48440132554399,0.8000000499999977,129.48477932992955,162.33041184957165,-32.845632519642095,23.700001,23.304999000000002,23.5025,21.174999,19.832499499999997,19.1700005,48.0,12.0,36.0,,25.178989255232,0.0,0.0,0.3866088104847494,51.09815801151895,0.07977417399698263,0.026591391332327543,0.02278774412595959,10.941877415426251,44.62130218629953,17.04174729372813,21.1967375450114,-82.95825270627186,0.5833532735294114,22.639625434762454,-5.374129583541561,-3.433381513359416,-4.400604620584899,0.9672231072254833,0.8814367174333704,0.8775747413246826,28.235288515406154
143,2020-12-24,23.08,23.200001,22.74,22.9,22.9,580700,6855241.468008015,40176700,-0.12802256502121445,-74124.40627269684,28.5397125594626,-10.29793869467894,-6.352185585235091,22437.716252974737,1004.9709874239,23.655012356214613,0.8185040780656678,23.407,25.11942677274134,21.69457322725866,14.631749243741943,0.35196447285498506,0.0,0.0,23.2623333,24.011333999999998,22.513332600000002,6.439600794474027,0.25812218867085024,0.0,0.0,21.629999,25.469999,23.549999,16.40534882727389,0.3307294270833326,6.223488090649995,0.3534541982115549,0.6131429136005885,-0.2596887153890336,23.444166499999998,23.205000038461534,23.158376180241277,22.80492198202972,18.66013152049455,24.101886854006402,19.47888251150042,0.8622644305800928,1.176414883499605,-0.31415045291951227,0.4347974593578931,23.57435342079521,-50.62420442859789,1.4329999999999998,115.93120996239765,155.20230596373125,-39.2710960013336,23.365001,23.4349995,23.400000249999998,21.174999,19.832499499999997,18.9249995,44.0,8.0,36.0,,25.06622972502272,0.0,0.0,0.1933044052423747,51.177779784627475,0.0979560048142662,0.05924339293708294,0.028611594756470127,9.813406836513343,40.37245648893772,19.285685459173312,15.646124017513609,-80.71431454082669,0.39144170882352824,22.68315019288113,-5.528052805280527,-9.404065244346306,-5.401296745337181,-4.002768499009125,0.0436915702792362,0.043682028291947006,28.291316526610633
144,2020-12-28,23.209999,24.540001,23.08,24.059999,24.059999,2669200,7769344.94629331,42845900,-0.09216110030939324,378788.98473768943,38.07061684189321,45.94638243668519,-2.416214655106587,135461.9846691358,1004.9709874239,23.614982041702067,0.9006537702591011,23.445999899999997,25.18046733203822,21.711532467961774,14.795423009775094,0.6769993165217512,0.0,0.0,23.225666633333336,23.99766723333333,22.45366603333333,6.647822964030918,1.0403702838227522,1.0,0.0,21.629999,25.469999,23.549999,16.37806029334667,0.6328125,6.228237077297032,0.39919673325356086,0.570353677531183,-0.17115694427762218,23.379166416666664,23.2734615,23.29708738328108,22.89789065002752,19.446779494137534,31.37914553335242,17.01812509887275,0.8918679854266398,0.9848079630334458,-0.09293997760680595,0.400841375801886,23.64467449520451,42.328833471922685,1.4040001000000046,107.14403431549148,147.0078608096629,-39.86382649417142,23.450001,23.4349995,23.442500250000002,21.174999,20.347499999999997,19.439999999999998,40.0,4.0,36.0,,24.95798057602181,0.0,0.0,0.4310001057798319,59.42904786884809,0.6009784028605089,0.2595695272239192,0.11513477049777653,11.058534456056858,47.95682437459964,60.71423596937002,32.34722290742383,-39.28576403062998,0.3582946499999977,22.69332447352568,-3.1401006441223775,-6.100536628458161,-5.541144721961377,-0.559391906496784,5.065497816593889,4.941375842357809,34.78991036414565
145,2020-12-29,24.200001,24.200001,23.34,23.66,23.66,2841300,7042498.301580107,40004600,-0.0609962878962171,162316.67853230485,37.399503558539806,-1.2107148136416177,-2.354676126921256,87971.4761188288,1004.9709874239,23.579621395240075,0.896588493233191,23.533499900000002,25.11939155544222,21.947608244557784,13.477737371670909,0.5398829578193107,0.0,0.0,23.238333333333333,23.980333833333333,22.496332833333334,6.386004446675749,0.7841417672000673,0.0,0.0,21.629999,25.469999,23.549999,16.317164961935813,0.5286460937499997,6.312725784426692,0.3985768990756071,0.5359983218400679,-0.1374214227644608,23.27999975,23.33615376923077,23.35292009354553,22.954343194469924,20.177238326806023,29.28957353895537,15.884869333002607,0.9089349423127541,0.9853952849516942,-0.07646034263894008,0.3720789793460253,23.737454425149224,20.445653242264193,0.39650009999999725,101.27083235789864,138.15710445158533,-36.886272093686685,23.450001,23.4349995,23.442500250000002,21.174999,20.56499975,19.439999999999998,36.0,20.0,16.0,,24.854061392980938,0.0,0.0,0.21550005288991594,55.91949045277443,0.38702510871286183,0.3619865054625457,0.22693314187451588,11.132268751826206,46.48854999494559,46.42855229591153,42.1428245748183,-53.57144770408847,0.4459122823529391,22.712213174348996,-4.7887323943662015,-2.8840959833545123,-5.009734974240004,2.125638990885492,-1.6625063035123233,-1.6764810433531618,32.549019607843135
146,2020-12-30,23.73,24.82,23.620001,24.34,24.34,4084500,7859395.57857784,44089100,-0.01729753403223636,535908.5815991183,41.786711132890666,13.220701432243848,-2.313783513812124,70153.74094268311,1004.9709874239,23.601702731209073,0.9269295439098721,23.64349995,25.129559110801168,22.15744078919883,12.570551432265162,0.7343446574578167,0.0,0.0,23.33133336666667,24.119333766666667,22.543332966666664,6.754868121903505,1.1400165744416706,1.0,0.0,21.629999,25.469999,23.549999,16.24125027225506,0.705729427083333,6.33541467601392,0.4477941013683697,0.5183574777457283,-0.07056337637735854,23.314166416666666,23.446923038461538,23.504778540692374,23.056984439324005,21.37138402767414,31.32505578738319,14.439935106730402,0.9170093328623392,0.9802794690257778,-0.06327013616343857,0.3531886887439697,23.949680779688492,67.81358689106187,-0.4034999500000005,95.84049754039157,129.1727526598201,-33.33225511942854,23.590000500000002,23.549999,23.56999975,21.174999,20.7274995,19.439999999999998,32.0,16.0,16.0,22.360001,,1.0,0.0,1.6895469214963186,60.22029608933268,0.6492153009052021,0.5457396041595243,0.3890985456153297,12.477182877928723,49.54403971263724,70.71427525509829,59.28568784012662,-29.285724744901707,0.6023829411764723,22.781856292792085,1.713330547430005,3.7226717233607545,-3.2632536347198524,6.985925358080607,2.874049027895187,2.833522900914076,36.35854341736693
147,2020-12-31,24.59,25.959999,24.34,25.75,25.75,4405300,11122585.497398779,48494400,0.02576936964329948,1346703.49851353,46.47172833126987,34.199656096088816,-0.31899572055958664,372586.6295041158,1004.9709874239,23.762178688772064,0.9962364895188849,23.81399995,25.438726664743452,22.189273235256547,13.645139146340284,1.0957925208073218,1.0,0.0,23.5530001,24.4450004,22.660999800000003,7.574409172613211,1.731501771916444,1.0,0.0,22.360001,25.959999,24.16,15.117149607619778,0.9416669120371733,6.334509015326996,0.5937301532915491,0.5334320128548925,0.0602981404366566,23.52333308333333,23.58384607692308,23.850197226739702,23.256467073448153,23.24193017793691,35.885538927970885,12.753353447543619,0.9753087305669458,0.9128088366625756,0.06249989390437016,0.3531638290686567,24.215114110890987,164.52370699345374,-0.38399994999999976,95.17002265480392,121.02587884904567,-25.855856194241753,24.16,23.794999,23.9774995,21.419999,20.854999499999998,19.439999999999998,100.0,12.0,88.0,22.40920098,,0.0,0.0,17.576367964987245,67.33666721805798,1.0,0.6787468032060212,0.5288243042760303,16.125745058577277,53.72786156139396,94.16669120371735,70.43650625157572,-5.833308796282661,0.8885592411764698,23.24674694892248,10.800344234079182,9.225599838731444,-0.7654829400295933,9.991082778761037,5.792933442892356,5.631353955036378,44.25770308123249
148,2021-01-04,26.950001,28.139999,25.559999,25.92,25.92,7401500,5786626.118716612,55895900,-0.11528439835779088,1334067.9987258846,60.41196174326815,59.258241032223175,5.053351972604302,304060.36880439776,1004.9709874239,24.253762186778996,1.1546128405669962,23.92199995,25.787353787962395,22.056646112037605,15.595300074084276,1.035555241407309,1.0,0.0,23.864333433333336,24.953333633333333,22.775333233333335,9.126592226363217,1.443832042761181,1.0,0.0,22.360001,28.139999,25.25,24.16185106630267,0.6159169951269883,6.239567551358794,0.7148626138776137,0.5697181330594367,0.145144480818177,23.730833083333334,23.670384538461537,24.1686284226259,23.453765808748287,25.945887581757543,43.99821872854693,10.624930745282619,1.0992313489220547,0.7603077539321442,0.3389235949899104,0.3663264428153084,24.717843432568262,229.1070693302013,-0.8620009499999988,92.10274539913537,113.97155784050773,-21.868812441372356,25.25,24.884999,25.0674995,22.509999,21.125,19.7100005,100.0,8.0,92.0,22.551232900800002,,0.0,0.0,58.78818398249362,68.07814752511632,1.0,0.8830717669684006,0.7025193914446487,19.265086993614727,46.936216795928765,61.591699512698824,75.49088865717148,-38.408300487301176,1.4763236617647095,23.646284214545382,10.627400768245847,20.1337573119995,3.414365110376225,16.719392201623275,0.6601941747572893,0.6580244374328803,45.21008403361344
149,2021-01-05,26.209999,27.35,26.0,26.879999,26.879999,3705500,6911994.70316106,59601400,-0.11406429551665738,1651669.1838364727,66.8346068584778,-6.375621373633782,7.521621063196208,186104.86962629645,1042.192096334238,24.505743495975185,1.1821515565102965,24.01849985,26.250290714351085,21.786708985648918,18.583932204667505,1.1410769027930427,1.0,0.0,24.215333366666666,25.361333466666665,23.069333266666668,9.465078036691507,1.662593979412977,1.0,0.0,22.360001,28.139999,25.25,24.06477521950647,0.7820068449850678,5.964642778726077,0.8782014976544126,0.6314148059784319,0.24678669167598066,24.049166416666665,23.798076846153847,24.58576235760653,23.707560859952117,28.456705171019557,40.012303517894274,9.66239011764863,1.1632374261677056,0.7674898810027597,0.3957475451649459,0.39508474389731674,25.148343628509156,207.80659177900594,-0.6285008500000018,95.5355280415498,108.0492344890212,-12.513706447471407,25.394999499999997,24.884999,25.13999925,22.509999,21.197500249999997,19.7100005,100.0,4.0,96.0,22.886558866752,,0.0,0.0,79.39409199124681,71.95046796212327,1.0,1.0,0.853939523391474,23.317947585415144,51.04726469109473,78.20068449850677,77.98635840497433,-21.799315501493222,1.8750588558823544,24.410143184848735,16.565482071356552,18.8330459667167,6.49810128164432,12.33494468507238,3.7036998456790204,3.6367606968493504,50.58822969187675
150,2021-01-06,25.870001,27.43,25.870001,26.450001,26.450001,4121400,5855227.436899999,55480000,-0.11371914374804201,1162545.9065455473,62.63193524180325,-0.9462608579730809,8.96001663638967,71310.76805210323,1042.192096334238,24.750610421448428,1.219936300859267,24.13149985,26.602607193237226,21.660392506762776,20.480346092016532,0.969121901228842,0.0,0.0,24.589000066666667,25.81000016666666,23.367999966666666,9.931270866562885,1.2620805818661849,1.0,0.0,22.360001,28.139999,25.25,23.952087669345588,0.7076127015960906,5.754015719103093,0.9618637285604024,0.697504590494826,0.2643591380655763,24.30416658333333,23.919999923076926,24.87256830259014,23.910704574029737,30.586332222473857,36.163414754040055,9.53453899593384,1.1655845347023028,0.7279221605245351,0.43766237417776777,0.4282665861576598,25.449797536343286,162.67732830821888,-1.0314998499999994,99.13545869102786,103.51278981029175,-4.377331119263886,25.4399995,24.884999,25.16249925,22.509999,21.3050005,19.7100005,96.0,4.0,92.0,23.20176527474688,,0.0,0.0,89.6970459956234,67.97305807086487,0.8222743907221663,0.9407581302407221,0.9412766324030409,25.376984117120816,49.17760910441066,70.76127015960907,70.18455139027157,-29.238729840390942,2.299441194117648,24.7792644780609,13.082523004810733,18.497806947816184,8.898042414878693,9.59976453293749,-1.5996949999886545,-1.612628234107616,48.17927731092435
151,2021-01-07,29.01,29.610001,27.75,28.91,28.91,12353700,8910435.281573199,67833700,-0.054001743824938074,5337909.297939041,74.12590701562472,30.56413892194244,11.387286852017711,1083033.818562957,1042.192096334238,25.722095266764725,1.4139426707733402,24.36499985,27.598069719644162,21.13192998035584,26.53864058730262,1.2028923489519625,1.0,0.0,25.183666733333332,26.54666693333333,23.82066653333333,10.824477741328433,1.8669599119158857,1.0,0.0,22.360001,29.610001,25.985001,29.755797433341662,0.9034481379310344,5.386084833142982,1.2126888869219563,0.8005414497802522,0.4121474371417041,24.788333249999997,24.189230692307692,25.493711640653192,24.281022753731236,33.28089851148176,41.856557855826715,7.880823322282411,1.1757509913375421,0.5984427364603596,0.5773082548771825,0.48289548880095373,25.764818022776968,229.6440959168576,-1.3549998499999987,113.58962527972578,101.74666158249134,11.842963697234438,26.1750005,25.62,25.89750025,23.245,21.395,19.7100005,100.0,4.0,96.0,23.498059298262067,,0.0,0.0,94.8485229978117,76.10964834551707,1.0,0.9407581302407221,0.9605054201604813,30.53669751069364,53.63270576378348,90.34481379310346,79.76892281707312,-9.655186206896555,2.9848235176470617,25.982975340110396,25.15151515151515,32.585460642353155,13.635526060373586,18.94993458197957,9.300562975404048,8.89313599167636,61.96078431372547
152,2021-01-08,29.200001,30.139999,28.92,29.6,29.6,7229400,9740045.166007541,75063100,-0.0586569986641838,5287963.1125191795,76.89143856286873,14.344176971823368,11.818046742340101,1321508.9959230674,1067.066276426615,26.2676301028665,1.3955483036960061,24.60299985,28.560535076324697,20.645464623675302,32.17116002481866,1.1313273116005387,1.0,0.0,25.836000033333335,27.253000033333336,24.419000033333333,10.969190262980362,1.8281580686897185,1.0,0.0,22.360001,30.139999,26.25,31.62215196290382,0.930591370331972,5.120301481150512,1.4504272430522676,0.9305186084346553,0.5199086346176123,25.33749991666667,24.476153807692306,26.125448311321932,24.675021068269665,35.91712172479636,41.94010982019604,7.34668364293734,1.2235422906880287,0.6009720626874765,0.6225702280005522,0.5538494809679597,25.987365153891172,207.00552453464917,-1.912998850000001,131.0840364785886,103.43030897317924,27.65372750540935,26.6099995,25.884999,26.24749925,23.509999,21.46000025,19.7100005,100.0,56.00000000000001,43.99999999999999,23.987014634401103,,0.0,0.0,97.42426149890585,77.81234478187072,1.0,0.9407581302407221,0.9407581302407221,35.215107595549995,54.60804932488702,93.0591370331972,84.72174032863659,-6.940862966802796,3.6569999882352953,27.066187799876047,28.639721860060842,32.74121297578914,17.456663443456698,15.284549532332441,2.3867173988239454,2.358680530175983,65.82633053221288
153,2021-01-11,28.469999,28.84,28.219999,28.389999,28.389999,3503000,8158042.067625426,71560100,-0.08553098315185874,3927020.738873582,76.35076279722104,-17.69914359120749,10.765296404224946,29348.269826523698,1023.4463013745042,26.59595457583546,1.3939935733264055,24.779999800000002,29.06868722577505,20.491312374224954,34.61410379652261,0.9208745988695598,0.0,0.0,26.389666599999998,27.8226666,24.9566666,10.860311512991997,1.197952686671318,1.0,0.0,22.360001,30.139999,26.25,31.39627951086585,0.7750642095280744,4.846025717107643,1.523636106196502,1.0491421079870247,0.47449399820947735,25.81249975,24.70884607692308,26.47384072496471,24.950204618768208,37.420133685775006,38.765516142972054,10.630115483375443,1.1605649142554872,0.6385984643618443,0.5219664498936429,0.6206211355458582,25.95772341855027,133.76245022186686,-1.8900008000000028,143.8054010546424,107.50379416641823,36.30160688822417,26.7399995,26.25,26.494999749999998,23.509999,21.46000025,19.7100005,96.0,52.0,44.0,24.602313070960992,,0.0,0.0,98.71213074945292,68.58147118940852,0.6731436164342885,0.8910478721447629,0.9241880442087357,35.66323112250122,51.28134453818659,77.50642095280745,86.97012392636937,-22.49357904719256,3.796235367647057,27.28866680568456,25.121188844372465,26.9583893409045,19.35700862294626,7.601380717958239,-4.087841216216226,-4.173742606880593,59.04761344537815
154,2021-01-12,28.200001,28.65,27.9,28.299999,28.299999,2069700,8296016.548425432,69490400,-0.056632251483146455,3339407.3476059274,75.92387028044516,-9.240451514712351,11.527499643630126,-149758.2967741571,1020.2018431015854,26.793995913284203,1.3295942159937648,24.99849975,29.530105410800715,20.466894089199286,36.25502095021294,0.8642747733500534,0.0,0.0,26.828666566666662,28.190666466666663,25.46666666666667,10.153317881942124,1.0401367626140563,1.0,0.0,22.360001,30.139999,26.25,31.12185962279596,0.7634960831609469,4.5324623168517935,1.5564506159967273,1.1506038095889652,0.40584680640776205,26.263333083333332,24.88346142307692,26.754788151893216,25.19833753589649,38.40257472393701,37.12097586727804,11.989188821878386,1.173137513116474,0.6201470094438616,0.5529905036726125,0.6792124742552905,25.76213137320504,108.12799972828593,-2.098499750000002,156.15853147436533,113.6024274015812,42.55610407278414,26.88,26.25,26.564999999999998,23.509999,21.55499925,19.8049995,92.0,48.0,44.0,25.156081663864892,,0.0,0.0,99.35606537472646,67.93591331457819,0.6502850310321754,0.7744762158221546,0.8687607394025466,35.778937494589094,48.371986865286395,75.43390860265804,81.9998221962209,-24.56609139734197,3.926823602941173,27.423315266817657,23.63477604345898,19.695082437077428,19.424623385772495,0.27045905130493253,-0.31701304392437457,-0.3175165947706393,58.54341176470588
155,2021-01-13,28.42,28.780001,28.09,28.26,28.26,2715700,6918485.623542731,66774700,-0.05143093690014716,2846831.2573336526,78.51432934886408,4.065268807324087,11.57447841467569,-10399.568374284583,1020.2018431015854,26.95512434638865,1.2656348943943883,25.249499750000002,29.917739071950095,20.58126042804991,36.976885626813996,0.8224449350577001,0.0,0.0,27.2929999,28.637999799999996,25.948,9.856006338094023,0.8594796178051779,0.0,0.0,22.360001,30.139999,26.25,30.81248372059331,0.7583548221991833,4.018257580373801,1.5612318573958035,1.232729419150333,0.32850243824547043,26.709999750000005,25.010769076923076,26.986359205448107,25.425127348052303,39.37018545151777,36.3836250639619,11.505594548847116,1.1657173399421368,0.6141896108653748,0.551527729076762,0.7276737152979827,25.587346135318032,97.46700228635768,-1.1895007500000006,167.5209123519383,121.5669179361975,45.95399441574081,27.2399995,26.25,26.744999749999998,23.75,22.4824995,20.5549995,88.0,44.0,44.0,25.6544733974784,,0.0,0.0,99.67803268736321,67.63121721306902,0.6188868612650029,0.647438502910489,0.7709875302924689,35.77157675479339,52.02636453237345,74.59460467494661,75.84497807680403,-25.40539532505339,4.095294176470592,27.56041556641259,23.406113537117918,14.667080085723553,18.47311472576271,-3.8060346400391563,-0.14133922760914963,-0.14143920571210167,58.31932773109243
156,2021-01-14,28.459999,29.1,28.290001,28.969999,28.969999,1352500,7836845.945592511,68127200,-0.049092835622856434,2577323.0273574167,78.25938683541618,15.571145286506587,12.242827152785017,30141.60981379415,1045.8332050407319,27.16442812938551,1.2230714049549494,25.5264997,30.383643875706657,20.66935552429334,38.05570080340203,0.8544777728879145,0.0,0.0,27.74566653333333,29.05166643333333,26.43966663333333,9.414082003984198,0.9687337520725194,0.0,0.0,22.360001,30.139999,26.25,30.478123093390668,0.8496143572273414,3.4059757402027713,1.603824125074329,1.3069483603351322,0.29687576473919686,27.11916641666667,25.19461515384615,27.291534558456092,25.687710433381763,40.407233820441355,36.46958604993204,10.92771799126907,1.1716495272345606,0.6195877000212525,0.5520618272133081,0.7713293690617861,25.516010028042793,97.2789001855859,-1.8664996999999985,182.52770912322646,131.2733275438,51.25438157942645,27.849999,26.25,27.0499995,23.8649995,22.53999925,20.5549995,84.0,40.0,44.0,26.103025957730562,,0.0,0.0,99.8390163436816,70.18723039739703,0.7137135753760983,0.6609618225577588,0.6942921804301342,36.57086910409817,52.948118377665466,84.18918705259287,78.07256677673251,-15.810812947407127,3.936676544117649,27.792490436239493,20.4073158939034,7.679535216545179,16.314398823919202,-8.634863607374022,2.512381457891011,2.4813400006409747,62.29691316526611
157,2021-01-15,28.639999,29.76,27.99,28.5,28.5,3412600,6390828.996439971,64714600,-0.05799915694386762,1980002.7966777855,74.32939094062668,9.33596422082867,13.645248789606987,-21384.85413255282,1045.8332050407319,27.291481202004462,1.2777642644594547,25.79849975,30.681892945412493,20.91510655458751,37.85796261592685,0.7766007304652239,0.0,0.0,28.085666566666667,29.406666566666665,26.764666566666666,9.40693358204161,0.6568256749936922,0.0,0.0,22.360001,30.139999,26.25,30.15678460139915,0.7892031591781901,2.8616048155175333,1.5814241396364253,1.3618435161953908,0.21958062344103446,27.522499749999998,25.358461307692306,27.477452318693615,25.89602817905719,41.641230590706435,36.55333410021041,9.809673172522777,1.147271849348141,0.6001931916948335,0.5470786576533075,0.8040277797602297,25.618911095469656,86.20875999352279,-1.4584997500000014,194.13196468481348,142.60990746443088,51.52205722038261,28.005,26.25,27.127499999999998,24.085,22.6499995,20.6449995,80.0,36.0,44.0,26.506723261957507,,0.0,0.0,99.9195081718408,66.44669322973655,0.480851085871025,0.6044838408373754,0.6376280554352077,36.06728554030419,51.08450766589288,76.77054911764154,78.51811361506033,-23.229450882358474,3.6421472176470573,27.853457695882607,20.456466610312763,6.175624282665126,14.286643915668387,-8.111019633003261,-1.6223645710170764,-1.635668998818618,59.663865546218474
158,2021-01-19,28.5,28.67,28.030001,28.209999,28.209999,2259300,5402373.111508903,62455300,-0.06618669587673418,1603545.3601095304,70.5449844861765,-14.87182556546282,9.301091075167845,-78354.26104526561,1035.1913567847662,27.476272348288894,1.2139877380135096,26.039499749999997,30.89934497953159,21.179654520468404,37.32671730401883,0.7233095034395984,0.0,0.0,28.261999966666668,29.388999866666666,27.13500006666667,7.975372594503054,0.47692947148146675,0.0,0.0,22.360001,30.139999,26.25,29.87767842967106,0.7519279567938192,3.0069960071195796,1.5227183830724194,1.3940184895707968,0.1286998935016226,27.844999666666666,25.488076653846157,27.59015180812537,26.06743342505295,42.78708473452401,35.15284130001023,9.433828479046353,1.148655570639835,0.7123287886685732,0.43632678197126173,0.823737841850207,25.637773687768924,66.47822984067786,-0.2894997499999974,203.77439308816597,154.63644802516603,49.13794506299993,28.005,26.25,27.127499999999998,24.085,22.6499995,21.0349995,76.0,32.0,44.0,26.870050835761756,,0.0,0.0,99.9597540859204,64.17409397515223,0.37704556008519974,0.523870073777441,0.5964385790575251,34.970304767501794,42.862666086205415,71.61764288494749,77.52579301839397,-28.382357115052514,3.462470932352943,27.876121959241544,15.899749383730486,2.3835757672087503,11.906030285976462,-9.522454518767711,-1.0175473684210568,-1.022759770912307,58.03921008403361
159,2021-01-20,28.43,28.969999,28.25,28.82,28.82,1474900,6262734.68826109,63930200,-0.02930177171036651,1502994.6622224548,74.1538173173087,12.692319479354582,10.294164953239003,8903.161549949778,1057.5758936587329,27.682802480225995,1.1685889642121587,26.32549975,31.132683564563465,21.518315935436533,36.52112104396777,0.7594554677150954,0.0,0.0,28.455666633333333,29.519666433333335,27.391666833333336,7.478298180184726,0.6712093210293204,0.0,0.0,22.360001,30.139999,26.25,29.55308759143309,0.8303342751501993,2.810698045621341,1.508031976840531,1.4168211870247438,0.09121078981578723,28.100833000000005,25.640768961538463,27.779359222259927,26.271327245419396,43.97675794817091,35.35465642577708,8.99318592395337,1.145333984497805,0.6761856210380859,0.4691483634597191,0.8370551944780427,25.54223134311182,71.65122734540866,-0.40549974999999705,208.62480121715942,166.80193052806953,41.82287068908988,28.9449995,26.25,27.59749975,24.085,22.6499995,21.174999,72.0,28.000000000000004,44.0,27.19704565218558,,0.0,0.0,99.9798770429602,66.75014784421582,0.37118199642392324,0.4096928807933827,0.5126822651360664,34.799766692049694,44.309824414478435,79.75461035417496,76.04760078558799,-20.24538964582503,3.347706155882353,27.92666194446694,11.92233009708738,-2.6716517804630397,8.99049387268856,-11.662145653151601,2.162357396751413,2.139310100589409,61.4565826330532
160,2021-01-21,28.950001,29.940001,28.709999,29.299999,29.299999,2415900,6164523.60258806,66346100,-0.048727812251611914,1453942.5082049612,73.70706673112429,36.402667535949234,11.950019674932244,72129.58301637291,1057.5758936587329,27.989676227268212,1.1747302677909428,26.639999699999997,31.36063491064708,21.919364489352915,35.440204683238655,0.78174167048542,0.0,0.0,28.72899986666667,29.759999966666662,27.697999766666662,7.177417277210796,0.7769151687440854,0.0,0.0,22.65,30.139999,26.394999499999997,28.11561217847912,0.8878504523164823,2.769934930460588,1.517630502136452,1.4369830500470855,0.08064745208936652,28.38249958333333,25.847307384615384,28.013303803450707,26.495673301314255,45.44780400784382,38.62991783717731,8.316170224033376,1.1542768329938902,0.658859368635438,0.49541746435845213,0.847467628881065,25.462788901279392,85.24582723833761,0.23999930000000447,217.13294271342755,178.3067435762586,38.82619913716894,29.019999499999997,26.25,27.63499975,24.085,22.6499995,21.174999,68.0,24.0,44.0,27.49134098696702,,0.0,0.0,99.9899385214801,68.65979885322301,0.3289061729133933,0.3590445764741721,0.4308691770149986,35.221931916069956,48.083249952732196,85.51723888228257,78.96316404046834,-14.482761117717432,3.3198236882352994,28.05689024051741,13.040119598765424,-4.5080797068242475,6.290779156785999,-10.798858863610246,1.665506592643995,1.6517891321952138,64.1456526610644
161,2021-01-22,28.76,29.52,28.73,29.23,29.23,2523500,6835327.400056418,63822600,-0.023781073815210878,1221001.7961042528,68.4725103568051,-6.2611452347929175,9.059962437012121,34208.220101763014,1057.5758936587329,28.24758638409747,1.1362572410118486,26.96699965,31.447825833596127,22.486173466403876,33.23192228836718,0.7525204345444849,0.0,0.0,28.769333166666666,29.69333316666667,27.845333166666666,6.423506548775943,0.7492785894660888,0.0,0.0,22.74,30.139999,26.4399995,27.44094298974043,0.877027145544209,2.7900083623248957,1.5022718139536408,1.4500408028283966,0.0522310111252442,28.578333,26.077692000000006,28.20048783368906,26.69821601973542,46.81377534896866,36.71799616037501,7.904575610078354,1.123870222016469,0.7267410033630515,0.39712921865341744,0.8529491401010605,25.402201374108603,73.85984513569686,-0.5169986500000014,218.6769942913231,188.03929444434024,30.637699846982855,28.9200005,26.25,27.58500025,24.085,22.6499995,21.174999,64.0,20.0,44.0,27.75620678827032,,0.0,0.0,99.99496926074005,68.04603221113865,0.28390284728295373,0.3279970055400901,0.3655781542692149,35.39119729212348,48.01847655968361,80.13102620087338,81.8009584791103,-19.868973799126625,3.1975882647058818,28.07003788286087,8.742563569291795,-5.681782058456684,3.8962669137374624,-9.578048972194146,-0.23890444501379893,-0.23919027701735374,63.75350140056022
162,2021-01-25,29.219999,29.389999,28.59,29.15,29.15,2522800,7844451.81496193,61299800,0.011032702439924155,1017740.9680893589,60.86681114898061,-4.280968170267172,4.521447493977095,-12933.440635369889,1054.6813992525508,28.531098646390465,1.1026314169106637,27.2799997,31.441085905307517,23.118913494692485,30.506497441842097,0.7247009804332808,0.0,0.0,28.718333166666667,29.600333166666665,27.83633316666667,6.142417771124225,0.7447090891912314,0.0,0.0,22.74,30.139999,26.4399995,27.126096339363233,0.8662163332724774,2.8194385834324676,1.4667369806029633,1.45338003838331,0.013356942219653334,28.803332916666665,26.297692,28.346566628506128,26.879829647903165,47.838504800452874,34.83763195399562,8.395967722601055,1.0569583088667058,0.8338226071638286,0.22313570170287722,0.8523488793627387,25.38437191401197,64.81107057555302,1.630000299999999,215.17010271141373,195.96870573953703,19.201396971876704,28.9200005,26.25,27.58500025,24.519999499999997,23.077499250000002,21.174999,60.0,16.0,44.0,27.99458600944329,,0.0,0.0,99.99748463037002,67.30551654541111,0.22960587942232832,0.28080496653955844,0.3226155161846069,35.32980730949628,52.87312802493991,76.81500085011749,80.82108864442448,-23.184999149882522,3.0508822676470615,28.088690646811063,10.20793534185499,-6.5813565998728745,1.8007422110153952,-8.38209881088827,-0.2736914129319201,-0.27406663266531517,63.305322128851515
163,2021-01-26,29.32,29.450001,28.9,29.35,29.35,1641400,8888974.204193957,62941200,0.027224208047402873,919246.5440765941,59.46095846338398,6.199021262397963,5.419636253693648,4357.0626057370755,1061.9176352680058,28.687910597502878,1.0473683752195975,27.602499700000003,31.33327899955666,23.871720400443344,27.032184331889752,0.7342004390621096,0.0,0.0,28.793333266666668,29.668333266666668,27.918333266666668,6.077795800133817,0.8180952761904763,0.0,0.0,23.08,30.139999,26.6099995,25.577390007181126,0.888102108796333,2.828460143784523,1.4381357638113705,1.450331183468922,-0.012195419657551554,28.839999583333334,26.53961511538462,28.50094099335134,27.06280522953997,48.816330980680505,33.96351503974961,8.089256050050498,1.0569658788256422,0.7770896732452216,0.2798762055804206,0.8474264368889484,25.35047978939136,68.25119903179805,1.9975002999999987,216.13058785173544,202.63226755924484,13.498320292490604,28.9650005,26.25,27.60750025,24.844999,23.342499,21.174999,56.00000000000001,12.0,44.00000000000001,28.20912730849896,,0.0,0.0,99.99874231518501,68.23617209311865,0.29784450920680805,0.27045107863736334,0.2930843502390039,35.52376759379622,52.222176005305485,81.49884379336952,79.48162361478681,-18.501156206630494,3.082352811764707,28.170494707144947,1.5219647180906304,-9.722699243825545,-0.5039460799527928,-9.218753163872751,0.6861063464837169,0.6837633477604133,64.42577030812325
164,2021-01-27,28.620001,29.209999,28.200001,28.469999,28.469999,2840900,7566962.990508392,60100300,-0.002702938181937291,430783.48907993775,60.664834747489536,-16.709478158294875,4.29369216081352,-73916.95028912295,1061.9176352680058,28.863834438581566,1.057631437697638,27.822999699999997,31.194183757152683,24.45181564284731,24.233074028697818,0.5959602455741415,0.0,0.0,28.827666600000004,29.7286664,27.9266668,6.250938117898178,0.3015162711467867,0.0,0.0,23.34,30.139999,26.7399995,24.440208005321583,0.7544117285899603,2.976304501799263,1.3291388815523035,1.4260927230855986,-0.09695384153329512,28.745832833333335,26.734999730769232,28.496180686681903,27.1670418051296,48.496736775931176,31.38208694574814,12.100869244334042,1.0133416764077716,0.782719137057234,0.23062253935053767,0.8311645134344998,25.351105727090484,38.68981655727715,0.5669993000000026,210.31796501462722,207.38749563287695,2.930469381750271,28.9650005,26.25,27.60750025,25.099999,23.39249925,21.174999,52.0,8.0,44.0,,30.139999,0.0,1.0,49.999371157592506,60.126253624888975,0.0,0.17581679620971213,0.24235761379554463,33.394632074304006,52.638190364300605,30.125493776357292,62.81311280661476,-69.87450622364271,2.972676441176475,28.172988190430473,-3.817570945945946,-8.767587660837888,-2.1566743961298123,-6.610913264708076,-2.998299829642248,-3.044168010885251,59.49579271708683
165,2021-01-28,28.93,29.690001,28.16,29.24,29.24,3145900,8862330.675954347,63246200,0.024206529639425683,715292.4400542311,51.48280335864377,10.69967211292472,2.8748016744551115,-94.53298344828363,1061.9176352680058,28.911054426417778,1.1048683939278738,28.1019997,30.92847853714002,25.27552086285998,20.11585557834889,0.7013105997905661,0.0,0.0,28.89299993333333,29.877999733333336,27.90800013333333,6.818259109630399,0.6761422015855555,0.0,0.0,23.620001,30.139999,26.88,23.20118877518884,0.8619633012157364,2.9940013921722968,1.2900201631834882,1.3988782111051767,-0.10885804792168852,28.816666249999997,26.97115357692308,28.610614427192377,27.32059426400889,48.489578093317284,31.381161096196497,10.912501999346851,0.9709423854085918,0.9248757725193801,0.046066612889211656,0.8123725137698434,25.453929875199204,56.84819801442089,0.19799929999999932,207.54596318472096,210.16730163970968,-2.6213384549887166,28.9650005,26.25,27.60750025,25.099999,23.39249925,21.174999,48.0,4.0,44.0,,30.10119904,0.0,0.0,24.999685578796253,64.1421199595118,0.22706353252270375,0.1749693472431706,0.207079074030082,32.665349137360536,55.33336692858028,59.82145527743537,57.148597615720725,-40.17854472256464,2.75414711470588,28.21311548194869,2.9940156038751495,-7.054967890854064,-3.136333095074663,-3.918634795779401,2.7046049422059903,2.6686768716324583,63.80952380952378
166,2021-01-29,28.66,29.110001,28.16,28.200001,28.200001,2298200,6757667.942125646,60948000,-0.01501132444946725,271661.2769321987,37.50087543083887,-11.987655121399323,0.9939565249392054,3342.5218084590597,1024.1476872939604,28.746877658584065,1.1023815545350861,28.29499975,30.53361071262854,26.056388787371457,15.823367961885504,0.47878176432039526,0.0,0.0,28.863333333333333,29.862333333333332,27.86433333333333,6.9222773992377915,0.1680018351685031,0.0,0.0,24.34,30.139999,27.2399995,20.498317905092048,0.665517528537505,3.171852848077357,1.1617076269893083,1.351444094282003,-0.18973646729269467,28.808333083333338,27.170769000000004,28.547443130701243,27.385735503711935,48.482930745175814,29.201186994478107,10.154436621504296,0.8782233786052913,0.9949853878971229,-0.11676200929183156,0.7830729049419114,25.595583049088933,15.412797097072634,-0.03499974999999722,194.36866194395054,210.19360133516932,-15.824939391218777,28.985000999999997,26.394999499999997,27.690000249999997,25.2449995,23.335,21.174999,44.0,4.0,40.0,,30.0235510784,0.0,0.0,12.499842789398127,55.94634142657741,0.0,0.07568784417423459,0.14215799587570577,29.42782839063784,47.840372441030226,14.705924163762749,34.88429107251847,-85.29407583623724,2.5376177735294156,28.21278254435132,-0.35334983580741247,-8.032095804741397,-4.11548563700801,-3.9166101677333867,-3.556768125854992,-3.6215621476517246,57.983198879551814
167,2021-02-01,28.5,29.309999,24.17,25.5,25.5,13660000,166852.1968307458,47288000,-0.13255928531150293,-5036006.571200972,29.657065465641793,-71.30529461931913,-2.8350542627830544,-1389614.4235126271,1024.1476872939604,28.021984889576608,1.5061432990815775,28.28249975,30.57983603731204,25.985163462687957,16.245638169320888,-0.10559260857181998,0.0,1.0,28.620999966666666,29.956999866666667,27.28500006666667,9.335801694951023,-0.6680389971087086,0.0,1.0,24.17,30.139999,27.154999500000002,21.108455945447318,0.2227806068309222,4.599756952961756,0.8325543336521086,1.2476661421560242,-0.4151118085039156,28.578333083333334,27.278845884615386,28.078605725977976,27.246051392325867,45.935919324289806,21.534065855268896,27.870027637621153,0.7522572938906721,0.9542888851981443,-0.20203159130747217,0.7261766920301109,26.286815647454084,-184.07509243104,0.6874992500000019,173.34851719348933,206.81294845798303,-33.4644312644937,27.0550005,26.4399995,26.7475,25.46,23.442500250000002,21.174999,40.0,4.0,36.0,,29.949009035264,0.0,0.0,6.249921394699063,41.22060674459845,0.0,0.07568784417423459,0.10878167853054659,20.530388840096514,40.52682215430117,23.05025597049288,32.525878470563676,-76.94974402950712,2.028941317647064,27.938056129557772,-9.766454352441619,17.283149500616943,0.16424139051698017,17.118908110099962,-9.574471291685416,-10.064356124067997,42.85714285714284
168,2021-02-02,26.440001,26.440001,25.1,25.66,25.66,7067100,-993422.3605016759,54355100,-0.08236870885200087,-4155043.346743691,26.978908209125194,-18.392263163093762,-3.488755094810298,-1263530.1902089335,1030.5737119985502,27.683148440031594,1.4895290691734195,28.26949975,30.622433661311725,25.91656583868828,16.64644887330716,-0.05452040906351822,0.0,1.0,28.363999999999997,29.770000100000004,26.957999899999997,9.913976166972244,-0.46159310372737306,0.0,1.0,24.17,30.139999,27.154999500000002,21.11816287092239,0.2495812813368979,5.5740806126391895,0.5779464333605446,1.1137222003969283,-0.5357757670363836,28.302499833333332,27.385384384615385,27.706512537365978,27.128566104005433,43.57083729060994,20.055654053409405,25.9566231716676,0.8285089209711722,1.1021298086149856,-0.2736208876438133,0.6536786051225475,26.79433487232169,-217.56484349341295,0.23050024999999863,155.63838324316674,200.92556868309495,-45.28718543992821,27.0550005,26.4399995,26.7475,25.639999,23.5025,21.174999,36.0,8.0,28.0,,29.602268493148163,0.0,0.0,3.1249606973495316,42.191645642897434,0.03352268148121466,0.011174227160404886,0.05418330516962469,14.178919342886806,39.51940889046494,25.823219094762706,21.19313307633945,-74.1767809052373,1.3083824794117653,27.754078215216428,-11.425609645343796,20.304446869691283,4.192282486351841,16.11216438333944,0.6274509803921635,0.6254907023110157,43.753501400560225
169,2021-02-03,25.68,26.09,25.26,25.620001,25.620001,3607200,-1471476.3190559132,50747900,-0.10196996685787614,-3582077.7818945935,21.096667538444223,-2.1859174706143083,-3.935268400377326,38719.65788455347,1028.9672459850572,27.500095682410702,1.4235761622560774,28.20649985,30.763499713081902,25.649499986918098,18.13057186591623,-0.005768280895123892,0.0,1.0,28.061666733333333,29.47866693333333,26.644666533333332,10.099187717291223,-0.3615615344773186,0.0,1.0,24.17,30.139999,27.154999500000002,21.16533079874495,0.24288128021461936,6.414280619273626,0.3686902216408221,0.964715804645707,-0.596025583004885,28.062499916666667,27.489999807692307,27.385510762386595,27.016820540745773,41.37468968790721,19.177406572384434,24.819969195899795,0.828184182754245,1.1273712126086064,-0.2991870298543614,0.5727187345467833,26.921238058951708,-198.59563130569487,0.0034991499999996734,136.27953863110912,191.94185711839293,-55.66231848728381,26.9300005,26.6099995,26.77,25.769999499999997,23.400000249999998,21.174999,32.0,4.0,28.0,,29.309999,0.0,0.0,1.5624803486747658,42.004825136790366,0.027073172268599927,0.02019861791660486,0.03568689641708144,9.238960463297738,38.739191218835586,25.129995644714754,24.66782356999012,-74.87000435528525,0.6469413029411761,27.470305448147865,-10.105259649122813,16.504067175086814,6.654639424098836,9.849427750987978,-0.1558807482463065,-0.15600236868968942,43.52941736694675
170,2021-02-04,25.639999,26.5,25.4,26.440001,26.440001,3577800,1716024.7314895338,54325700,-0.050681115265551205,-2651238.670195366,24.09175983952221,8.45491642909047,-4.443570461621335,108889.00897353963,1061.9006225960786,27.372317534812908,1.3912185460304698,28.20599985,30.76437693229277,25.647622767707233,18.1406586960098,0.15485954704977492,0.0,0.0,27.741333466666667,29.14533346666667,26.337333466666667,10.122080120532166,0.03656251187084453,0.0,0.0,24.17,30.139999,27.154999500000002,21.165705990741532,0.3802347370577445,6.916726845336493,0.2659545546622297,0.8249635546490117,-0.559008999986782,27.91500008333333,27.581538346153845,27.240047722019426,26.974093167357196,38.930168611540374,20.241835683762623,23.359973090104038,0.8289683683074095,1.1223943814861368,-0.2934260131787273,0.49484495629200664,26.96086403493221,-155.2636583684806,0.614000149999999,116.20472259956354,180.55604915264183,-64.3513265530783,26.9300005,26.7399995,26.835,25.769999499999997,23.442500250000002,21.174999,28.000000000000004,4.0,24.000000000000004,,29.00159906,0.0,0.0,0.7812401743373829,47.16938317822811,0.21679852708782446,0.09246479361254635,0.041279212896518695,6.720918808256407,41.191700011069294,39.3414316565976,30.09821546535836,-60.6585683434024,-0.02658820882352586,27.36528180055278,-6.274363923231621,13.259656293044248,7.975642797887918,5.28401349515633,3.2006243871731233,3.1504717304373653,48.12325490196076
171,2021-02-05,26.440001,26.65,25.58,25.940001,25.940001,4760900,158729.89205028466,49564800,-0.11814064487528687,-2612554.5744531704,23.664157254033753,3.708332458148651,-4.845544158955621,24479.79446921771,1061.9006225960786,27.16848824308589,1.3590966914274227,28.0574999,30.775019222838594,25.339980577161406,19.371072494157573,0.11039855683746157,0.0,0.0,27.431000166666667,28.863000166666666,25.99900016666667,10.440742162512342,-0.020600267690876355,0.0,1.0,24.17,30.139999,27.154999500000002,21.277729738136784,0.29648262922657065,7.516421965538438,0.14254678646347685,0.6884802010119048,-0.5459334145484279,27.675000166666663,27.669230692307693,27.040040534016438,26.89749374755296,36.511567174247,19.880619885138902,22.00406822806166,0.848972745753873,1.1554691196296993,-0.3064963738758263,0.4178086729495597,26.87625653263098,-128.350466150105,1.2424990999999999,92.72278586031292,166.95079172474178,-74.22800586442885,26.9300005,26.88,26.90500025,25.769999499999997,23.442500250000002,21.174999,24.0,84.0,-60.0,,28.7117031164,0.0,0.0,0.39062008716869145,44.5634632314507,0.1218278028601847,0.12189983407220302,0.07818774853378474,3.825738061425801,41.969533804387844,30.6759218932544,31.71578306485559,-69.3240781067456,-0.6172059852941167,27.200472783355274,-9.993056904927139,12.666263485524606,8.913766935415257,3.752496550109349,-1.8910740585826757,-1.9091835366169096,45.3221344537815
172,2021-02-08,26.23,26.4,24.860001,25.48,25.48,4159400,-651546.0622847467,45405400,-0.14634250772500113,-2512665.086588431,22.996216469568083,-17.956886690399998,-5.065905667879706,-163791.90143332927,1043.0696538426535,27.003824199157684,1.3771869222846802,27.8514999,30.6919236545129,25.0110761454871,20.396917686382135,0.08254470019972712,0.0,0.0,27.084666900000002,28.590666900000002,25.578666899999998,11.120683193633827,-0.032757934926958054,0.0,1.0,24.17,29.940001,27.0550005,20.717020701639115,0.2270363557995916,8.206107776128485,0.007540087316719735,0.5522921782728678,-0.5447520909561481,27.35666691666667,27.713076846153847,26.80003429801391,26.79249421069719,34.88452428625413,18.23967040492472,24.0468664473359,0.8159703428889296,1.1036488046721946,-0.28767846178326506,0.34054022301207815,26.69974192180087,-129.59499373720857,1.3785001000000001,70.13990096390236,150.7296042927603,-80.58970332885795,26.9300005,27.154999500000002,27.0425,25.884999,23.56999975,21.174999,20.0,100.0,-80.0,,28.439200929416,0.0,0.0,0.19531004358434573,42.250815809027586,0.03754516752354842,0.12539049915718584,0.11325170894731174,0.7174556010598998,39.66255939131476,22.703635579959162,30.906996376603725,-77.29636442004085,-0.9034705205882325,26.981883055164083,-13.037539694113981,10.985583737452508,9.328130295822707,1.6574534416298015,-1.7733268398871571,-1.7892386734835508,42.74509803921567
173,2021-02-09,25.440001,26.700001,25.209999,26.42,26.42,3110800,1290091.5999465855,48516200,-0.09725702162637401,-1735976.9313615123,24.938765152621457,15.566732191044137,-4.860590474187595,41002.880784370864,1081.5502454679317,26.9122048968548,1.3884684300562122,27.752999949999996,30.648002589239038,24.857997310760954,20.86262850470003,0.26977569347736824,0.0,0.0,26.772333533333335,28.37233363333333,25.172333433333336,11.952638330968728,0.38989577771484774,0.0,0.0,24.17,29.940001,27.0550005,20.790548806958785,0.389947939350444,8.600159903840511,-0.023334564006994185,0.4371668298168954,-0.4605013938238896,27.12250025,27.738846076923075,26.741567482934848,26.76490204694184,33.054119383102275,18.389708722072324,22.14253021365371,0.8314663699389455,1.1018328765021066,-0.2703665065631611,0.2727449481546569,26.330562114188712,-86.43012760997503,1.3970000500000026,53.46089342156321,133.30104078241988,-79.84014736085666,26.9300005,27.154999500000002,27.0425,25.884999,23.9774995,21.419999,16.0,96.0,-80.0,,28.18304887365104,0.0,0.0,0.09765502179217286,48.17004413505764,0.2532668368277094,0.13754660240381417,0.128278978544401,-0.09680961243282984,44.95956665563632,38.9947939350444,30.791450469419328,-61.0052060649556,-0.9445588411764732,26.938824265996164,-9.61341087923366,7.618178752470086,8.986139987152184,-1.367961234682098,3.689167974882257,3.622746839021662,48.011204481792724
174,2021-02-10,26.51,26.57,25.59,25.709999,25.709999,2204700,-374686.3688289251,46311500,-0.12255150657236043,-1711600.1132670112,20.529331972218372,5.556311516306076,-7.0639016184478205,55514.37071994243,1052.4850768141664,26.77362767155632,1.347621587050591,27.623499950000003,30.638278261153417,24.60872163884659,21.8276345619514,0.18264649129906949,0.0,0.0,26.505333533333335,28.10233383333333,24.908333233333334,12.05040712271435,0.2509911133600498,0.0,0.0,24.17,29.940001,27.0550005,20.888015676666623,0.26689752740077494,9.212809699659317,-0.10389644109529783,0.3289541756344568,-0.4328506167297546,26.835833500000003,27.730769115384614,26.58286463940641,26.686761080501707,31.354457687318416,17.412962560185584,20.966457676154036,0.8251676727608214,1.1598762681858552,-0.33470859542503384,0.20844686388065375,26.007649114311207,-82.60864775144412,1.7265000499999985,38.53827500205821,114.52240876212402,-75.98413376006582,26.739999500000003,27.154999500000002,26.947499500000003,25.884999,25.0674995,22.509999,12.0,92.0,-80.0,,27.942265941231977,0.0,0.0,0.04882751089608643,44.462952453077875,0.1200176885677141,0.13694323097299063,0.1332934441779969,-1.9571934782349114,48.44457295836066,27.898527554614553,29.865652356539375,-72.10147244538544,-0.961058826470591,26.850113330219866,-11.801032590051454,3.016740092069857,7.7922600081357185,-4.7755199160658615,-2.6873618470855454,-2.724131671175334,44.03360784313723
175,2021-02-11,25.66,26.15,25.389999,25.629999,25.629999,1626800,-974035.0891595464,44684700,-0.11329638446888683,-1485677.8113717237,20.964412548608365,-14.48246188840057,-7.651138522276938,-64310.266061675895,1049.2101328460576,26.636130442001235,1.2888595283455317,27.491999900000003,30.611855979629517,24.37214382037049,22.696465087863714,0.201588654656609,0.0,0.0,26.174666766666668,27.694667066666664,24.65466646666667,11.614285779070258,0.3208330068531349,0.0,0.0,24.17,29.940001,27.0550005,20.987927473402895,0.25303271177942616,9.810146244014696,-0.17221248222037389,0.2287208440634907,-0.4009333262838646,26.525833416666668,27.68269219230769,26.43626992565158,26.608482407871954,29.96752152744146,16.673352897188423,21.19367284310624,0.8135330254614642,1.1601239504004184,-0.34659092493895416,0.14826468482358043,25.66530794414188,-82.96771368700766,0.9779990999999981,19.062122833697178,95.0439044165403,-75.98178158284313,26.739999500000003,27.154999500000002,26.947499500000003,25.884999,25.13999925,22.509999,8.0,88.0,-80.0,,27.71592998475806,0.0,0.0,0.024413755448043216,44.05158161783128,0.10479051008969174,0.15935834516170508,0.14461605951283663,-3.561228627612972,47.621198233644726,26.449252454845578,31.114191314834844,-73.55074754515442,-1.0823530294117596,26.695223238762484,-12.67462010221465,-2.120855827336956,5.809636841041184,-7.93049266837814,-0.31116298370916784,-0.311648102322426,43.58542857142857
176,2021-02-12,26.190001,26.309999,25.51,25.790001,25.790001,2609200,-1756786.2830985473,47293900,-0.13527533730156754,-1213798.521404335,25.57019036746364,4.2924980837038875,-7.03874807556472,11226.616838865959,1049.2101328460576,26.49278405310633,1.2399734755109786,27.333,30.459474351086424,24.206525648913573,22.876920580151655,0.25323658109272223,0.0,0.0,25.9126667,27.4176668,24.4076666,11.615941480851141,0.4592472784553307,0.0,0.0,24.17,29.940001,27.0550005,21.11001719533164,0.28076268964251466,10.323891689428104,-0.21101021834719447,0.14077463158135367,-0.35178484992854814,26.302500249999998,27.657307576923074,26.3368439370898,26.547854155436994,28.481363874666187,16.826165934385383,20.2200899006318,0.8269628277930964,1.1451446131048952,-0.31818178531179886,0.09428364295750119,25.2873018021997,-68.59466939969842,1.907,4.659134098014084,76.30063962815416,-71.64150553014008,25.780001,27.154999500000002,26.46750025,25.884999,25.16249925,22.509999,4.0,84.0,-80.0,,27.503174185672577,0.0,0.0,0.012206877724021608,45.14471654821408,0.14525366221257235,0.12335395362332606,0.13988517658600727,-4.55983344009148,47.01214500214445,29.347838886261062,27.898539631907067,-70.65216111373894,-1.206000158823528,26.62149200248066,-9.413410938300352,-4.175092539094441,3.812690965014059,-7.9877835041085,0.6242762631399223,0.6223357308769994,44.48179831932772
177,2021-02-16,25.65,26.0,25.41,25.889999,25.889999,3293600,308680.51825737976,50587500,-0.08590568794457921,-993348.2450894305,21.81442834937748,-3.6722645433568357,-7.7438399188329194,29059.201757242365,1049.2101328460576,26.373916173743943,1.1749761279598807,27.202499949999996,30.341097310765072,24.06390258923492,23.07580087516975,0.2909096326901809,0.0,0.0,25.856666699999998,26.906666899999998,24.8066665,8.121698068684156,0.5158725207861872,0.0,0.0,24.17,29.940001,27.0550005,21.211289442535218,0.2980933625488104,10.766037345565767,-0.2310255817702327,0.06641458891103641,-0.2974401706812691,26.023333500000003,27.54115369230769,26.268098562152908,26.49912414392314,27.207890086881896,16.23387356136367,20.10495070270143,0.8061855770007434,1.1639175688702286,-0.3577319918694851,0.04728351257045534,24.952684753977614,-66.61163082700811,0.9975010500000039,-0.5398009850542063,58.9475080472407,-59.48730903229491,25.780001,27.154999500000002,26.46750025,25.884999,25.89750025,23.245,44.0,80.0,-36.0,,27.303183734532222,0.0,0.0,0.006103438862010804,45.85671839319409,0.20226027859187173,0.15076815029804527,0.14449348302769213,-5.1872976052018505,44.5867680034552,31.159396529094813,28.985495956733818,-68.8406034709052,-1.2714414205882392,26.610304480290846,-11.456911764705879,-4.202215712561045,2.209709629499038,-6.411925342060083,0.3877394188546157,0.38698964705221606,45.04201120448177
178,2021-02-17,25.709999,26.030001,25.34,26.0,26.0,2295200,2404291.546067493,52882700,-0.04232414451144203,-815373.5964766546,26.063910155945095,-0.6012406326028473,-6.593251524140632,22522.393338399415,1053.6679995235804,26.23911169900331,1.1264786151638924,27.091999999999995,30.236541746582688,23.947458253417302,23.213802942438306,0.3263657969898606,0.0,0.0,25.862333366666668,26.84733356666667,24.877333166666666,7.617257004888388,0.5698815255739702,0.0,0.0,24.17,29.940001,27.0550005,21.29780377971356,0.3171576573383608,11.119205257943253,-0.23529935560002002,0.006071800008825123,-0.24137115560884514,25.840000083333333,27.40269215384615,26.226852629514,26.46215198511402,26.103401569014448,15.544719599568946,19.68213112539798,0.8421330767476647,1.1610347685794984,-0.3189016918318337,0.007647736940015706,24.737891780607633,-60.11113765319948,-1.5919999999999952,-6.658919514143891,43.0654571422126,-49.72437665635649,25.780001,27.0550005,26.41750075,25.884999,26.24749925,23.509999,40.0,76.0,-36.0,,27.11519271046029,0.0,0.0,0.003051719431005402,46.676635972980115,0.23803093527140376,0.19518162535861594,0.15643457642666242,-5.493582950800699,49.61473602629019,33.15216790721595,31.219801107523946,-66.84783209278405,-1.3805883794117655,26.601986621038627,-7.801421709169444,-6.565025500434219,0.4547626035123866,-7.019788103946605,0.4248783478129958,0.4239782882988319,45.65826330532212
179,2021-02-18,25.809999,26.139999,25.49,25.49,25.49,1776400,627891.546067493,51106300,-0.07921036443676976,-828315.0826942759,20.62723772002019,4.756767619961719,-7.017744702209418,-25092.961391765522,1032.9998964560025,26.065585186534115,1.0788306536475032,26.9255,30.038912564373916,23.812087435626083,23.12612626969911,0.26946518164246747,0.0,0.0,25.867333300000002,26.8343334,24.9003332,7.4766122103510355,0.3048949012518199,0.0,0.0,24.17,29.940001,27.0550005,21.42950363038754,0.2287694577522599,11.407346550614813,-0.2766500404455776,-0.05047256808205543,-0.2261774723635222,25.83916675,27.291153730769228,26.113490686511845,26.390140726957423,24.916016886499413,15.601618349728078,18.86948441164064,0.8449613042657085,1.1893689263915324,-0.3444076221258239,-0.029112189720014198,24.581719002682956,-59.26817514559526,-1.2654999999999994,-14.297022924999252,28.565263195038963,-42.86228612003821,25.780001,27.0550005,26.41750075,26.25,26.494999749999998,23.509999,36.0,72.0,-36.0,,26.938481147832672,0.0,0.0,0.001525859715502701,43.39546966974062,0.14769130179995177,0.1959941718877424,0.1806479825148012,-6.6488422323461585,46.517449958643326,25.68093884843162,29.99750109491413,-74.31906115156838,-1.49373550882353,26.594446099914986,-0.03921568627451593,-9.799858150217577,-1.5961615472336061,-8.203696602983971,-1.9615384615384701,-1.981031963345803,42.801120448179255
180,2021-02-19,25.860001,26.26,25.73,25.809999,25.809999,2621300,-1202082.49657401,53727600,-0.10325604156760879,-590153.873923664,25.237205185406765,3.6394256666539992,-5.901524645919895,-1937.2220083288776,1032.9998964560025,25.96059277361878,1.0479475882827534,26.750999999999998,29.699348044583843,23.802651955416152,22.042899664190838,0.3404189421041,0.0,0.0,25.849333233333333,26.75933333333333,24.93933313333333,7.040801337394131,0.4783877862577544,0.0,0.0,24.17,29.690001,26.9300005,20.634746364621876,0.29710121429325836,11.377015795687154,-0.28036760788360127,-0.0964515760423646,-0.18391603184123667,25.85166666666667,27.195384500000003,26.066799657817715,26.347167265701316,23.631551919963417,15.600764058678504,17.92529589113932,0.8495774732632408,1.1470423015750815,-0.2974648283118406,-0.06001493962412734,24.456955890045702,-44.85613320873631,-1.1309989999999992,-25.709216416509268,15.406151830947607,-41.11536824745687,25.780001,27.0550005,26.41750075,26.25,26.564999999999998,23.509999,32.0,68.0,-36.0,,26.772372278962713,0.0,0.0,0.0007629298577513505,45.962252132392734,0.6823063683261673,0.3560095351325076,0.249061777459622,-6.950743045383042,41.32801416291965,31.906601538249323,30.246569431298965,-68.09339846175068,-1.5009412764705878,26.573849687424946,0.5845635229929894,-10.175972439531893,-3.3121237256932634,-6.86384871383863,1.2553903491565377,1.2475756597825072,44.59383193277311
181,2021-02-22,25.5,26.469999,25.5,25.99,25.99,2330700,-1178052.2339655028,56058300,-0.11262608357268938,-445913.55897742725,36.9209627539887,-0.41620435918394927,-0.8380181987673824,49162.03567476444,1040.204120460892,25.850919715454697,1.0401527294544781,26.589,29.32295614302816,23.855043856971836,20.564565369349452,0.39045179061714197,0.0,0.0,25.842333166666663,26.74233316666666,24.942333166666664,6.9653153544269335,0.5820371296296311,0.0,0.0,24.17,29.690001,26.9300005,20.760468614840715,0.32971008519744793,10.832944151509398,-0.26572610535916397,-0.13030648190572447,-0.1354196234534395,25.88249991666667,27.10807680769231,26.05498432584576,26.320710431204922,22.743369692645267,14.609051213372942,18.293105999111265,1.0802650898184762,1.1914580124110445,-0.1111929225925683,-0.0842690390091358,24.410443885047954,-38.55280514712512,-0.14899899999999988,-32.40567258242456,4.012199214689059,-36.41787179711362,25.955,27.0550005,26.50500025,26.25,26.744999749999998,23.75,28.000000000000004,64.0,-36.0,,26.61622994222495,0.0,0.0,0.00038146492887567525,47.40695057551493,0.8762260416447206,0.5687412372569466,0.37358164809239885,-6.823520969214722,47.62134717905151,61.412989130434674,39.66684317237188,-38.587010869565326,-1.5105000999999945,26.570742661280907,1.444180271499599,-11.176013447792442,-4.884901670113099,-6.291111777679343,0.6974080084233947,0.6949873667549511,45.602240896358516
182,2021-02-23,25.799999,25.860001,25.059999,25.6,25.6,2932200,-151784.7996340834,53126100,-0.11174217631706133,-545577.0505520792,40.65988567357001,-14.323738148796108,-0.5474092691746929,-27745.43459500158,1040.204120460892,25.84655787240239,1.02913755650903,26.4115,28.90797174868883,23.91502825131117,18.90442987856676,0.3374706222038751,0.0,0.0,25.834999800000002,26.661000100000003,25.008999499999998,6.39442853798669,0.35774835674999256,0.0,0.0,24.17,29.690001,26.9300005,20.89999053442628,0.2590579240837095,10.333598439069762,-0.282337736083786,-0.1607127327413368,-0.12162500334244919,25.812499833333334,26.978461461538465,25.984986737254104,26.26732447333789,22.46566260904864,13.709242215344505,20.080447129297717,0.968868643214226,1.0159454050155348,-0.04707676180130871,-0.10572545722207438,24.256139962697695,-66.60377262861078,-0.47149900000000144,-34.80491230583658,-5.7951125327998065,-29.009799773036775,25.8149995,27.0550005,26.435,26.25,27.0499995,23.8649995,24.0,60.0,-36.0,,26.469999,0.0,0.0,0.00019073246443783762,44.62329214195116,0.42471597617160284,0.6610827953808304,0.5286111892567615,-7.448347293277428,50.37106955573786,40.21733695652179,44.51230920840194,-59.78266304347821,-1.5186177764705917,26.56370240511276,-3.177008200567002,-10.232565329426771,-5.954434401975835,-4.2781309274509365,-1.5005771450557814,-1.5119497167881857,43.417366946778714
183,2021-02-24,25.700001,26.34,25.58,26.02,26.02,2319400,214436.25299749785,55445500,-0.12008325225189147,-328473.4719017828,47.81967380003726,16.38354746917304,0.7789810836672605,-5947.266797325727,1057.2699693122036,25.871659341055334,1.002223800858127,26.244999999999997,28.348611226439306,24.14138877356069,16.030567547641905,0.4465205364061387,0.0,0.0,25.821999799999997,26.5749999,25.0689997,5.832236897469121,0.6314742189277258,0.0,0.0,24.17,29.690001,26.9300005,21.032581444084578,0.3351448668215819,9.768675428444475,-0.25863074891836746,-0.18029633597674294,-0.07833441294162452,25.819166416666665,26.88307684615385,25.990373393061162,26.24900414197953,21.426768058023363,16.251802257692585,19.047944204432625,0.9961832827341003,0.9526718356739057,0.04351144706019461,-0.12114166386257032,24.1886438975426,-29.025958831672323,-0.764999999999997,-38.54453797482469,-14.35986953023124,-24.184668444593452,25.764999000000003,27.0550005,26.40999975,26.25,27.127499999999998,24.085,20.0,56.00000000000001,-36.00000000000001,24.17,,1.0,0.0,9.536623221891881e-05,48.15397535513373,0.9972853252081454,0.7660757810081563,0.6652999378819778,-7.038483478195981,52.65581587162552,63.04342391304343,54.89124999999998,-36.95657608695657,-1.442588464705878,26.552217129314275,0.30840014231302776,-11.073050817031254,-6.978157684986919,-4.0948931320443345,1.6406249999999956,1.6273121598842533,45.77030812324929
184,2021-02-25,26.040001,26.200001,24.83,24.889999,24.889999,2344300,-1924527.173233574,53101200,-0.13230198817333394,-659986.025101528,40.036697143554335,-26.005620441048524,-1.682485835628382,-63756.00417659511,1057.2699693122036,25.814627155775668,1.0390015207723144,26.065999999999995,27.982793578871107,24.149206421128884,14.707232247917682,0.19323744273689672,0.0,0.0,25.75699983333333,26.549000033333336,24.96499963333333,6.149786117364786,-0.0473488727233475,0.0,1.0,24.17,29.690001,26.9300005,21.17701603621575,0.13043457781982254,9.528945263032583,-0.32725206952758157,-0.20968748268691068,-0.11756458684067089,25.769999666666667,26.755384538461538,25.821085024897908,26.14833709442549,21.34374357986788,14.77680742026205,22.28772114855068,0.9296934286172882,0.9947643986889456,-0.06507097007165741,-0.1398749874778684,24.27603892599813,-100.79769228017969,0.3540000000000063,-43.45477631780595,-21.306191658176033,-22.14858465962992,25.6499995,27.0550005,26.3525,26.25,27.127499999999998,24.085,16.0,100.0,-84.0,24.2134,,0.0,0.0,4.7683116109459406e-05,40.64540440227512,0.0,0.47400043379324946,0.6337196700607454,-8.876453147841733,41.98679269042839,3.208500958020941,35.48975394252872,-96.79149904197905,-1.4692059117647105,26.479094303738563,-2.3155455259026723,-11.591478132746266,-7.900821774538789,-3.6906563582074767,-4.342817063797078,-4.439939688163719,39.439770308123244
185,2021-02-26,24.790001,25.620001,24.200001,25.219999,25.219999,2661500,-762471.2901349734,55762700,-0.13507223834515658,-440231.5929441662,42.50218727434939,-32.278763479240986,-4.252992688299071,-66521.59593133301,1057.2699693122036,25.72409594866453,1.0771013686950828,25.864999950000005,27.145930034743802,24.584069865256208,9.904736804330032,0.2482294476169587,0.0,0.0,25.685999933333335,26.544000033333333,24.827999833333333,6.680682879598958,0.2284377161883013,0.0,0.0,24.17,29.309999,26.739999500000003,19.87241063188171,0.20428000083268494,9.090238029275477,-0.35096105781654074,-0.2379421977128367,-0.11301886010370404,25.669999583333333,26.616922961538464,25.72861025183669,26.079571309653232,21.882606030312306,13.417514122665676,24.318676003445223,0.8724491439578509,1.0481049492558383,-0.1756558052979874,-0.1573859045943186,24.393080534931308,-170.74755083354128,-0.15500095000000513,-48.974102153423715,-27.26544013055801,-21.708662022865706,25.335,27.0550005,26.19500025,26.25,27.59749975,24.085,12.0,96.0,-84.0,,26.34,0.0,1.0,2.3841558054729703e-05,43.42004986946283,0.36874130399884025,0.45534220973566186,0.5651394748456892,-9.60223297434264,43.854023296887476,40.79992000000004,35.683948290354806,-59.20007999999996,-1.575323373529411,26.457104301531324,-4.542017411052234,-10.986715149655492,-8.51800044956213,-2.4687147000933614,1.3258337214075544,1.3171214682980104,41.288509803921556
186,2021-03-01,25.77,26.299999,25.67,25.959999,25.959999,2503900,-961197.8022405556,58266600,-0.10801296548067517,-112643.36538071453,51.76387272330257,27.047724749450804,-1.0383775854525843,108755.98096904911,1088.292166311142,25.759665150337856,1.0773912318255743,25.75299985,26.461494575175628,25.04450512482437,5.5022306473211104,0.646083762267029,0.0,0.0,25.696666533333335,26.537666633333334,24.855666433333333,6.545596868831742,0.656559117333438,0.0,0.0,24.17,29.309999,26.739999500000003,19.95883598003438,0.34824890043752893,8.392271211209556,-0.30650558074587764,-0.2516548743194449,-0.05485070642643275,25.690832916666665,26.48846142307692,25.764208520784894,26.070714101530772,21.354879559747136,16.88893367357236,22.614772923663864,0.9992457769428862,0.9532427707595545,0.04600300618333164,-0.16763212315086884,24.458519826904435,50.6625763362444,-0.12300084999999683,-51.36461253723583,-32.912641414133745,-18.451971123102084,25.335,26.9300005,26.13250025,26.25,27.63499975,24.085,8.0,92.0,-84.0,24.200001,,1.0,0.0,1.1920779027364852e-05,49.15944226252555,1.0,0.45624710133294677,0.46186324828728603,-8.487844133763014,49.12707146683753,70.39991999999998,38.13611365267366,-29.60008000000002,-1.4710586676470605,26.453191842261244,0.9723843240911834,-10.85216603255907,-8.98483356616152,-1.867332466397551,2.9341793391823634,2.891956242938498,45.434168067226885
187,2021-03-02,25.75,26.1,25.66,25.709999,25.709999,1445300,-2078027.0990587405,56821300,-0.037889728983394905,-148169.3131834696,44.866753637322496,-3.1965529647824047,-2.3786122394401943,59550.387432241376,1077.811694352041,25.72939614861745,1.013652108643017,25.763499799999998,26.462850791707183,25.064148808292813,5.429006129882903,0.4617496788919984,0.0,0.0,25.702333200000005,26.528333299999996,24.8763331,6.427432821546318,0.5046403142081954,0.0,0.0,24.200001,26.700001,25.450001,9.70365058865178,0.6039991999999998,7.963231902573082,-0.2881258698700506,-0.2589490734295661,-0.029176796440484543,25.697499583333336,26.353076769230768,25.755868594510293,26.043994464380344,20.875630523447036,16.385234512915076,22.008087414769836,0.9696970540788653,0.9901719090768302,-0.020474854997964864,-0.17407629683571055,24.45434778978635,14.450856261214199,0.026501200000002,-51.80326857804365,-37.928680199011495,-13.874588379032154,25.335,26.9300005,26.13250025,26.25,27.58500025,24.085,4.0,88.0,-84.0,24.200001,,0.0,0.0,5.960389513682426e-06,47.40974097150785,0.794492188108941,0.7210778307025937,0.5442223805904007,-8.079011016394515,46.57556227289303,63.71302266372262,58.304287554574216,-36.286977336277374,-1.3091175058823517,26.447270297188624,0.3121342298920819,-13.852897030844186,-9.958446259098054,-3.8944507717461327,-0.9630200679129453,-0.9676870932661341,44.03360784313723
188,2021-03-03,25.85,26.48,25.74,26.219999,26.219999,1754200,-1556512.921220895,58575500,-0.010440208561433783,803.7315570264327,50.95705470678861,9.702428457416456,-2.0824610293608816,20878.90521739769,1077.811694352041,25.736498097986505,0.9892869977787153,25.791499750000003,26.516407801411994,25.066591698588013,5.621294290278643,0.7955542079891088,0.0,0.0,25.7379998,26.5689998,24.9069998,6.457378245841773,0.7900115523465709,0.0,0.0,24.200001,26.700001,25.450001,9.69311604300948,0.8079992000000005,7.240619969119194,-0.22975856511126835,-0.2531109717659066,0.023352406654638225,25.73333275,26.240384423076925,25.82727327227794,26.057031837389207,19.878838548314043,18.139522349380613,20.836902543933608,0.9416665930555678,0.9449997591667074,-0.0033331661111396516,-0.17361367072029116,24.496108540969207,107.36691325053141,0.09849924999999615,-52.69492986158644,-42.195114303076735,-10.499815558509702,25.340000500000002,26.9300005,26.1350005,26.25,27.58500025,24.519999499999997,8.0,84.0,-76.0,24.24200096,,0.0,0.0,2.980194756841213e-06,51.22373784173527,1.0,0.9314973960363137,0.7029407760239513,-6.582756033375281,48.76295445003264,88.59644236686073,74.23646167686111,-11.40355763313927,-1.2154410352941163,26.44533704116109,1.6673050923883297,-15.297741538457373,-11.026305314969918,-4.271436223487456,1.9836640211460255,1.964245781430174,46.8907507002801
189,2021-03-04,26.290001,26.9,25.299999,25.860001,25.860001,2757100,-2383637.234705695,55818400,-0.017183122738751118,-141104.013779692,49.199492812734654,-0.5803492800587745,-1.089452985907896,-3057.2767881470354,1077.811694352041,25.760367241280097,1.0503583980008435,25.803499750000004,26.5245904537273,25.08240904627271,5.589092260458159,0.5391776302952898,0.0,0.0,25.769333166666666,26.695333366666667,24.843332966666665,7.186838666029645,0.5489567028891217,0.0,0.0,24.200001,26.9,25.5500005,10.463693011255181,0.6148150425240902,6.40987626746936,-0.21012865323345764,-0.24451450805941682,0.03438585482595918,25.730832916666667,26.106153692307693,25.832308307312104,26.04243696054556,19.468565160087678,16.20924551006773,21.545946030052924,0.9267912107801853,0.8831773546452725,0.043613856134912865,-0.1708349581708314,24.643697771064662,62.4355450066711,0.19650024999999616,-51.10913988024469,-45.01732802126956,-6.091811858975127,25.5500005,26.9300005,26.2400005,26.25,27.60750025,24.844999,4.0,80.0,-76.0,24.3315209216,,0.0,0.0,1.4900973784206064e-06,48.54731438392193,0.7469900648215974,0.8471607509768461,0.833245325905251,-6.100028774768293,46.029146870363796,61.481504252409025,71.26365642766413,-38.518495747590975,-1.0297647352941155,26.43791092143002,-0.11586713464144623,-13.093055653832488,-11.439655382742432,-1.6534002710900566,-1.3729901362696473,-1.3825028183256816,44.87395518207282
190,2021-03-05,26.26,27.33,25.49,27.290001,27.290001,3971500,1415193.1690986613,59789900,-0.00562529100329988,690374.4167602637,51.362976253995356,14.36235477779173,-0.3701775077587645,181760.322997185,1077.811694352041,25.85917539072537,1.129322558200759,25.845999749999997,26.780696079297336,24.91130342070266,7.232812337215461,1.2724440573579316,1.0,0.0,25.846333233333336,26.903333433333337,24.78933303333333,8.179111446546061,1.1829079912504568,1.0,0.0,24.200001,27.33,25.7650005,12.110187380157344,0.9872207626903401,5.52970670237356,-0.07828039004448328,-0.21126768445643013,0.13298729441194684,25.838333000000002,26.060769153846156,26.05656872157178,26.134849111616262,18.472725028253425,17.043009853002673,19.037085773955,0.9373198262277032,0.8724781255450745,0.06484170068262862,-0.1557404225750472,24.799135058829737,236.2771569510005,-0.3559997499999987,-46.16784698914627,-46.5464585109053,0.37861152175903356,25.7650005,26.9300005,26.3475005,26.25,27.60750025,25.099999,4.0,76.0,-72.0,24.485629666304,,0.0,0.0,50.00000074504868,57.94678505858352,1.0,0.9156633549405324,0.8981071673178974,-2.5180528438856036,54.296488403042524,98.72207626903402,82.93334096276793,-1.277923730965989,-0.6625590382352939,26.47906764221388,4.961542307692309,-7.509600550857922,-10.65364441636553,3.1440438655076086,5.529775501555467,5.382295935023462,52.88515966386554
191,2021-03-08,27.549999,28.68,27.469999,28.02,28.02,4417400,1013615.3335431458,64207300,0.016088963026049948,1052420.583308797,62.36236113360711,45.60716847012949,3.1497819932045443,337779.1038293956,1077.811694352041,26.136279555675184,1.155390202380683,25.9499997,27.281871105204566,24.618128294795433,10.264904975737371,1.2771021631334079,1.0,0.0,26.05333323333333,27.134333633333334,24.972332833333333,8.298365436150334,1.4096512668573782,1.0,0.0,24.200001,28.68,26.4400005,17.263965517502488,0.8526785385443166,4.604550232538578,0.08414515393598876,-0.15218511677794636,0.23633027071393511,26.049166333333332,26.013846076923077,26.358635072099197,26.27448991816321,18.29003340017229,23.97256619072456,17.3897380080688,1.0701634781793627,0.773160589487659,0.29700288869170377,-0.12728392143502507,24.939171456350785,412.74813764388836,-0.1400006999999981,-39.07091901728161,-47.02045925662142,7.949540239339811,26.4400005,26.739999500000003,26.590000000000003,26.25,27.60750025,25.099999,100.0,72.0,28.0,24.71317929299968,,0.0,0.0,75.00000037252434,61.78476575688426,1.0,0.9156633549405324,0.8928291536193035,1.7968908639688526,58.28311981406025,85.26785385443165,81.8238114586249,-14.732146145568342,-0.22102961176470615,26.582315982230824,9.925460965084353,-2.0453955486406548,-8.931994642820555,6.886599094179901,2.6749687550396084,2.6398169545155614,56.97478991596636
192,2021-03-09,28.370001,28.82,27.91,28.25,28.25,2907100,278853.795081606,67114400,0.017932791675173428,997593.7856932548,63.26317374523461,9.077790753672037,3.841141377938464,142026.77499568404,1086.6588281743454,26.331217119232235,1.1308511821426148,26.0884997,27.735002895381523,24.441996504618476,12.622444481784619,1.1563911646400244,1.0,0.0,26.335333233333337,27.42733343333333,25.243333033333336,8.293042585220253,1.3766787619025487,1.0,0.0,24.200001,28.82,26.5100005,17.708948590861283,0.8766233499184739,3.525865604947033,0.22879029347697966,-0.07599003472696117,0.30478032820394085,26.25249975,26.015769115384614,26.649614291776246,26.420823998299266,18.253658481838205,23.478748381339713,16.389806531655086,1.103355764875452,0.7691273980451419,0.3342283668303101,-0.0890811411750702,24.445388314333144,303.88069277404765,-0.09849970000000141,-30.391603965427183,-46.1145777000217,15.722973734594515,26.5100005,26.739999500000003,26.625,26.394999499999997,27.690000249999997,25.2449995,100.0,68.0,32.0,25.10986136369971,,0.0,0.0,87.50000018626217,62.932617394950164,1.0,1.0,0.9437755699603549,5.612708304722551,54.978866792777254,87.66233499184739,90.55075503843769,-12.337665008152605,0.27552922647058864,26.758276530781064,9.453704356981953,-1.9833364025983835,-7.542262994776121,5.5589265921777375,0.8208422555317618,0.817491668358894,58.26330532212884
193,2021-03-10,28.26,29.09,28.120001,29.0,29.0,2137800,2019948.2314676242,69252200,0.014336326184472847,1084130.3877370756,68.49669689793052,10.88971115162781,4.279208773057471,80618.4574229533,1115.5081775949034,26.499713058213423,1.1147659639283536,26.2174997,28.29543066179867,24.139568738201334,15.85148077105665,1.1695362721751479,1.0,0.0,26.610999933333336,27.724000033333333,25.497999833333335,8.364962630403365,1.5732254501444647,1.0,0.0,24.200001,29.09,26.645000500000002,18.651660364088798,0.9815950882607543,2.4156246930553213,0.399338020542114,0.019075576326853867,0.3802624442152601,26.50333308333333,26.150384499999998,27.011212093041436,26.611874072499322,18.478603162178597,23.74849286228366,15.374948160734967,1.1051249602414612,0.7634688723082221,0.3416560879332391,-0.04022845919245871,24.13011081549134,241.48781328087216,-0.6174996999999998,-21.134789701303365,-43.634579187076966,22.4997894857736,26.645000500000002,26.645000500000002,26.645000500000002,26.4399995,26.7475,25.46,100.0,64.0,36.0,25.555078000055744,,0.0,0.0,93.75000009313109,66.46940222474848,1.0,1.0,0.9718877849801775,10.043881665980052,57.82967680549151,98.15950882607542,90.36323255745151,-1.8404911739245726,0.7746763558823524,27.02091994425167,11.581377452866494,-4.044116742815762,-6.842633744384049,2.798517001568287,2.6548672566371723,2.620237239402412,62.464985994397736
194,2021-03-11,28.879999,29.43,28.690001,28.799999,28.799999,1973500,633154.5729626843,67278700,0.0198869921266577,872868.6218460647,68.14681199459336,17.061035976691183,5.237895223774411,43145.33933307901,1107.814979283622,26.674344370553648,1.0772892675355183,26.371999699999996,28.718201996649096,24.025797403350897,17.793131528430134,1.0174317882707147,1.0,0.0,26.977666600000003,28.0276665,25.927666699999996,7.784215852085601,1.3677774159788014,1.0,0.0,24.200001,29.43,26.8150005,19.831636051474703,0.8795408947496931,2.3374509440019535,0.5124526782650314,0.11775099671448938,0.39470168155054197,26.769999666666667,26.271153692307692,27.286410078727368,26.773957400462336,19.00397394642047,24.823053211022643,14.630661715662882,1.1428572745227124,0.7643184331797246,0.37853884134298776,0.012260200020428023,23.945014180773736,193.898798367248,-0.3519996999999968,-7.011912803425297,-38.972113703743815,31.96020090031852,27.3649995,26.8150005,27.09,26.4399995,26.7475,25.639999,96.0,60.0,36.0,26.04996708004794,,0.0,0.0,96.87500004656555,64.69662592406519,0.9313515934724665,0.9771171978241555,0.9923723992747185,13.069153244664156,56.701115649597725,87.95408947496931,91.25864443096405,-12.045910525030695,1.3744706588235296,27.448544717636686,12.499996093749994,-6.175641666112203,-6.7092353287296795,0.5335936626174762,-0.6896586206896593,-0.6920477566796812,61.34453221288514
195,2021-03-12,28.73,29.49,28.73,29.02,29.02,1386700,304725.62559426297,68665400,0.025352970158665326,791755.3025394841,67.46967295630967,2.740291339150505,5.463359202226874,-3017.5171399737137,1116.2774935794514,26.813415889191138,1.0455603407819662,26.541499750000003,29.12645860054316,23.956540899456847,19.478619331171412,0.9794080666853187,0.0,0.0,27.38433323333333,28.368333133333334,26.400333333333332,7.186590169025811,1.3311315715919614,1.0,0.0,24.200001,29.49,26.845000499999998,19.93104779242928,0.911153102297373,2.2927646047237786,0.6127852941076029,0.21675785619311208,0.3960274379144908,27.019999666666667,26.401922884615388,27.553116220461618,26.940330926354015,19.547973860221894,23.962742051815173,13.887119282601704,1.1628839010090855,0.7710277856456763,0.39185611536340914,0.06648648782259066,23.812624043001883,159.06698864474328,-1.6515007500000038,6.602153425055802,-32.53136193015585,39.13351535521166,27.394999499999997,26.845000499999998,27.119999999999997,26.6099995,26.77,25.769999499999997,100.0,56.00000000000001,43.99999999999999,26.590772347240268,,0.0,0.0,98.43750002328278,65.77785221573559,0.9732206448526315,0.9681907461083661,0.9817693146441738,15.87437246349081,55.582225919045186,91.1153102297373,92.40963617692735,-8.884689770262698,1.9149118352941201,27.82076823292612,11.529592621060724,-9.704096958616203,-7.308207654706985,-2.395889303909218,0.7638923876351456,0.7609895036364556,62.57703081232491
196,2021-03-15,29.0,29.559999,28.950001,29.43,29.43,1154500,967145.8302506667,69819900,0.05560906330586592,746268.1164624151,74.21537441314325,7.661300129926458,7.033719079278486,26903.888158358022,1132.0484712626899,27.01255518283226,1.0020041067037697,26.7234997,29.570472301975837,23.876527098024166,21.30688445702219,0.9753295304144571,0.0,0.0,27.717999966666667,28.699999766666668,26.736000166666667,7.085646880589809,1.3716906222044707,1.0,0.0,24.200001,29.559999,26.880000000000003,20.057245720701772,0.9757464461740468,2.1297449939734334,0.7171167134246303,0.31682962763941575,0.4002870857852146,27.39833308333333,26.516922846153843,27.84186757115983,27.1247508577352,20.122004780791006,23.437275822540652,13.302756004073219,1.2203275880392344,0.728512786973096,0.4918148010661384,0.12236761995064438,23.694990693448347,141.90807977032657,-1.5035007,20.978377423143467,-24.444512374468395,45.42288979761186,27.429999000000002,26.880000000000003,27.154999500000002,26.7399995,26.835,25.769999499999997,100.0,52.0,48.0,27.11263332473702,,0.0,0.0,99.21875001164139,67.7595841304485,1.0,0.9681907461083661,0.9711662300136292,18.844518407815052,59.81643005715421,97.57464461740467,92.21468144070377,-2.42535538259532,2.143117802941177,28.18388132844791,18.240261881890795,-13.416196026809715,-8.52980532912753,-4.8863906976821845,1.4128187456926344,1.402931478933933,64.87394957983193
197,2021-03-16,29.370001,29.370001,28.030001,28.290001,28.290001,1733800,-93836.25930156815,68086100,-0.008487653405230035,357296.9189392131,68.40855990114274,-42.89414349982714,2.799598295778473,-50849.397190220865,1132.0484712626899,27.165914582088938,1.0418035960333927,26.8434998,29.741687765195017,23.945311834804983,21.593219861703854,0.7495526890200626,0.0,0.0,27.992000100000002,29.0639999,26.920000300000005,7.6593297811541285,0.6389929830210784,0.0,0.0,24.200001,29.559999,26.880000000000003,19.967582617524414,0.7630599862164126,2.329665504295469,0.699745492508633,0.39341280061325923,0.3063326918953738,27.654166583333335,26.60730746153846,27.91081117559678,27.211065683088147,19.22564456708069,21.229317915495983,18.240298914738183,1.1130720483147807,0.7797382574650187,0.333333790849762,0.16817019788879664,23.654525567888236,87.20474280747402,-0.8835008000000002,33.02762706329666,-14.919783827259161,47.94741089055582,27.429999000000002,26.880000000000003,27.154999500000002,26.88,26.90500025,25.769999499999997,96.0,48.0,48.0,27.602106459789614,,0.0,0.0,99.6093750058207,57.746485462306985,0.6307061925337443,0.8679756124621253,0.9347857015596192,18.394564024308956,48.02395780600725,76.30599862164127,88.33198448959443,-23.694001378358738,2.224088576470592,28.195042476200364,12.172887080606145,-14.439413900257092,-9.711727043353443,-4.727686856903649,-3.8735949711179107,-3.950614158372634,58.48740056022408
198,2021-03-17,28.0,28.780001,27.91,28.66,28.66,1725400,1155587.907567211,69811500,-0.026650950580532767,397453.96974789695,69.1953079585837,-17.900242842268387,3.3785538385484832,-44594.24425633115,1146.8542962012864,27.36801286283919,1.0246233364300532,26.9764998,29.950785209035455,24.002214390964543,22.0509364156684,0.7830091885072238,0.0,0.0,28.2223335,29.307333399999997,27.137333599999998,7.688945352445783,0.7016896499253146,0.0,0.0,24.200001,29.559999,26.880000000000003,19.869138100710906,0.8320896761528641,1.8763891413872529,0.7076768437281977,0.4562656092362469,0.2514112344919508,27.879166666666666,26.729615153846154,28.02607099473574,27.318394151007542,18.227667123341327,19.97026441869633,17.976553641910666,1.1594595593499106,0.8027024600072562,0.3567570993426544,0.2075695681014111,23.59548529167128,71.74119120962075,-1.2665007999999993,43.81255376817093,-4.372928977435204,48.18548274560613,27.5249995,26.880000000000003,27.20249975,27.154999500000002,27.0425,25.884999,92.0,44.0,48.0,,29.559999,0.0,1.0,99.80468750291035,59.821732183717295,0.6738700148648715,0.7681920691328719,0.8681194759011212,18.665072625713734,52.108886549596846,83.2089676152864,85.69653695144412,-16.791032384713596,2.182676797058825,28.241500607396752,10.400620585540086,-15.19869978444379,-10.809121591571513,-4.389578192872277,1.3078790629947212,1.299400173837073,60.56022408963584
199,2021-03-18,28.57,29.360001,28.01,28.16,28.16,2815700,-1034401.4448110522,66995800,-0.03470825754079476,139553.40264105456,77.02671585772927,16.301464644671015,6.8485701331136255,-26556.324989028904,1146.8542962012864,27.658139585821562,1.0571611027870478,27.109999799999997,30.044839302937287,24.175160297062707,21.6513428593776,0.678885455056252,0.0,0.0,28.471333533333336,29.531333433333334,27.411333633333335,7.446085366946266,0.353144545894139,0.0,0.0,24.200001,29.559999,26.880000000000003,19.771294871053456,0.7388060592559921,1.8377744752545202,0.6659401320771039,0.4982005138044183,0.16773961827268558,28.083333416666665,26.796538230769233,28.046675457084085,27.38073532500698,17.983740792346406,22.04353640377428,16.35558964029661,1.2097759958962655,0.7230140153447413,0.4867619805515242,0.23681084967387273,23.663114704351944,66.52147301390508,-0.8900007999999957,55.78601418522038,6.955277819716645,48.83073636550374,28.514999000000003,26.880000000000003,27.697499500000003,27.154999500000002,27.0425,25.884999,88.0,40.0,48.0,,29.52699902,0.0,0.0,99.90234375145519,55.83113842511374,0.41383107416756537,0.572802427188727,0.7363233695945747,17.65414221699501,46.837697262452316,67.13617370892017,75.55037998194929,-32.863826291079825,2.114735620588238,28.23435442469704,9.529370265630895,-11.755896528812217,-10.998476579019654,-0.7574199497925633,-1.7445917655268706,-1.7599891110184007,57.759103641456576
200,2021-03-19,28.02,28.469999,27.57,28.030001,28.030001,3100500,-965491.0332439436,63895300,0.004891032370253056,62036.93090661753,68.18393080550348,-19.303345750653147,3.5377793831062,-63435.74802304811,1146.8542962012864,27.818669773940698,1.041444892508343,27.220999900000002,30.118460658112404,24.3235391418876,21.288422679230102,0.6396051866681765,0.0,0.0,28.603333499999998,29.5693333,27.6373337,6.754456084637832,0.2032439861788787,0.0,0.0,24.200001,29.559999,26.880000000000003,19.690672714781503,0.7145525054300389,2.1856977977451626,0.6152810772840596,0.5216166265003466,0.093664450783713,28.234166916666666,26.885769076923076,28.044110155994225,27.428829078710166,17.13276471047211,20.70324863884177,18.333677681294716,1.112027651964464,0.8515463611435798,0.2604812908208842,0.2565287336928995,23.764474964526244,38.61684872121713,-1.360998900000002,62.504969728348215,18.241487680342182,44.26348204800603,28.5649995,26.880000000000003,27.72249975,27.154999500000002,26.947499500000003,25.884999,84.0,36.0,48.0,,29.494659039600002,0.0,0.0,99.2812044555711,54.80743836334797,0.3635260151177116,0.4837423680500495,0.6082456214572161,16.530603837220532,43.19557948505966,64.08455399061027,71.47656510493896,-35.915446009389726,1.914823785294118,28.229140748379617,6.903135274719108,-7.999726256322634,-10.39872651448025,2.399000258157616,-0.46164417613636655,-0.46271304370839594,57.030817927170844
201,2021-03-22,28.1,28.1,27.51,27.719999,27.719999,1846400,-1497510.8515490291,62048900,-0.006670925563782453,-28595.158194327094,67.17077643081646,-6.870109672876927,3.2753824753851624,-34733.81540424252,1134.170489107202,27.90198841339485,0.9963004032575087,27.30749985,30.15567079799477,24.45932890200523,20.859990578703748,0.5724147457318913,0.0,0.0,28.575333500000006,29.479333200000003,27.671333800000003,6.327133154893887,0.02691660185285378,0.0,0.0,24.200001,29.559999,26.880000000000003,19.62830002542324,0.6567162898195112,2.6622115546070657,0.5438496801979511,0.5260632372398675,0.017786442958083626,28.38916675,26.966153692307692,27.994246901225882,27.45039722102793,16.258786835261535,19.851136357222206,17.99765296294233,1.1074831511870378,0.8646258227127532,0.24285732847428454,0.2662273001985895,23.83176311696802,23.083752312715763,-0.017498849999999067,65.43532877227818,28.888924651198334,36.546404121079846,28.5349995,26.880000000000003,27.707499750000004,27.154999500000002,26.947499500000003,25.884999,80.0,32.0,48.0,,29.417672678016,0.0,0.0,93.59953991792295,52.34275035248205,0.1975527107746499,0.324969933353309,0.4605049095306952,14.865683616049235,44.44863740705995,56.80751173708922,62.676079812206574,-43.192488262910786,1.5935002411764678,28.22332016406602,7.19256739394558,-9.204305377468788,-10.159842287077957,0.9555369096091688,-1.1059649980033837,-1.1121262606091697,55.294112044817936
202,2021-03-23,27.59,27.690001,26.190001,26.459999,26.459999,3038700,-3442286.954749025,59010200,-0.06855969836492243,-571476.1355951381,60.022286293634636,-42.699131207424365,-0.4675860721034673,-158543.26997864436,1134.170489107202,27.892545004320375,1.0496701629317582,27.3504998,30.119113560856064,24.58188603914394,20.245434497369313,0.3391793011018163,0.0,0.0,28.420666866666664,29.383666566666665,27.457667166666663,6.776756537894333,-0.5180002479059248,0.0,1.0,24.200001,29.559999,26.880000000000003,19.59744077510423,0.4216415752393936,3.789709118382922,0.3811743727350745,0.4970854643389089,-0.11591109160383439,28.319999916666664,26.991922846153848,27.758208762575748,27.377034389840674,16.303212014469647,17.80462274411227,25.03652527291966,1.011643342164298,0.9223804355939597,0.08926290657033842,0.2590827286200888,24.052986046656244,-31.510152789663877,0.6695001999999981,63.9094729631109,38.33828716946658,25.571185793644318,27.875,26.880000000000003,27.3775,27.154999500000002,26.46750025,25.884999,76.0,28.000000000000004,48.0,,29.303212317335042,0.0,0.0,46.79976995896148,43.73412805824563,0.0,0.18702624196412052,0.3319128477891597,10.521926645407866,40.6330259504125,27.2300469483568,49.374037558685444,-72.7699530516432,1.2070884617647089,28.096417520015788,-3.0414143260749618,-6.035562295513438,-9.334986288765055,3.299423993251617,-4.545454709431995,-4.65200173527518,48.23528851540615
203,2021-03-24,26.73,27.370001,26.34,26.35,26.35,1553200,-4965327.76072882,57457000,-0.10967454002829474,-514243.89433868945,61.946168784470586,-5.636788565574263,-0.8287603067831449,-144579.66548517477,1129.45553731785,27.989986051263443,1.0477032466385823,27.366999800000002,30.107490118027332,24.626509481972672,20.027700062520772,0.3144492988517359,0.0,0.0,28.21566686666667,29.18466676666667,27.24666696666667,6.868523821031881,-0.4626765011362066,0.0,1.0,24.200001,29.559999,26.880000000000003,19.585625165970878,0.40111936608931587,4.695806331334162,0.2406034922700222,0.44578906992513156,-0.20518557765510936,28.180833250000003,27.00961519230769,27.541561260641018,27.300957768370996,16.344463966591466,16.566426267548586,23.295396700646037,1.0517129825572793,0.9691069049456972,0.08260607761158212,0.23975927845961723,24.280303248004596,-39.50347183728592,0.8830001999999979,58.9032303094991,45.66219195979152,13.24103834970758,27.875,26.880000000000003,27.3775,27.154999500000002,26.46750025,25.884999,72.0,24.0,48.0,,29.054155411948237,0.0,0.0,23.39988497948074,43.068185810196034,0.0,0.06585090359154996,0.19261569296965986,6.843155116299501,35.29335243381117,21.130226321922986,35.05592833578968,-78.86977367807701,0.8743825647058827,27.80616172366976,-5.960028551034968,-8.479332035303745,-9.163855438072794,0.6845234027690488,-0.4157180807149663,-0.41658459065425646,47.619047619047606
204,2021-03-25,26.08,27.48,25.799999,27.360001,27.360001,1876400,-3356982.5102200406,59333400,-0.030633810023534064,-170042.49851887696,59.566612534112444,-19.24972793652732,-3.2296233578059343,65465.87042877915,1129.45553731785,28.085579336371186,1.110933021974724,27.490499900000003,29.98492995281801,24.996069847181996,18.14757870458374,0.47384194039584804,0.0,0.0,28.006333533333333,29.069333633333333,26.943333433333333,7.591140759177276,0.19598660746441496,0.0,0.0,24.200001,29.559999,26.880000000000003,19.497637436560403,0.5895524587882308,5.058093876047267,0.2082975717658364,0.39829077029327253,-0.18999319852743612,28.10666666666667,27.061922923076924,27.51362891285009,27.305331341084255,16.9151403126107,14.763038507671865,24.258517801761574,1.0027158189802505,0.9904957876767778,0.012220031303472711,0.22007769381689968,24.612170391967997,-35.79575565599173,1.5095000999999968,59.217052579090094,51.50829186579533,7.708760713294765,27.679999000000002,26.880000000000003,27.279999500000002,27.0550005,26.41750075,25.884999,68.0,20.0,48.0,,28.82502305899238,0.0,0.0,11.69994248974037,50.51853152444002,0.3017385089986191,0.1005795029995397,0.11781888285173674,5.900780447923318,44.19366355904159,41.489414893617024,29.94989605463228,-58.510585106382976,0.4450882617647025,27.783909910511888,-3.1504389380530955,-9.283721120592366,-9.18782857457671,-0.09589254601565678,3.833020872865278,3.761385431668529,53.27731652661063
205,2021-03-26,27.639999,28.450001,27.51,28.389999,28.389999,2857900,-863932.5812306087,62191300,-0.0021607277103655653,274768.0418695336,57.48315104744325,44.07440008401271,-3.3391068139571334,179511.6624527107,1129.45553731785,28.092772363409903,1.1088397197772515,27.6489999,29.940828241565224,25.357171558434775,16.57801981883059,0.6616611258707814,0.0,0.0,27.910000200000002,28.9910004,26.829,7.746328858858267,0.7220160551311641,0.0,0.0,25.299999,29.559999,27.429999000000002,15.407428895827808,0.725352112676056,5.1455127577306925,0.2627779865073876,0.37118821353609555,-0.10841022702870795,28.055833250000003,27.173461346153847,27.648455080103922,27.385677093596534,16.13226235384008,20.00980931444416,22.543813234371363,0.9861403287984276,1.003465212325769,-0.017324883527341406,0.20805840153398625,24.9062570006584,30.805059780489287,1.1509991,60.31575927510363,55.87911207156868,4.436647203534953,27.585,26.880000000000003,27.2325,27.0550005,26.41750075,26.25,64.0,16.0,48.0,,28.522520653093142,0.0,0.0,5.849971244870185,56.73642236447662,0.5535626770505571,0.28510039534972537,0.15051026731360503,7.154841950400883,46.496526503752996,68.88297872340422,43.834206646314755,-31.11702127659578,0.38223550588235256,27.793382995036264,-2.1034517241379325,-6.38896377469635,-8.628055614600637,2.2390918399042867,3.7646124355039223,3.6954805957151837,59.04761344537815
206,2021-03-29,28.360001,28.93,28.190001,28.540001,28.540001,2218700,-983859.4747804591,64410000,-0.0004855538577878691,283059.66980245756,56.50626274331077,19.3446351467075,-2.605760785883171,119311.62910503715,1135.4231525160315,28.104393820625077,1.0719556477995265,27.778,29.962981653927926,25.59301834607207,15.731742054344643,0.6743724023106,0.0,0.0,27.83400026666667,28.92800056666666,26.739999966666666,7.860891639856353,0.8226693508828737,0.0,0.0,25.299999,29.559999,27.429999000000002,15.335877312981502,0.760563849765258,5.208602316503439,0.3144334227122272,0.3598372553713219,-0.0454038326590947,28.034166749999997,27.278461423076923,27.785615990857167,27.47118256814494,15.107260123115188,22.213964080272525,21.4360204701287,1.0028054007031555,0.9796636674837542,0.023141733219401273,0.20232371254669348,25.068956270022436,55.1770189757234,1.2420000000000009,59.095349490616634,58.77552567460423,0.31982381601240206,27.58,26.880000000000003,27.23,27.0550005,26.41750075,26.25,60.0,12.0,48.0,25.799999,,1.0,0.0,4.571276238863093,57.572588172575756,0.5874273370124554,0.4809095076872105,0.28886313534549185,8.409814140230587,50.10698774177536,72.87239361702126,61.08159574468084,-27.12760638297874,0.4470591352941149,27.811017751362183,-0.9027708646795422,-6.2542971733884,-8.15330392635819,1.8990067529697896,0.5283621179416054,0.5269711826023649,59.88796078431371
207,2021-03-30,29.799999,31.25,29.5,31.139999,31.139999,4823200,3232989.8701338237,69233200,0.10611486121180673,2034095.4817735346,60.61701434238353,65.85356454221267,1.3202287420157472,451116.95090662944,1135.4231525160315,28.441723315892425,1.2357599830195738,28.049500000000002,30.475314843717793,25.62368515628221,17.296670840605298,1.1370022444218195,1.0,0.0,28.040666800000004,29.1756671,26.905666500000002,8.095387375024888,1.8653442206138644,1.0,0.0,25.299999,31.25,28.2749995,21.212502896664827,0.9815124400819427,5.208602316503439,0.5587281670583302,0.39961543770872354,0.15911272934960663,28.210833333333337,27.47653830769231,28.30167491534068,27.74294674828235,16.087630245121435,32.50541783326665,17.95612333018583,1.011250253515704,0.8650002703125843,0.14624998320311966,0.2193948357381822,25.317554921682913,191.03651486790113,1.3804999999999978,68.82960254767163,61.55519776121542,7.274404786456209,28.5249995,27.7250005,28.125,27.71,26.50500025,26.25,100.0,8.0,92.0,25.86259902,,0.0,0.0,22.512577689150305,68.8210303757314,1.0,0.7136633380210041,0.49322441368597997,13.989369190403053,59.789479488810755,97.98163339786542,79.91233524609697,-2.0183666021345767,1.0040589352941183,28.099255410251942,7.305303239145417,2.2824272319667385,-6.066157694693204,8.348584926659942,9.110013696215358,8.718648720558164,74.45377591036413
208,2021-03-31,31.35,31.940001,31.1,31.26,31.26,5132100,55973.25693932362,74365300,0.030180771327183283,1831490.0032487456,64.64881420666165,18.740896806385244,1.440218801279609,459171.22465099883,1135.4231525160315,28.847361803374813,1.1961840847176162,28.301500049999998,30.951520582637684,25.65147951736231,18.727067667479954,1.0582032126851624,1.0,0.0,28.339000133333336,29.471000433333337,27.206999833333334,7.988992516842558,1.7901939454727451,1.0,0.0,25.299999,31.940001,28.619999999999997,23.461661001251414,0.8975902416896866,5.205340007199326,0.7533326400695657,0.47035887818089195,0.28297376188867374,28.363333333333333,27.694230615384615,28.756801851442113,28.003469211372547,17.410040686050948,35.05699285738776,17.03310278693077,1.0751555419544487,0.8440995982794282,0.23105594367502058,0.2512659655857433,25.482973835199374,221.64415860465837,-0.011499049999997624,76.74584881377551,63.88406827549932,12.861780538276193,28.869999999999997,28.070000999999998,28.470000499999998,28.0550005,26.435,26.25,100.0,4.0,96.0,26.078095059200002,,0.0,0.0,46.49250838628759,69.22655616365944,1.0,0.8624757790041517,0.685682874904122,18.299910330524337,58.44048055503375,88.9250687540493,86.59303192297868,-11.07493124595069,1.7770589205882388,28.349465595700636,6.218144750254848,8.923528347509944,-3.0682204862525744,11.991748833762518,0.38535967839947727,0.3846190700516505,75.12605042016807
209,2021-04-01,31.389999,31.469999,30.610001,30.83,30.83,2241300,-1038617.6607139858,72124000,0.025420030579033567,1432168.7170703523,58.99766099296609,-18.417858831883272,-0.07107763950851798,-11053.378209735638,1119.8047278333092,28.970150832685455,1.1625654762458546,28.55,31.169556985446413,25.93044301455359,18.35066189454579,0.9351880895638259,0.0,0.0,28.585000100000002,29.6680001,27.502000099999997,7.577400708142743,1.5364727146814385,1.0,0.0,25.49,31.940001,28.7150005,22.591947460595446,0.827906848386535,5.218306163939018,0.8629135503767209,0.5488698126200577,0.31404373775666317,28.574999916666666,27.879230615384618,29.07575541275871,28.21284186238199,18.076759906300932,33.17666395019663,19.175534523593203,1.0419756919678058,0.8777781104253425,0.16419758154246333,0.28790137087061257,25.486883537866504,171.3597092059589,0.10999999999999943,83.48741723259991,66.21545133152728,17.271965901072633,28.869999999999997,28.070000999999998,28.470000499999998,28.0550005,26.40999975,26.25,96.0,4.0,92.0,26.429809415648002,,0.0,0.0,66.4794412289236,65.91806889574701,0.8735208951013885,0.9578402983671296,0.8446598051307618,20.619356999472593,60.466371749065395,81.9218137062496,89.60950528605478,-18.078186293750402,2.5020590058823515,28.5571805167432,8.978433758273809,6.0267299516640165,-1.2492303986692563,7.275960350333273,-1.3755598208573305,-1.3851083095271388,72.71708683473388
210,2021-04-05,30.82,32.040001,30.76,31.85,31.85,2333900,602402.6713795194,74457900,-0.01585184162247568,1567655.7574888745,60.499853962047595,19.743819358177124,0.7919594482236726,46385.86057651303,1119.8047278333092,29.12096393802752,1.1743090286212685,28.77799995,31.69598271129261,25.860017188707392,20.27926031247776,1.0263910552780584,1.0,0.0,28.9376668,30.058666999999996,27.8166666,7.747688904898148,1.798988706692474,1.0,0.0,25.799999,32.040001,28.919999999999998,21.68323723275285,0.9695511315541252,5.218306163939019,1.0203012886472678,0.6431561078254998,0.37714518082176796,28.840833250000003,28.146922961538458,29.502562272334295,28.482260983687027,19.052431057079065,34.07556950130146,17.6574862238918,1.0361591032790873,0.8529936399518246,0.1831654633272627,0.33272703335895115,25.441417414948987,175.5316864509957,-0.6179999500000015,93.17460923680143,69.29759360536322,23.877015631438212,28.919999999999998,28.120001,28.5200005,28.1050005,26.3525,26.25,100.0,8.0,92.0,26.760420910709122,,0.0,0.0,82.71404308703421,69.62633079419929,1.0,0.9578402983671296,0.9260521252461369,23.864115130102224,66.74751027571982,96.95511315541253,89.26733187190382,-3.0448868445874746,3.024588388235294,28.961963746415236,11.130495464061415,3.894191415228454,-0.22054603588971433,4.1147374511181685,3.3084657800843464,3.254914012011323,78.4313725490196
211,2021-04-06,31.530001,31.870001,31.16,31.25,31.25,1615400,-603459.8772647779,72842500,-0.03336087924228577,1205242.0778476065,60.43066588610896,5.054482790640087,4.216861326114189,46784.88566713411,1098.709505330955,29.247150123028895,1.1278782257591415,28.93949995,32.02455075343919,25.854449146560807,21.32069184864539,0.874467099119449,0.0,0.0,29.302666866666662,30.43566716666666,28.169666566666667,7.733086583247788,1.3593700872512304,1.0,0.0,25.799999,32.040001,28.919999999999998,21.562231589284934,0.8733973162188093,5.139303373251135,1.0841201572222232,0.7313489177048444,0.35277123951737877,29.09833325,28.378846076923075,29.771398845821324,28.6872786885991,19.958411411373046,32.53689231158227,16.86016510268661,1.1229915327564894,0.8491967861557477,0.27379474660074177,0.3759044748789539,25.412393304816273,139.78013060644045,-0.9094989499999997,100.13117739882827,73.32222743155403,26.808949967274245,28.919999999999998,28.669999999999998,28.794999999999998,28.1050005,26.19500025,26.25,96.0,4.0,92.0,27.18278731785239,,0.0,0.0,91.3570215435171,65.13672813543488,0.8309519485841865,0.9014909478951917,0.9390571815431503,25.001829468903786,61.884657151485285,87.33973162188093,88.73888616118103,-12.660268378119062,3.4447060205882316,29.195803862740068,10.973011363636363,0.029282512935941703,-0.17058032612458313,0.19986283906052482,-1.883830455259028,-1.901800583576163,75.07002801120446
212,2021-04-07,31.209999,31.65,30.780001,31.200001,31.200001,2455700,-688136.4622953257,70386800,-0.020136904370125705,1015524.2746836628,58.9371596530874,-10.628321863419824,4.736284253174801,-34360.43859185436,1098.709505330955,29.41058250014025,1.1020903031832274,29.086999999999996,32.3052921501941,25.868707849805894,22.128732080957835,0.8282798610860366,0.0,0.0,29.745666900000003,30.815667100000002,28.675666700000004,7.194326512141498,1.179595246804626,1.0,0.0,25.799999,32.040001,28.919999999999998,21.45288960704094,0.8653846585305587,5.120641935930642,1.1177775253966544,0.8086346392432064,0.309142886153448,29.362499916666668,28.580384615384617,29.991183792618045,28.87340626722139,20.32871372360859,30.707156168681422,18.368291241570006,1.1069224483216868,0.8263290885450046,0.2805933597766822,0.4148145102638968,25.45184216345189,109.47965117378038,-1.3670009999999948,109.07064286571351,78.89638438224452,30.17425848346899,28.919999999999998,28.669999999999998,28.794999999999998,28.1050005,26.13250025,26.25,92.0,8.0,84.0,27.5713644124242,,0.0,0.0,95.67851077175855,64.7619716040036,0.8168411538861005,0.882597700823429,0.91397631569525,25.772944985030126,58.29563057628507,86.53846585305587,90.27777021011646,-13.461534146944132,3.450059061764705,29.629881697215236,11.30931104854403,-0.5707234509184634,-0.25060895108335923,-0.3201144998351042,-0.15999679999999517,-0.1601249315692499,74.78992156862745
213,2021-04-08,31.23,31.49,30.559999,31.459999,31.459999,1565700,776547.3760016267,71952500,-0.02620516168969852,928603.5023859967,53.239976706848815,-11.285758446764916,2.765768318072234,9118.357798829511,1107.8653471518267,29.554898321936435,1.0848813728649045,29.209999949999997,32.58958564413488,25.830414255865115,23.139922628687863,0.8328808992630036,0.0,0.0,30.194000133333333,31.25400033333333,29.13399993333333,7.021263796245325,1.097169164056134,1.0,0.0,25.799999,32.040001,28.919999999999998,21.362553956457635,0.9070509913298109,4.999792789446,1.1521496340758048,0.8773376382097261,0.27481199586607874,29.67416658333333,28.801538461538463,30.2171553629845,29.065005728908694,20.402062632320913,28.840095474604677,18.689801528931245,1.0894672067851783,0.8686551229257771,0.2208120838594012,0.45003045730613006,25.49347416177236,93.14906984321962,-2.750000949999997,118.4003495225227,85.47230626484814,32.92804325767456,29.775000499999997,28.669999999999998,29.222500249999996,28.1050005,26.13250025,26.25,88.0,4.0,84.0,27.928855339430264,,0.0,0.0,97.83925538587928,65.86187932904943,0.8582562348606313,0.8353497791103061,0.8731461426096422,26.731005330900278,63.14958140576682,90.70509913298109,88.1944322026393,-9.294900867018907,3.197823567647056,30.065286283280134,13.492063978790181,-3.8413388662070544,-0.9687549341080983,-2.872583932098956,0.8333268963677254,0.8298738977017717,76.24649299719886
214,2021-04-09,31.4,31.68,30.98,31.440001,31.440001,1559200,1266586.11657305,70393300,0.01346740988745184,791491.4475308541,59.85199990396006,13.6929418932786,5.122646006924502,12056.27135275722,1107.161116639539,29.77055895472097,1.046393235578414,29.342000050000003,32.850969149208645,25.833030950791358,23.917722672136954,0.7989483364890769,0.0,0.0,30.642666833333333,31.604666933333327,29.680666733333332,6.278827526548872,0.9144148044613879,0.0,0.0,25.799999,32.040001,28.919999999999998,21.2664507851093,0.9038461846646847,4.847669433813098,1.1643541564417923,0.9347409418561394,0.22961321458565287,30.08916675,29.002307769230768,30.40528546098688,29.24093130454509,20.623949583133957,28.760375462778754,17.811933541247594,1.145887155905344,0.7975580204086131,0.34832913549673095,0.4800338372965153,25.34763968754599,89.80110283309621,-2.9920000500000015,125.70771021400927,92.7380785913932,32.96963162261606,30.115001,28.669999999999998,29.392500499999997,28.1050005,26.1350005,26.25,84.0,56.00000000000001,27.999999999999993,28.25774699227584,,0.0,0.0,98.91962769293963,65.69203205254473,0.85186093591912,0.8423194415552838,0.8534223071630063,27.45669337926412,55.98072075324551,90.38461846646848,89.2093944841685,-9.615381533531531,3.098911802941174,30.35079126164339,18.82086994787868,-6.556091673692253,-2.0862222820249294,-4.4698693916673236,-0.06356643558698138,-0.06358664761147992,76.13445938375347
215,2021-04-12,31.59,32.290001,31.379999,32.290001,32.290001,2509300,3775886.1165730497,72902600,0.07208008162839849,983121.9550264457,65.70805843450205,18.31391264496061,6.921504743912897,66849.35980043419,1107.161116639539,30.02886589824496,1.032754112020572,29.5055001,33.23689932651025,25.774100873489754,25.29290616233444,0.8731175265590881,0.0,0.0,31.029666866666666,31.988667066666665,30.070666666666664,6.181182699258672,1.1571083787747551,1.0,0.0,25.799999,32.290001,29.044999999999998,21.995905773513723,1.0,4.592212553701364,1.2284533787348977,0.9934834292318911,0.23496994950300654,30.58416683333333,29.24961546153846,30.69524169775813,29.466788319023234,21.302403353196603,31.121843405200217,16.71291334255288,1.1719145357736438,0.7399246385437885,0.43198989722985526,0.5101134900756576,25.088210590357974,101.59890755930142,-2.1454990999999985,135.01350330780718,101.1734290155255,33.840074292281685,30.8950005,28.8900005,29.892500499999997,28.2300005,26.2400005,26.25,100.0,52.0,48.0,28.560327312893772,,0.0,0.0,99.45981384646981,69.3142774368196,0.9882501824744291,0.8994557844180601,0.8590416683612165,29.17510721489957,63.67457259302879,100.0,93.69657253314988,-0.0,3.013852864705882,30.742605709737678,22.542698292220095,-5.464198702798692,-2.761817566179682,-2.70238113661901,2.7035622549757443,2.667661637190255,80.89636414565824
216,2021-04-13,32.139999,32.25,31.049999,31.15,31.15,3060100,1225807.4583885921,69842500,0.005166763774512804,344316.38143695437,64.80540251549891,-7.254690533005429,9.453250506371392,-40196.58115171657,1107.161116639539,30.428930212075084,1.0534789008185146,29.5915001,33.39064370334027,25.792356496659735,25.677262663275833,0.7051120019035001,0.0,0.0,31.322666766666668,32.32766716666667,30.317666366666668,6.417080687839231,0.41409617017731004,0.0,0.0,25.799999,32.290001,29.044999999999998,21.931980393248114,0.8243450464267964,3.8346071079302133,1.1737338477253978,1.0295335129305925,0.14420033479480532,30.900000083333328,29.39807696153846,30.76520451348765,29.59147066576225,21.486650592861903,28.5379090294199,17.53487022130979,1.2379729191876467,0.7107122159357869,0.5272607032518598,0.5297266363635712,24.921243528376216,72.80716890282042,-1.2015011000000015,140.60722412945668,109.1487203023905,31.45850382706618,31.424999999999997,29.044999999999998,30.235,28.2300005,26.3475005,26.25,96.0,48.0,48.0,28.933294681604394,,0.0,0.0,99.7299069232349,60.14283292423678,0.6429156525926528,0.827675590328734,0.8564836054340259,27.84600610973455,60.217632068573955,82.43450464267964,90.93970770304936,-17.565495357320362,2.858793855882354,30.775971436387433,13.852335020016987,-2.736351690165721,-2.75672439097689,0.020372700811169153,-3.5305077878442837,-3.5943370506061445,74.5098039215686
217,2021-04-14,31.1,32.389999,31.1,31.780001,31.780001,2900400,1383200.372026493,72742900,0.02883192849640558,556164.7412888181,70.00490838553216,4.225275996414401,10.157683689370584,-49377.200424169736,1129.5531747661528,30.689054899051484,1.0771309107366633,29.766000099999996,33.63004181499237,25.90195838500762,25.962787757918292,0.7606080690311569,0.0,0.0,31.43533346666667,32.39433376666666,30.476333166666667,6.101416426944542,0.6797014731556054,0.0,0.0,25.799999,32.389999,29.094999,22.13935355056323,0.9074358118361147,2.6568866575994643,1.1677430260202293,1.05717541554852,0.11056761047170927,31.18250025,29.542692384615385,30.921327049874165,29.753584023853936,21.774312493233374,27.032855234779696,16.042615339724833,1.227760272348214,0.6864355798544641,0.5413246924937498,0.5447546225764494,24.87902484990161,75.32900164428837,-1.2259990999999957,144.4155990193826,116.66758143634684,27.74801758303576,31.474999000000004,29.094999,30.284999000000003,28.279999500000002,26.590000000000003,26.25,92.0,44.0,48.0,29.268965313443953,,0.0,0.0,99.86495346161746,63.052360204005616,0.655953545597588,0.7623731268882233,0.8298348338783391,27.63100210258645,57.6888417910127,90.74358118361148,91.05936194209706,-9.25641881638853,2.7946466117647084,30.7955900788517,11.940831699219148,-1.1313426126296737,-2.4316480353074468,1.300305422677773,2.0224751203852254,2.002294734143817,78.03922128851539
218,2021-04-15,32.009998,32.450001,31.52,31.959999,31.959999,1622800,1295947.9191796677,74365700,0.002745342182199802,518441.3145904158,70.04311667100842,13.754077520396724,12.515098364865159,67851.20713327266,1135.950824418573,30.939405129269808,1.062417919662997,29.93100005,33.87308039311852,25.988919706881482,26.341120153240716,0.7573512934029762,0.0,0.0,31.489666766666666,32.457667066666666,30.521666466666666,6.148050452059245,0.7429401278766825,0.0,0.0,25.799999,32.450001,29.125,22.217774176910606,0.926315510882553,1.8973495553872495,1.1641005642737845,1.078560445293573,0.08554011898021141,31.467500083333334,29.685384653846157,31.08112273450891,29.917022170235125,22.093563605107526,25.757298651707224,15.048337627910918,1.302649078943892,0.6741722501644536,0.6284768287794384,0.5561086889952428,24.850215657019323,76.43366920639201,1.208998949999998,150.0279179185728,124.06097040145495,25.966947517117845,31.505000000000003,29.125,30.315,28.3100005,26.625,26.394999499999997,88.0,40.0,48.0,29.643489355830678,,0.0,0.0,99.93247673080873,63.86400708283504,0.5529585223369791,0.6172759068424066,0.7357748746864546,27.698989781713173,58.04167821012353,90.08093318199731,87.75300633609616,-9.919066818002682,2.7963526941176475,30.8203724803523,11.98317407206818,-3.9783093047585316,-2.7409802891976636,-1.237329015560868,0.5663876473761098,0.5647897034061433,79.04761344537815
219,2021-04-16,32.119999,32.240002,31.440001,31.65,31.65,1426500,618355.9167946718,72939200,0.03322966945609789,381204.9020060705,64.99823791261548,-8.131745180441738,8.786087988832696,-4645.1314503853955,1124.9325631345555,31.200553925717788,1.036176227696697,30.10550005,34.027476638635044,26.183523461364956,26.054884204688992,0.6969032597588156,0.0,0.0,31.570333533333333,32.53233413333333,30.608332933333337,6.094332826634688,0.5414066616313264,0.0,0.0,25.799999,32.450001,29.125,22.088993668783125,0.8796991339250723,1.7287433537630792,1.1232514154493778,1.0874986393247341,0.03575277612464367,31.510000166666668,29.787307730769232,31.168642313815234,30.045390898365856,22.26489521539531,24.358744668150347,14.774218625904508,1.1978393118597406,0.753544901135746,0.44429441072399456,0.561159640385035,24.84526860546135,63.89503188010293,1.1544999500000017,153.28357144869446,130.73974398055418,22.54382746814028,31.505000000000003,29.125,30.315,28.325001,26.645000500000002,26.4399995,84.0,36.0,48.0,30.03640098601438,,0.0,0.0,99.96623836540437,61.3638332820322,0.31452846045138133,0.5078135094619828,0.6291541810642042,27.023343307642584,55.28000650419902,81.22063380281686,87.34838272280855,-18.779366197183133,2.694529450000001,30.842171562481962,1.637768196460119,-6.989225946218661,-3.5906294206018634,-3.3985965256167976,-0.9699593545043683,-0.9746941018776489,77.31092436974787
220,2021-04-19,31.51,31.809999,31.309999,31.639999,31.639999,1716900,1167763.91679466,71222300,0.04411762777772592,324294.09930520353,59.7654964821101,-8.154304269322516,6.8218780305448385,-14378.988893426504,1124.9325631345555,31.387505719703494,0.9825586049270273,30.285999949999997,34.14099380867233,26.43100609132767,25.457266493010934,0.6756162395633909,0.0,0.0,31.574000066666667,32.45800056666667,30.689999566666664,5.5995470838885595,0.5373296923097514,0.0,0.0,25.799999,32.450001,29.125,21.95734666505539,0.8781952246029399,1.6201115659553351,1.0776487100690062,1.0855286534735886,-0.007879943404582423,31.54166675,29.896538500000002,31.241158727074428,30.16351001700542,22.213186693703307,23.499910551691997,15.170028331739985,1.1455042740204968,0.8119424804589978,0.33356179356149906,0.5605400098832316,24.803287909507244,52.994813942467744,0.5440000500000011,152.42386700667385,136.55004282587035,15.873824180803496,31.505000000000003,29.125,30.315,28.325001,27.09,26.4399995,80.0,32.0,48.0,30.37430498797237,,0.0,0.0,99.98311918270218,61.280483582795,0.11996108125479223,0.3291493546810509,0.4847462569951467,26.450341829287872,52.602899050805284,72.54231439243578,81.28129379241666,-27.457685607564223,2.475558676470591,30.84948440410055,1.2156078055022328,-8.383488058152313,-4.549201148111953,-3.83428691004036,-0.031598736176929876,-0.03160372962951463,77.25489635854339
221,2021-04-20,31.700001,31.76,30.66,31.040001,31.040001,1855800,594156.3818855676,69366500,0.043249148803937626,118898.32963303177,50.43581380773691,-20.745710744692367,0.636215510051622,-35734.564326960455,1124.9325631345555,31.48811570995142,0.9943027444343248,30.452000050000002,34.132704447150275,26.771295652849734,24.173810528745683,0.5798761441499142,0.0,0.0,31.546666733333335,32.46966713333334,30.623666333333336,5.851650875207846,0.2255333078223279,0.0,0.0,25.799999,32.450001,29.125,21.837652663474234,0.7879699885804545,1.9222865482937952,0.9817761094425741,1.0647781446673856,-0.08300203522481153,31.559166833333332,29.974230846153844,31.210211384447593,30.22843527500502,21.182451067080393,21.688213687017445,18.55604791212887,1.0864196359168357,0.9575616708819426,0.1288579650348931,0.5509265025641022,24.86332405334294,32.15652686774912,1.397999949999999,151.7638030153905,141.29372728694557,10.470075728444925,31.505000000000003,29.125,30.315,28.325001,27.119999999999997,26.6099995,76.0,28.000000000000004,48.0,,32.450001,0.0,1.0,49.99155959135109,56.336547546772664,0.0,0.1448298472353912,0.32726423712614156,24.53691993057081,47.19103886033707,25.39690434190012,59.7199508457176,-74.60309565809987,2.230794070588235,30.851230658265663,0.6811579630230357,-8.93207484885125,-5.425775888259813,-3.5062989605914376,-1.8963274935628105,-1.9145383762377843,73.89356302521006
222,2021-04-21,30.85,31.82,30.799999,31.73,31.73,1535300,1858521.353390498,70901800,0.11312059181088102,253249.348928313,44.172137792271116,6.6436260014003246,-0.22787526173301512,-1063.3268571340159,1149.939081131455,31.495955170872904,0.9968725699908922,30.715500100000003,33.941844478952916,27.48915572104709,21.007923481297393,0.6572212666784886,0.0,0.0,31.57066663333333,32.508667233333334,30.632666033333333,5.942228657342503,0.5849324438953807,0.0,0.0,25.799999,32.450001,29.125,21.650313289217777,0.8917292054949758,1.9773782483661098,0.9505165720920346,1.0419258301523155,-0.091409258060281,31.54916683333333,30.062692384615385,31.290178863763348,30.339662291671313,20.298635768405216,20.558365327043276,17.22960875208164,0.9741246693494662,1.0060882772808477,-0.03196360793138153,0.5393411727496846,24.85565460763629,42.48885428249881,0.5344998999999966,149.18373689106136,144.71410366122763,4.4696332298337325,31.5550005,29.125,30.34000025,28.325001,27.154999500000002,26.7399995,72.0,24.0,48.0,,32.41420098,0.0,0.0,24.995779795675546,60.30291228412894,0.2984521766466207,0.13947108596713764,0.20448342929452654,23.98816544958987,48.75699560340586,61.904749307143575,53.28132268049317,-38.095250692856425,1.9908529088235305,30.86667321883127,-0.37676609105180847,-10.520422052266866,-6.444705121061224,-4.075716931205642,2.222934851065239,2.198587806359198,77.75910364145658
223,2021-04-22,31.76,31.950001,31.110001,31.290001,31.290001,1417700,1048407.0676762115,69484100,0.1287067934330751,127958.50160998256,50.560440936593174,13.035286732030775,2.0187779928322738,14469.513527307921,1133.9929088730635,31.53634270351808,0.9811853129918029,30.96250015,33.49622349421128,28.428776805788726,16.366400206291328,0.5646283760119726,0.0,0.0,31.5986668,32.527667300000005,30.6696663,5.879998076374555,0.33387210232933084,0.0,0.0,25.799999,32.450001,29.125,21.4776002189216,0.8255639622364024,2.11185736334799,0.8800937485599363,1.0095594138338397,-0.12946566527390346,31.552500249999998,30.178077,31.29015150010745,30.410057751547512,19.6427931214286,20.25538848949757,16.20243144943693,1.0350608780116601,0.9603656491672874,0.07469522884437274,0.522877230728558,24.850464431248824,39.244933481702084,0.23750084999999999,145.04601377613395,146.86280405701928,-1.8167902808853285,31.5550005,29.125,30.34000025,28.325001,27.154999500000002,26.88,68.0,20.0,48.0,,32.3791169604,0.0,0.0,12.497889897837773,56.76196156209692,0.03201060599740275,0.11015426088134116,0.1314850646946233,22.48638157625041,50.898479237579785,38.62440357205968,41.97535240703447,-61.37559642794032,1.7401470823529444,30.86977042371448,0.12800320000000057,-12.217616171841389,-7.599287331217258,-4.61832884062413,-1.386697132051684,-1.3964015955221676,75.29412324929972
224,2021-04-23,31.280001,32.0,31.110001,31.870001,31.870001,1403800,2042110.885096226,70887900,0.11673286377184548,225993.57280855614,48.84325059571169,1.5849501353825222,0.7217159054898025,6362.014764616804,1155.0129109864024,31.541661436261005,0.9720666816926226,31.18800015,33.13362717448366,29.24237312551634,12.476766802142379,0.67526505373788,0.0,0.0,31.62800016666667,32.57600056666667,30.67999976666667,5.994690748731666,0.6276375164679932,0.0,0.0,27.51,32.450001,29.980000500000003,15.839428550214363,0.8825911168843888,2.140277580343688,0.8611574195982037,0.9798790149867126,-0.1187215953885089,31.608333583333334,30.301538576923072,31.37935911547553,30.518201695877327,19.099654428886755,19.32309824389827,15.170468939246243,1.0243519131098604,1.0,0.0243519131098604,0.5067377155674965,24.77793154779859,55.774119143149285,0.27199884999999924,141.4879393301253,147.58218583727682,-6.094246507151524,31.5550005,29.125,30.34000025,28.325001,27.20249975,27.154999500000002,64.0,16.0,48.0,,32.344734621191996,0.0,0.0,6.248944948918886,60.088840014467266,0.28913319197468923,0.2065319915395709,0.15205244612934987,22.156734774134176,53.27529881751779,69.31220178602975,56.61378488841101,-30.687798213970257,1.5318233382352915,30.882362228511774,2.1474358286078203,-13.588265183147113,-8.79708290160323,-4.7911822815438825,1.8536272977428103,1.836657016683274,78.54342296918766
225,2021-04-26,32.09,32.349998,31.59,31.65,31.65,1112800,1105016.6106376052,69775100,0.044239487893216134,158734.9034359053,54.04682417961461,28.342741732836025,2.3851629727895123,18339.47839547641,1147.0397704951322,31.562460065192663,0.9508598135233604,31.351000199999998,32.819371794113984,29.882628605886012,9.367303019021294,0.6018133969625097,0.0,0.0,31.61566673333333,32.548666733333334,30.68266673333334,5.902137113662756,0.5183993926402263,0.0,0.0,28.190001,32.450001,30.320000999999998,13.588083228043239,0.8122063380281687,2.146603668148895,0.8189575673393179,0.9476947254572337,-0.12873715811791575,31.624167,30.435769346153847,31.42099617463314,30.60203860729382,19.051001782307967,20.80207019599605,14.331067182861817,1.03051634651416,0.9593115901459492,0.07120475636821078,0.489008384833541,24.715046176981758,84.82363503325091,0.08900080000000088,132.99151770090052,146.73599623410394,-13.74447853320342,31.5550005,29.125,30.34000025,28.325001,27.697499500000003,27.154999500000002,60.0,12.0,48.0,30.66,,1.0,0.0,3.124472474459443,58.25776508847195,0.1480395691678506,0.1563944557133142,0.15769356937807538,21.35795050049257,50.418726291226164,57.671949553492425,55.20285163719396,-42.328050446507575,1.4992645294117608,30.898457996864536,0.6039447108691859,-15.893390580462269,-10.216344437375039,-5.67704614308723,-0.690307477555463,-0.6927011216530055,77.31092436974787
226,2021-04-27,31.610001,31.99,31.190001,31.9,31.9,1162600,2006031.2836559466,70937700,0.06881142353796631,177579.917230776,56.785656595068836,-26.148152417125466,1.2766036475248232,1501.5127341546258,1147.0397704951322,31.60341512533754,0.9357737321710242,31.51900015,32.24229542939887,30.795704870601128,4.5895826387682686,0.7633778076891681,0.0,0.0,31.636666799999993,32.5296666,30.743667,5.645346936485738,0.647443034141777,0.0,0.0,29.5,32.450001,30.9750005,9.359437120342792,0.8135590462511701,2.101098053135243,0.7965051752009984,0.9174568154059867,-0.12095164020498828,31.662500250000004,30.584615461538462,31.494689070843425,30.698183895642426,18.312649483857765,19.574295478999982,16.43630655310139,1.0291108507212787,0.9701022100466855,0.059008640674593216,0.4716681929687715,24.717547279650894,56.15425110355226,0.7710008499999965,128.8787367731643,145.00967820674634,-16.130941433582052,31.5550005,29.125,30.34000025,28.325001,27.72249975,27.154999500000002,56.00000000000001,8.0,48.00000000000001,30.69379996,,0.0,0.0,1.5622362372297216,59.75844172790852,0.26367432595127627,0.23361569569793872,0.1988473809836079,21.10326496962081,55.98729356273886,70.89944878365198,65.96120004105806,-29.100551216348027,1.4804116735294066,30.930914544893813,1.4631010985018729,-17.49953102935416,-11.672981755770865,-5.826549273583295,0.789889415481837,0.7867861200613557,78.71148459383753
227,2021-04-28,32.110001,32.240002,31.709999,31.879999,31.879999,1429300,1493635.5275942027,69508400,-0.04342241584506976,148127.43915495148,62.85129517338134,14.276299937032029,3.1024649606531765,8287.096686084707,1147.0397704951322,31.65053476925173,0.8951966589539214,31.55600015,32.27364610783763,30.83835419216237,4.548396212614601,0.7257372500057395,0.0,0.0,31.65533346666666,32.47233366666667,30.838333266666666,5.1618486398844015,0.6374941727880435,0.0,0.0,30.559999,32.450001,31.505000000000003,5.9893585721129465,0.6984119593524245,2.1030158999276085,0.7682417662584271,0.8876138055764748,-0.11937203931804774,31.628333416666667,30.744615461538462,31.553967521482896,30.78572575522447,17.96789829793413,20.689391759733038,15.772141001174377,1.0901704751541532,0.9358243152622606,0.1543461598918926,0.4542480230760861,24.565463925421877,113.3902915560716,-0.40600015000000056,119.68202670914674,141.6379125168101,-21.955885807663364,31.504998999999998,29.125,30.3149995,28.325001,27.707499750000004,27.154999500000002,52.0,4.0,48.0,30.7269239208,,0.0,0.0,0.7811181186148608,59.57391302211092,0.24945545197554972,0.22038978236489218,0.20346664459204833,20.84349001529009,53.34165965853179,68.1563306389215,65.57590965868864,-31.843669361078497,1.5142942264705859,30.9374154663464,-1.269749109019833,-17.444741240079704,-12.827333652632634,-4.617407587447071,-0.0626990595611221,-0.062718723641364,78.59943417366947
228,2021-04-29,32.029999,33.630001,32.0,33.43,33.43,3154200,3873795.322465493,72662600,0.10026135518087984,825396.8270185291,65.30203654521293,43.40881491344882,5.225027319236764,152460.5960291693,1147.0397704951322,31.831554436952704,0.9806771930585292,31.664500150000002,32.73817542241745,30.590824877582556,6.781570953789058,1.3221758921693638,1.0,0.0,31.759666833333334,32.64666703333334,30.872666633333335,5.585702171592371,1.4415630158069084,1.0,0.0,30.559999,33.630001,32.095,9.695406481886303,0.9348531369034937,2.074683622520905,0.8609899812890802,0.8822890407189959,-0.021299059429915723,31.818333416666672,31.01269242307692,31.84258790279322,30.98159792150414,19.120924786343217,28.069057163131472,13.790611517031671,1.0643710740570724,0.8420657264625687,0.2223053475945037,0.4467898403266122,24.592965996690495,304.5249166092164,0.11550084999999655,114.40365670030617,137.3179219892114,-22.91426528890524,32.1450005,29.715,30.93000025,28.915001,27.3775,27.154999500000002,100.0,4.0,96.0,30.759385402384,,0.0,0.0,14.473253520882597,67.85736107646284,0.8877371949716631,0.4669556576328297,0.3069870452318868,23.16018866117156,61.94194849441643,93.26596186331248,77.44058042862866,-6.734038136687507,1.6608529500000024,31.09830091891603,7.319422150882829,-9.443000839578348,-12.150467090021777,2.7074662504434297,4.861985723399798,4.747487787762195,87.28291316526608
229,2021-04-30,33.07,33.279999,32.669998,32.91,32.91,1822000,3485509.8376875883,70840600,0.12013275565732787,572134.4231587385,57.09606559488987,5.3566926453347055,4.299511604977771,125015.74261957314,1129.197692102746,31.896138451626708,0.9586096737526763,31.76850015,32.90008773644688,30.636912563553125,7.123959778421433,1.0043798039461722,1.0,0.0,31.877333299999997,32.7453335,31.0093331,5.445877117958302,1.0948539527986259,1.0,0.0,30.559999,33.630001,32.095,9.6636667941656,0.7654721397575625,2.1159245894097567,0.8823626286060957,0.8823037582964159,5.887030967977047e-05,31.912499999999998,31.265000115384616,32.00680514851734,31.12444251991124,20.19159223986594,26.511293127632324,13.02526629991517,1.0741858804465434,0.9015896812166717,0.17259619922987168,0.4418774495517843,24.454337697698055,235.1308379800151,0.19149884999999855,108.12145863541605,132.39543217018274,-24.273973534766697,32.1450005,29.715,30.93000025,28.915001,27.3775,27.154999500000002,96.0,4.0,92.0,30.87421002628864,,0.0,0.0,34.11289136237669,63.18015823377305,0.5940214785495647,0.5770713751655925,0.42147227172110474,23.67029328952677,55.96309046820365,75.75755024998297,79.05994758407233,-24.242449750017038,1.8311761235294064,31.185978723679685,3.5556921473979757,-8.929966974877704,-11.506367066992965,2.5764000921152608,-1.5554890816631861,-1.5677137476758585,84.36974789915963
230,2021-05-03,33.209999,33.860001,33.02,33.669998,33.669998,1690000,4410974.866895892,72530600,0.10289128055858686,673886.1655646338,67.29685056165337,23.11255295869815,6.468600425813741,10686.53739760891,1155.2745072836242,32.06116532090177,0.9577488063774087,31.859500049999998,33.262773689815674,30.45622641018432,8.809137855982623,1.1450979690026157,1.0,0.0,32.07033336666667,32.97233366666667,31.16833306666667,5.625138283953881,1.38673176346689,1.0,0.0,30.559999,33.860001,32.21,10.357984258450395,0.9424233682282624,1.8938892506641063,0.9496787867193639,0.8957787639810056,0.053900022738358255,32.05499991666667,31.50769230769231,32.26268097182236,31.313002185103,21.672579517610014,28.912437790434737,12.1198174195674,1.1230648809296215,0.8459750715286041,0.27708980940101746,0.4428702043491572,24.36969536574889,250.76773093420803,-0.20950004999999905,103.13489322755704,126.9922199715346,-23.857326743977552,32.33,30.6850005,31.50750025,29.030001,27.279999500000002,27.0550005,100.0,4.0,96.0,30.984441665237096,,0.0,0.0,58.04484218196768,66.78373534685977,0.9068099030648976,0.7961895255287085,0.6134055194423769,25.25792218696103,62.743783398888944,94.06240810549754,87.69530673959768,-5.937591894502453,2.002088173529412,31.383003462729622,5.350435086058669,-8.996443844697483,-11.004382422533869,2.007938577836386,2.309322394408997,2.2830610817673236,88.62743977591035
231,2021-05-04,33.529999,33.779999,32.540001,32.700001,32.700001,2674100,2426966.3025272554,69856500,0.07959264225622688,207064.00224111497,55.72558857825188,-12.983809879922374,5.2393800060754,-38010.441786224656,1155.2745072836242,32.20317174523181,0.9859737257396677,31.9320001,33.35155713879826,30.512443061201733,8.891125105553693,0.7705072353591929,0.0,0.0,32.25566669999999,33.1716668,31.339666599999997,5.679622799425814,0.7425405302903368,0.0,0.0,30.559999,33.860001,32.21,10.334466959994765,0.6484850615242057,2.0003635904501222,0.9142181380990486,0.8994666388046143,0.014751499294434312,32.1425,31.673461615384614,32.32996097615738,31.415742838058332,22.19817399693276,26.338759564480057,14.486746743943261,1.0823619726643452,0.8624707605008699,0.2198912121634753,0.44047121456550636,24.422474664931258,144.64694404454602,-0.29200110000000024,100.23855671626904,121.55386661877989,-21.315309902510847,32.485001,31.025000999999996,31.755000999999996,29.030001,27.2325,27.0550005,96.0,12.0,84.0,31.15697522532287,,0.0,0.0,76.88448106770126,58.86506674471702,0.21947401469767164,0.5734351321040446,0.6488986775994484,24.03772557578582,54.67090066444805,63.75001132812154,77.8566565612007,-36.24998867187847,2.184911632352943,31.453347458058076,3.3175387045813647,-4.819406015597324,-9.76738714114656,4.947981125549236,-2.8808941420192524,-2.9232065288674836,83.19328291316526
232,2021-05-05,32.959999,33.790001,32.91,33.740002,33.740002,2384000,4540062.937644717,72240500,0.13757514373896568,531678.0567780974,57.26799796086253,7.0134492449874175,4.757906557831878,-1216.512937409163,1192.0172169504976,32.34081682834106,0.9963763531657005,32.05900015,33.63926461305745,30.478735686942557,9.858476282252028,1.0318735848642842,1.0,0.0,32.45866683333333,33.360666933333334,31.556666733333333,5.557838247833975,1.210274403886797,1.0,0.0,30.559999,33.860001,32.21,10.293527510401772,0.9636366887050372,1.9816279450218444,0.9589801810535121,0.9113693472543939,0.047610833799118235,32.31750025,31.87346165384615,32.546890364440856,31.587910183387343,22.69580915631812,24.363071262782935,13.360861336323726,1.0613966810754618,0.8518802450099016,0.20951643606556025,0.44171831683102025,24.34681230263121,165.48100131752383,-1.0189991500000026,99.06495009785483,116.44485954341556,-17.379909445560727,32.485001,31.6800005,32.082500749999994,29.030001,27.23,27.0550005,100.0,8.0,92.0,31.3191567718035,,0.0,0.0,88.44224053385062,63.81859794648563,0.6494376790693688,0.5919071989439794,0.653843952192244,24.66712750151347,62.15843507078712,96.25003242186486,84.68748395182799,-3.7499675781351347,2.3127057499999957,31.602175232291053,6.637177833033425,-2.757073692586434,-8.365324451434535,5.608250758848101,3.1804310953996495,3.1309027910396026,89.01961904761902
233,2021-05-06,33.82,33.849998,32.869999,33.799999,33.799999,1965800,6305274.9080650965,74206300,0.1439675316791954,472572.92046694143,63.84935928314973,0.4984245600774745,5.374347253583251,79317.09366313538,1194.1368806353244,32.4630939996841,0.9947386178491303,32.17600015,33.9013797304988,30.450620569501197,10.724636825306598,0.9706207458217703,0.0,0.0,32.66433326666667,33.58033326666667,31.74833326666667,5.608563888458492,1.1199048762736512,1.0,0.0,30.66,33.860001,32.2600005,9.945303906893464,0.9812493808595694,1.909513860535508,0.9879076941254858,0.9266770166286123,0.0612306774968735,32.54750008333334,31.975769346153847,32.73967630837303,31.751768614247542,23.21894280465521,23.086501848777708,12.425817220765001,1.0635879540366457,0.8334597526934509,0.2301282013431949,0.44474739132822305,24.344585935700035,136.94821953959175,-0.4460001499999997,99.36226703714523,111.76422928864,-12.401962251494766,32.525000999999996,32.21,32.3675005,29.030001,28.125,27.71,100.0,4.0,96.0,31.47160742549529,,0.0,0.0,94.22112026692531,64.08727644340266,0.6727588183469568,0.5138901707046658,0.5597441672508965,25.24119556092478,64.28085556663885,98.12493808595694,86.04166061198113,-1.875061914043067,2.2842054088235244,31.823983073518647,8.891745847559733,-2.7715708587644374,-7.246573732900516,4.475002874136079,0.1778215662227911,0.17766365085307712,89.35573669467784
234,2021-05-07,33.459999,34.709999,33.330002,34.5,34.5,1859000,7598493.763613326,76065300,0.16360503862913606,590962.768828807,70.77689946675792,48.99412479795616,9.456377901246013,41995.67248786266,1218.8675621534396,32.64751224015827,1.0332644560642177,32.329000099999995,34.29245492983491,30.365545270165075,12.146709293585099,1.052852010398054,1.0,0.0,32.91633323333333,33.881333033333334,31.951333433333332,5.863349317552638,1.3205528989056088,1.0,0.0,30.66,34.709999,32.6849995,12.527449000812135,0.948148382258859,1.832156851663994,1.055154028365635,0.952372418976017,0.10278160938961811,32.77833341666667,32.10038473076923,33.0104953378541,31.955341309488468,24.489495979835105,26.850726077864856,11.233603963721622,1.1014905678843552,0.7523065118741309,0.3491840560102243,0.4523308474447132,24.453233590744098,163.9419841160938,-1.0389990999999945,100.14012982927143,108.1140750806812,-7.9739452514097735,32.95,32.634999,32.792499500000005,29.455000000000002,28.470000499999998,28.0550005,100.0,48.0,52.0,31.614911039965573,,0.0,0.0,97.11056013346266,67.1521223305767,0.9387856817516688,0.7536607263893315,0.6198193653459921,26.711078142663204,68.14552330885908,94.81483822588591,96.39660291123592,-5.185161774114097,2.3167351911764626,32.10586937762601,8.72990860384494,-3.1784141824960344,-6.43294182281962,3.2545276403235857,2.0710089370121088,2.0498551134140452,93.27731092436973
235,2021-05-10,34.439999,35.299999,34.299999,34.52,34.52,1775800,6604049.315213338,77841100,0.07448630849564479,511613.23042469256,77.83242349081623,43.92378083117456,14.075627299522221,39529.505414417414,1219.574152044543,32.9007794164185,1.029938010457796,32.44050005,34.623437941879175,30.257562158120823,13.458102609482903,0.9763076305872066,0.0,0.0,33.20066656666667,34.189666566666666,32.211666566666665,5.957711710480853,1.1670037580047201,1.0,0.0,30.66,35.299999,32.9799995,14.303105663748855,0.8318967310122273,1.5120762684105231,1.0974107970339588,0.9813800945876054,0.11603070244635338,33.0475,32.242307807692306,33.24272682433809,32.14531602730413,26.1072745867543,29.090214517991846,10.451081587675102,1.2180127389573077,0.7047891139949328,0.5132236249623748,0.46171271877977743,24.501581226741624,168.30194427352282,-0.5704990499999987,103.32542645804317,105.27481837900108,-1.9493919209579076,33.504999,32.929999,33.217499000000004,29.75,28.470000499999998,28.0550005,100.0,44.0,56.0,31.86251807676833,,0.0,0.0,98.55528006673133,67.23815129949335,0.944192205412004,0.8519122351702099,0.7064877107547356,27.899668863687214,61.13325047444749,82.66668888888896,91.86882173357726,-17.333311111111033,2.382999626470596,32.415142912666646,10.322783307037934,-3.805837340400057,-5.907520926335708,2.1016835859356506,0.05797101449276365,0.05795421779128951,93.38935574229691
236,2021-05-11,33.950001,34.48,33.27,34.029999,34.029999,3087500,7395056.608601754,74753600,0.16236447101989301,222400.18500687645,67.48898336859945,-36.25097295546539,11.011727374031812,-42796.683039238334,1219.574152044543,33.1010425334984,1.0519442094120164,32.584500000000006,34.787792355544795,30.381207644455216,13.523560929551099,0.8280315924398909,0.0,0.0,33.42399983333333,34.45399993333333,32.39399973333333,6.163236627190218,0.7941743241901955,0.0,0.0,30.66,35.299999,32.9799995,14.239896269698779,0.7262930444597071,1.4884409727934438,1.0789234471640157,1.0008887651028875,0.07803468206112818,33.22749983333333,32.32615392307692,33.36384562059377,32.284922173429756,25.89147407076582,26.596236934359695,16.619437275039637,1.129395236201861,0.768635621467738,0.3607596147341231,0.46773954735669876,24.627926429550435,97.74479290441853,-0.934500000000007,106.76020530542219,103.8390604452539,2.9211448601682832,33.6499995,32.929999,33.28999925,29.75,28.5200005,28.1050005,96.0,40.0,56.0,32.20626616909149,,0.0,0.0,99.27764003336566,62.89219074583211,0.5525018883545377,0.8118265918394035,0.8057998511329815,27.613683533316998,62.2887465149851,69.68972300225434,82.3904167056764,-30.310276997745664,2.3220290676470654,32.53615540265211,6.777527242625434,0.8845894921134304,-4.54909884264588,5.43368833475931,-1.419469872537682,-1.4296407088249197,90.6442521008403
237,2021-05-12,33.810001,34.369999,33.310001,33.84,33.84,4034700,7395056.608601781,70718900,0.1536356773618418,81116.02067732665,56.647537933702395,-0.9195214018390501,10.014955364469683,-66352.99061101077,1219.574152044543,33.281115117784786,1.052749588470815,32.68749995,34.92309239206136,30.451907507938643,13.67857710428148,0.7577616627065802,0.0,0.0,33.6136665,34.696666099999995,32.53066690000001,6.443805230232731,0.6044938059072247,0.0,0.0,30.66,35.299999,32.9799995,14.195025643128142,0.6853449752898662,1.344453935950834,1.0369870169563526,1.0081084154735804,0.028878601482772215,33.40999983333334,32.425769307692306,33.43710014050242,32.40011312354607,25.691087877347943,24.665120006480354,15.412722327625566,1.1087257226387035,0.7887811741776097,0.31994454846109377,0.46907150477542464,24.751779606568597,82.07660945287078,-0.7874999500000044,108.49651364897457,103.18271121732818,5.313802431646394,33.92,32.929999,33.4249995,30.299999,28.794999999999998,28.1050005,92.0,36.0,56.0,32.51563945218234,,0.0,0.0,98.56837260095872,61.23931809246148,0.31059150903011545,0.6024285342655524,0.7553891204250552,26.900064636461796,60.67045533233329,65.15513849887287,72.5038501300054,-34.84486150112713,2.2145878058823527,32.61885758526614,6.919431279620869,7.51139648664297,-2.1369997767881097,9.64839626343108,-0.5583279623369797,-0.5598924388955151,89.57983193277312
238,2021-05-13,33.970001,35.709999,33.860001,35.509998,35.509998,2596400,9430069.410994,73315300,0.20282467900654624,688954.1330377084,58.604396755156365,67.33354298259154,14.711283424984613,105605.02134898008,1279.7599202113895,33.502522184769624,1.1344745296237335,32.8649999,35.38676439336619,30.34323540663381,15.346201132142353,1.0244340038409596,1.0,0.0,33.81433306666666,34.919332366666666,32.70933376666666,6.535685904680959,1.2672696866565145,1.0,0.0,30.66,35.709999,33.1849995,15.365887769255714,0.9603958337417492,1.298733917359126,1.125532537255694,1.0315932398300032,0.09393929742569074,33.710833,32.591538423076926,33.756007503502055,32.63047496624636,26.59194960448159,30.36174780559726,13.544334382661097,1.1361866760536121,0.7172501860571164,0.4189364899964957,0.4767263282844311,24.98028933040369,142.115322831212,-0.9850008999999993,112.87323184684158,103.71068601859768,9.162545828243893,34.125,33.134999,33.6299995,30.504999,28.794999999999998,28.1050005,100.0,32.0,68.0,32.794075406964105,,0.0,0.0,98.70658138743795,68.96082636472988,1.0,0.6210311324615511,0.6784287528555023,28.739296060909204,68.82606233800267,95.57519715716688,76.80668621943137,-4.4248028428331185,2.260029267647063,32.813705971619356,11.316608150470234,7.485541834496753,-0.21249145453113716,7.69803328902789,4.934982269503552,4.817075589480924,98.93556302521009
239,2021-05-14,36.0,36.959999,35.700001,36.860001,36.860001,2073200,11174196.105163336,75388500,0.2590333020465478,990364.431118034,60.160182263631064,93.89817239050775,19.39381418624688,206949.85703868605,1328.4132524803783,33.75646853139737,1.1660271766613604,33.12549995,36.122934997203295,30.1280649027967,18.097447898010046,1.1229494536477793,1.0,0.0,34.169666533333334,35.33966553333333,32.99966753333333,6.848173357844383,1.6497165667093154,1.0,0.0,30.66,36.959999,33.8099995,19.018577861494297,0.9841272990678243,1.1857924182523276,1.289771773532884,1.0832289465705793,0.20654282696230464,34.125833166666666,32.799230807692304,34.23354496450174,32.943773190968855,28.159133825257985,35.495172327853155,12.29930426206046,1.202979280135275,0.6617004135133709,0.541278866621904,0.4955828569510568,25.209793465900198,202.30096043310857,0.30450005000000147,121.15922093457795,105.71338909715556,15.44583183742239,34.75,33.8099995,34.27999975,31.129999,29.222500249999996,28.1050005,100.0,28.000000000000004,72.0,33.14398623812841,,0.0,0.0,99.28849475054778,73.54824783721038,1.0,0.7701971696767052,0.6645522788012694,31.984871634575203,71.02257528110279,98.26693180829514,86.33242248811165,-1.7330681917048565,2.476440947058819,33.43733195545477,15.621085809946214,5.6518688660613,0.9603806095873504,4.69148825647395,3.8017546494933496,3.7312688738524447,106.49860504201678
240,2021-05-17,36.580002,36.900002,36.02,36.759998,36.759998,1879700,12455794.0126681,73508800,0.2758985399969555,822030.1353726021,64.65515868777132,6.0861382136510995,21.696263517016632,73718.25861955024,1324.8092018324203,33.992959916171436,1.1374246589952242,33.3814999,36.68650301122444,30.076496788775568,19.8014056955208,1.011118747290428,1.0,0.0,34.4739999,35.647999,33.3000008,6.810924774644439,1.4735944857197951,1.0,0.0,30.66,36.959999,33.8099995,18.87272596759501,0.9682538044847309,1.1433115760616066,1.3957735367297417,1.145737864602412,0.2500356721273298,34.403333,33.003846076923075,34.62223004688609,33.226456510156346,29.614376315978923,33.483518184949915,11.60225323368198,1.2464480239100653,0.6448421068755886,0.6016059170344766,0.5192118187973948,25.34510358382652,174.95456786355209,-0.47149990000000486,128.64421473627337,108.86957332160048,19.774641414672885,34.914999,33.8099995,34.36249925,31.129999,29.392500499999997,28.1050005,96.0,24.0,72.0,33.678228024790435,,0.0,0.0,99.64424737527389,72.69120342080264,0.9416308761017801,0.98054362536726,0.7905906425018387,34.21034041522817,70.38466669388333,96.19045714285714,96.67752870277307,-3.8095428571428607,2.5760883911764623,33.83708775438426,9.961106790308117,3.473070528704161,1.4629185934107127,2.0101519352934485,-0.27130493024130065,-0.2716736290835797,105.93836414565826
241,2021-05-18,36.700001,37.119999,36.439999,36.759998,36.759998,1932000,12342141.271491645,75440800,0.28660681996311477,704597.2588908019,65.45097190171876,11.262869565217324,21.48101849045844,-5099.718773745786,1324.8092018324203,34.24505871662354,1.0916821930957017,33.66749975,37.100018995540154,30.23498050445984,20.390698869999436,0.9504706352365049,0.0,0.0,34.8506664,35.9686657,33.7326671,6.415942164021294,1.353905543590233,1.0,0.0,30.799999,37.119999,33.959998999999996,18.771812718287766,0.9430378164556967,1.0941925465418136,1.4629171000693901,1.2091737116958075,0.2537433883735827,34.72416616666667,33.17576903846154,34.95111742428823,33.48820032421884,31.08601366707561,33.43257928066517,11.079709852132341,1.2380658040431949,0.6499386566669921,0.5881271473762028,0.5437161111698896,25.33924152359008,163.94286703390796,0.0024982500000021446,138.00297803487146,113.19602087015788,24.80695716471358,34.994999,33.8899995,34.44249925,31.3049995,29.892500499999997,28.2300005,92.0,20.0,72.0,34.13767596131977,,0.0,0.0,99.82212368763695,72.69120342080264,0.9416308761017801,0.96108725073452,0.9039426819261616,35.956367800767566,67.8613859687271,92.96872909545496,95.80870601553575,-7.031270904545038,2.968705867647053,34.56641627430726,11.69856578547556,1.8756195972126128,1.5454587941710929,0.33016080304151996,0.0,0.0,105.93836414565826
242,2021-05-19,36.110001,37.0,35.5,36.93,36.93,3416600,15439858.604824977,78857400,0.3167939607810017,686916.0552206857,55.21218875321854,-23.268702803957154,16.718338653500872,15800.567595242757,1324.8092018324203,34.59119652814635,1.1325139737861316,33.927499749999996,37.517734963882724,30.337264536117267,21.16416028494837,0.9181481255587282,0.0,0.0,35.15033296666667,36.33033216666667,33.97033376666666,6.714014351551133,1.2540967118169764,1.0,0.0,31.110001,37.119999,34.115,17.714237843299962,0.9683861791634539,1.0941925465418136,1.5124124491238788,1.2698214591814216,0.2425909899424572,34.995833,33.398076730769226,35.25556089747465,33.74314844835077,31.047908583804894,30.20131221674728,16.065595555577204,1.172777906670834,0.7458046138852603,0.4269732927855736,0.5674740454632508,25.34860823911314,129.50153483140693,-1.2274987499999952,144.23723470733566,118.18212838906794,26.05510631826772,35.1949995,33.8899995,34.542499500000005,31.459999,30.235,28.2300005,100.0,16.0,84.0,34.61484764750861,,0.0,0.0,99.91106184381847,73.30451226542435,0.9834003564860587,0.955554036229873,0.9657283041105509,37.56391467066219,73.90158164130665,95.85154840678969,95.00357821503394,-4.148451593210305,3.31158823529411,35.086106702606855,9.682216197339839,5.697687032860026,2.3759044419088795,3.3217825909511465,0.46246466063462055,0.46139857839508913,106.89075630252098
243,2021-05-20,36.98,37.169998,36.0,36.830002,36.830002,2066600,16305369.827579206,76790800,0.3505727872845649,559262.9235034451,60.97654003851984,18.965845349946754,17.690420989544588,10204.68709700288,1321.2219212863918,34.80873109184876,1.1362623764075184,34.2044998,37.79288337916266,30.616116220837338,20.981938634650994,0.865833549017167,0.0,0.0,35.4663331,36.6653322,34.267334,6.761336711180902,1.06866969291303,1.0,0.0,31.110001,37.169998,34.1399995,17.716958398555498,0.9438950217302089,1.0147264439353538,1.5259783385640162,1.3210528350579405,0.20492550350607575,35.33999975,33.59230753846154,35.49778260555547,33.971804266991455,31.135853986717745,29.024538787676846,14.859232849670152,1.1672727376308585,0.7296967338107353,0.4375760038201232,0.5877380391238264,25.37627226811956,120.64995260485495,-0.46449780000000374,148.407945710857,123.54521904257743,24.862726668279578,35.219999,33.914999,34.567499,31.4849985,30.284999000000003,28.279999500000002,96.0,12.0,84.0,35.01567186390724,,0.0,0.0,99.95553092190923,72.2762725392539,0.9133719532610837,0.9461343952829742,0.9542585607491222,38.601435014446935,75.18584525918394,92.65666910799297,93.8256488700792,-7.343330892007038,3.508499829411768,35.43208936258909,12.629972090826541,4.0363012655611055,2.7079838066393247,1.3283174589217808,-0.2707771459517949,-0.27114441039421955,106.33054341736693
244,2021-05-21,36.990002,37.75,36.889999,37.279999,37.279999,3043600,16022241.036333578,79834400,0.30956955509727335,675026.9157458085,62.795563305062174,20.76820755028582,17.522967746086564,31591.488353925495,1321.2219212863918,35.090035645826745,1.1146359387667666,34.4749997,38.13363032688815,30.81636907311184,21.224833408124187,0.88334005069894,0.0,0.0,35.77899966666667,36.92599916666667,34.63200016666667,6.4115794778275825,1.1543156005444317,1.0,0.0,31.190001,37.75,34.4700005,19.028278628237384,0.9283534951758372,1.0147264439353538,1.5551140144665325,1.3678650709396591,0.18724894352687338,35.6349995,33.79692292307692,35.77196974316232,34.21685572869579,31.622407275574318,31.058393116548398,13.970868878055642,1.203400184213834,0.7322403353007501,0.47115984891308393,0.60617286650079,25.390920280410313,129.42307640746387,-0.6750006999999982,151.8712522408828,128.93919968511517,22.932052555767626,35.510000000000005,34.205,34.8575,31.7749995,30.315,28.3100005,100.0,8.0,92.0,35.40345056840393,,0.0,0.0,99.97776546095461,74.04091238885911,1.0,0.965590769915714,0.9557597338095203,39.99816811215217,75.16730344486159,90.9788658308763,93.16236111521967,-9.021134169123702,3.5323821117647114,35.778926093617784,10.491988115471955,5.920492786885763,3.3504856026886127,2.5700071841971504,1.2218218179841367,1.214417823282643,108.85153501400558
245,2021-05-24,37.52,37.650002,36.709999,37.330002,37.330002,2656300,16870002.127415195,82490700,0.3375554138837342,597569.2090535517,62.25342699007854,-4.954240108308519,18.096508444058987,40750.216825954485,1322.9940527644558,35.41373819466302,1.0971726448900898,34.7589998,38.377982640855286,31.14001695914471,20.8232852595217,0.8552106093147968,0.0,0.0,36.03133316666667,37.17233296666667,34.89033336666667,6.333375424784812,1.0690924894699048,1.0,0.0,31.190001,37.75,34.4700005,18.87280715137264,0.9359759048743758,0.6609422671341925,1.5642078572452363,1.4071336282007747,0.15707422904446156,35.92916641666667,34.01538453846154,36.01166701344504,34.447459156199805,31.806059359948467,29.14135258967981,14.290474842721759,1.225726600410205,0.7285093161748039,0.4972172842354011,0.6214769762885912,25.45824181814317,110.93198380800057,-0.258999799999998,154.24068794596283,134.21480886739744,20.025879078565396,35.5300005,34.205,34.86750025,31.7749995,30.315,28.325001,100.0,4.0,96.0,35.87276045472315,,0.0,0.0,99.98888273047731,74.23714427986343,1.0,0.9711239844203612,0.960949716539683,41.20786652608862,74.12783284530943,91.39348537018743,91.6763401030189,-8.606514629812569,3.5097643647058803,36.0721129920023,10.44379616697622,6.025093487629377,3.8854071796767657,2.139686307952611,0.13412822248199952,0.1340383509347287,109.13166386554623
246,2021-05-25,37.5,37.75,36.619999,36.939999,36.939999,2259000,15890434.623492634,80231700,0.2904699044731712,386342.63961733,55.590971701828906,0.25006086759618035,17.613409274245324,-20037.921643099748,1309.1721502218227,35.6569632347636,1.1004554804010809,35.01099975,38.49806103910937,31.52393846089063,19.919804141607646,0.7765938264441408,0.0,0.0,36.3489998,37.4819997,35.2159999,6.234008672777849,0.7608116735050012,0.0,0.0,31.709999,37.75,34.7299995,17.251723867154066,0.8658938963751828,0.7175014085636153,1.5223955818468369,1.4301860189299873,0.09220956291684956,36.13249966666667,34.21923069230769,36.15448731906888,34.63209173722204,32.05189734681303,27.63985541297991,13.23305670282839,1.2097469980868598,0.736582291568733,0.4731647065181268,0.6302682436581055,25.486060632432814,94.3042210173334,-0.4909997500000003,157.22686008686702,139.6292918049411,17.59756828192593,35.8050005,34.205,35.005000249999995,31.7749995,30.315,28.325001,96.0,8.0,88.0,36.24820836377852,,0.0,0.0,99.99444136523866,69.80491002062818,0.6590018826739539,0.886333960891318,0.941016238409131,41.06556556773962,66.45988761567409,83.40162225376594,88.59132448494324,-16.598377746234064,3.4151762588235286,36.252989275903076,7.0724608695652185,4.759290705604103,4.060183884862234,0.6991068207418696,-1.0447441176134942,-1.0502398802535229,106.94677310924368
247,2021-05-26,37.009998,37.459999,36.450001,36.919998,36.919998,3542700,15644886.443397213,76689000,0.2835172041825211,321028.3278577112,47.74655117577979,-6.557118440765485,17.109441917042254,-25518.948951436272,1309.1721502218227,35.899468061822425,1.091409732360973,35.2629997,38.53007825112264,31.99592114887736,18.529782371989405,0.7535902143262854,0.0,0.0,36.65933306666666,37.78733296666666,35.53133316666667,6.153957563541466,0.615542977146246,0.0,0.0,32.0,37.75,34.875,16.306043300110964,0.8556518260869564,0.7752248163760723,1.4706919178526832,1.4382871987145265,0.03240471913815668,36.332499500000004,34.44538442307692,36.27225819305828,34.801566275205595,32.00490373166101,25.802124453791958,13.472312824517408,1.2013548033727843,0.7586204921861119,0.4427343111866724,0.6328555581814989,25.482539582325774,78.5331966759746,-1.2330007000000052,157.85153285513172,144.6268808058622,13.224652049269508,36.625,34.2749995,35.44999975,31.7749995,30.315,28.325001,92.0,4.0,88.0,,37.75,0.0,1.0,99.99722068261933,69.57549270965094,0.6413514457724664,0.7667844428154734,0.8747474627090508,40.88697923743997,62.915785345307675,81.47316964285712,85.42275908893684,-18.526830357142877,3.381764479411771,36.41696691532765,6.952485515643095,7.754486733499956,4.799044454589779,2.9554422789101773,-0.054144560209656856,-0.05415922366989179,106.83472268907562
248,2021-05-27,36.630001,38.939999,36.5,38.389999,38.389999,5113400,18453064.187158596,81802400,0.2810602336636266,1348981.8686494692,52.51146602043793,36.5040484804728,16.217293608650586,201676.17387749822,1309.1721502218227,36.245173533994475,1.2262686591248757,35.510999649999995,38.933196853962045,32.088802446037946,19.274012208563946,0.9206360969886315,0.0,0.0,36.95099973333333,38.13799973333333,35.763999733333335,6.424724681693579,1.1061496489750096,1.0,0.0,32.540001,38.939999,35.739999999999995,18.022579096840506,0.9140624731445234,0.7752248163760723,1.5306883643774682,1.4567674318471149,0.07392093253035337,36.695832833333334,34.70153823076923,36.59806447104931,35.067376106671844,32.99442480408122,30.942050731774977,11.485527557128421,1.165317774332562,0.7375721510240726,0.4277456233084894,0.6385756218401202,25.691237032061096,108.84872546935902,-1.6709996499999917,157.003318590747,148.60955832321432,8.393760267532684,37.2199995,35.025,36.12249975,32.369999,30.34000025,28.325001,100.0,8.0,92.0,36.450001,,1.0,0.0,99.99861034130967,75.8560610017029,1.0,0.7667844428154734,0.8066342821740881,42.600761089821134,66.24903868695186,90.29982192236723,85.05820460633011,-9.700178077632772,3.420823417647064,36.88584950220583,12.812224884285206,14.130199355118068,6.665275434695436,7.464923920422631,3.9815847227294032,3.9043627500786826,115.07002240896358
249,2021-05-28,38.740002,38.740002,37.400002,37.919998,37.919998,1627100,18088778.35372576,80175300,0.28258465514078995,1047021.7978281159,52.519106320271064,28.824494499415948,15.138773156382115,183674.0967124295,1293.1442201409595,36.38806889074164,1.2376417932123878,35.76149955,39.11829082700937,32.40470827299064,18.773213199944596,0.8215121632351011,0.0,0.0,37.1023331,38.2973333,35.90733290000001,6.441644501326498,0.8421191477624858,0.0,0.0,32.540001,38.939999,35.739999999999995,17.896335669738445,0.8406247939452481,0.8414481663288055,1.5227574280150904,1.46996543108071,0.052791996934380414,37.035832666666664,34.95653811538462,36.80143886011865,35.27868143210356,33.91326579989998,28.459827325264925,10.564139198433008,1.1581634055833459,0.787414703075063,0.37074870250828285,0.6418731277756101,25.859256947588037,102.31324181117446,-0.2515015500000004,152.89411015784225,151.3039911478331,1.590119010009147,37.2199995,35.025,36.12249975,32.369999,30.34000025,28.325001,96.0,4.0,92.0,36.450001,,0.0,0.0,99.99930517065484,70.82209808292548,0.6556029650357534,0.7656514702694066,0.7664067853001177,42.525427768038746,61.22148806654384,82.01056120115716,84.59451758879385,-17.98943879884284,3.38744150588235,36.95723833498049,12.056731678486985,9.152577814287948,7.162735910613939,1.9898419036740087,-1.2242797922448534,-1.2318358320052347,112.43696358543414
250,2021-06-01,37.860001,38.139999,37.599998,38.110001,38.110001,1715500,19613680.302981373,81890800,0.294039135757799,944011.5619240986,54.01548292087608,-6.295662489274231,17.278438189681484,-11324.52433475693,1293.1442201409595,36.65887865527038,1.1678777138911494,35.9834997,39.34491718023152,32.62208221976849,18.68310480223532,0.816310204326886,0.0,0.0,37.24133303333333,38.40233313333333,36.08033293333334,6.235008284804561,0.8741033125951785,0.0,0.0,32.540001,38.939999,35.739999999999995,17.78592425238728,0.8703127719727408,0.7759578871424133,1.5143473049047955,1.4788418058455273,0.03550549905926825,37.25249958333333,35.19653811538462,37.00275611240809,35.4884088075033,34.766475296017404,27.502333960295793,10.208722664330203,1.239810837544104,0.7678676630676506,0.4719431744764533,0.643111426108748,25.91228377766898,91.84149343355566,0.8765012999999939,149.99106564543507,152.63600088234014,-2.64493523690507,37.2199995,35.065,36.14249975,32.369999,30.34000025,28.325001,92.0,8.0,84.0,36.49980096,,0.0,0.0,99.99965258532742,71.64141265211398,0.7116561209457815,0.789086361993845,0.7738407583595749,42.70158477467796,61.82772225065555,85.25757913235488,85.85598741862644,-14.742420867645126,3.342499958823531,37.0680946749971,7.321890020945632,5.227366818526353,6.775662092196423,-1.5482952736700692,0.5010627901404385,0.499811648139703,113.50140616246493
251,2021-06-02,38.900002,40.380001,38.360001,39.759998,39.759998,4228500,21246454.87179327,86119300,0.35336851910281036,1805868.8122920883,64.60348694872894,71.65673524890622,22.462456521877574,191671.35880942488,1293.1442201409595,37.271896833663604,1.2780899425020347,36.33649955,39.7271937325246,32.9458053674754,18.66274530852325,1.0048373969620257,1.0,0.0,37.51399983333333,38.80899993333333,36.218999733333334,6.904089703862065,1.3671806923670011,1.0,0.0,32.869999,40.380001,36.625,20.66792919792958,0.9174430313067831,0.5700345341690687,1.622124350275314,1.5074983147314849,0.11462603554382911,37.494166,35.50846111538461,37.42694717203762,35.80482282176231,36.660794823230106,36.91008773920719,8.859378472378184,1.2497243109151048,0.6642778941565598,0.585446416758545,0.651112526876188,26.080925997782444,151.39140063748968,0.42349845000000386,153.19665591239803,153.6314921273471,-0.43483621494905833,38.1900005,35.785001,36.987500749999995,33.09,30.34000025,28.325001,100.0,4.0,96.0,36.5486049208,,0.0,0.0,99.99982629266371,77.53963141458486,1.0,0.789086361993845,0.7812747314190321,44.851904248147484,65.02296179161215,90.49075153374238,85.91963062241814,-9.509248466257617,3.555235508823529,37.562867938273186,7.867598809886105,9.437250060124775,7.307979685782094,2.1292703743426813,4.3295643051807,4.238459036096076,122.74508683473391
252,2021-06-03,39.389999,40.48,39.009998,40.360001,40.360001,2179500,23070121.586532433,88298800,0.3492751319699341,1734702.773178931,64.50683270223182,25.292397797476482,19.459517580083638,215965.63178239262,1312.658567488694,37.58107516658761,1.2972811482518307,36.6674995,40.265820782209985,33.06917821779001,19.626761198755794,1.0130866882642797,1.0,0.0,37.86133313333333,39.15333343333333,36.569332833333334,6.824906536967731,1.466976504056024,1.0,0.0,32.869999,40.48,36.6749995,20.754076781265102,0.9842314081167663,0.5700345341690687,1.7359427949356743,1.5531872107723228,0.18275558416335147,37.794166249999996,35.83384576923077,37.87818622249337,36.142243427557695,38.45717810776466,34.369065395347306,8.111660442879847,1.2621192905097032,0.7277341497631085,0.5343851407465947,0.6651549938585476,26.29082439895687,165.45566310332623,0.09249850000000492,159.77570128173397,154.89457607966673,4.881125202067238,38.4650005,36.0949995,37.28,33.1399995,30.34000025,28.325001,100.0,16.0,84.0,36.701860763968,,0.0,0.0,99.99991314633186,79.23124691849402,1.0,0.9038853736485938,0.8273526992120944,47.192251401726175,67.30132903471352,97.59038152610442,91.11290406406725,-2.4096184738955833,3.885000058823536,38.123518248013525,9.793262230318929,6.700576060191807,7.1864989606640375,-0.4859229004722305,1.5090619471358924,1.4977888775853376,126.10644817927165
253,2021-06-04,40.400002,40.48,39.259998,39.889999,39.889999,1661400,23124593.628381554,86637400,0.3188587110593943,1375336.473753371,59.56591234407906,9.179020705429108,13.408149602578023,13542.59920490855,1297.372340116281,37.74294680409268,1.289553233426647,36.9719995,40.57885738907816,33.365141610921846,19.51129469791406,0.9045071347052414,0.0,0.0,38.182333033333336,39.47933373333333,36.88533233333334,6.793721582532464,1.1583134329328726,1.0,0.0,33.27,40.48,36.875,19.501244448518378,0.9181690707350909,0.6494650500307135,1.767840929129001,1.5961179544436586,0.17172297468534237,38.05499966666667,36.14192269230769,38.18769588057131,36.41985495144231,40.125248300546744,31.958348423816616,7.542691887232367,1.1856081814715749,0.8063967318339841,0.3792114496375908,0.6782660490996221,26.29116309505401,149.84451030546177,-0.041999500000002854,163.94040546095852,156.2355931041196,7.704812356838914,38.4650005,36.239999999999995,37.35250025,33.1399995,30.3149995,28.325001,96.0,12.0,84.0,36.92854911812992,,0.0,0.0,99.99995657316593,74.49798772056866,0.5097991212752206,0.8365997070917403,0.8431904809113929,47.56187500287395,67.8926393188179,88.1525903614459,92.07790780709757,-11.8474096385541,4.0788235617647,38.38454980616376,8.514693063911484,2.8706153201111513,6.323322232553461,-3.4527069124423098,-1.1645242526133526,-1.1713579414039277,123.47338375350141
