,Date,Open,High,Low,Close,Adj Close,Volume,volume_adi,volume_obv,volume_cmf,volume_fi,volume_mfi,volume_em,volume_sma_em,volume_vpt,volume_nvi,volume_vwap,volatility_atr,volatility_bbm,volatility_bbh,volatility_bbl,volatility_bbw,volatility_bbp,volatility_bbhi,volatility_bbli,volatility_kcc,volatility_kch,volatility_kcl,volatility_kcw,volatility_kcp,volatility_kchi,volatility_kcli,volatility_dcl,volatility_dch,volatility_dcm,volatility_dcw,volatility_dcp,volatility_ui,trend_macd,trend_macd_signal,trend_macd_diff,trend_sma_fast,trend_sma_slow,trend_ema_fast,trend_ema_slow,trend_adx,trend_adx_pos,trend_adx_neg,trend_vortex_ind_pos,trend_vortex_ind_neg,trend_vortex_ind_diff,trend_trix,trend_mass_index,trend_cci,trend_dpo,trend_kst,trend_kst_sig,trend_kst_diff,trend_ichimoku_conv,trend_ichimoku_base,trend_ichimoku_a,trend_ichimoku_b,trend_visual_ichimoku_a,trend_visual_ichimoku_b,trend_aroon_up,trend_aroon_down,trend_aroon_ind,trend_psar_up,trend_psar_down,trend_psar_up_indicator,trend_psar_down_indicator,trend_stc,momentum_rsi,momentum_stoch_rsi,momentum_stoch_rsi_k,momentum_stoch_rsi_d,momentum_tsi,momentum_uo,momentum_stoch,momentum_stoch_signal,momentum_wr,momentum_ao,momentum_kama,momentum_roc,momentum_ppo,momentum_ppo_signal,momentum_ppo_hist,others_dr,others_dlr,others_cr
0,2020-06-03,209.839996,215.970001,209.020004,213.259995,206.630707,564600,124292.0725001761,564600,,,,,,-41768.52069810878,1000.0,,0.0,,,,,,0.0,0.0,,219.69999700000002,205.80000299999998,,0.5366903036073254,0.0,0.0,,,,,,,,,,,,,,0.0,0.0,0.0,,,,,,,,,,,,,,212.4950025,230.46496688973804,224.92501892519687,,,,,,0.0,0.0,,,,,,,,,,,,,,,,,-7.440693330075687,,0.0
1,2020-06-04,212.880005,217.690002,209.289993,217.130005,210.380402,533400,586572.5296996884,1098000,,,,1566.9229386867285,,-32330.59258719573,1018.1469103007341,,0.0,,,,,,0.0,0.0,,221.4016696666667,206.05166366666666,,0.721715765670276,0.0,0.0,,,,,,,,,,,,,,0.0,0.0,0.0,,,,,,,,,,,,,,213.355003,230.46496688973804,224.92501892519687,,,,,,0.0,0.0,,,,,,,,,,,,,,,,,1.814691030073412,1.798422038888603,1.814691030073412
2,2020-06-05,229.559998,230.169998,221.240005,226.149994,219.120026,455200,631938.8779151908,1553200,,,,23963.071224730204,,28589.426543600857,1060.4426488896804,,0.0,,,,,,0.0,0.0,,225.86222155555558,209.67555555555555,,1.017778364268739,1.0,0.0,,,,,,,,,,,,,,0.0,0.0,0.0,,,,,,,,,,,,,,219.595001,230.46496688973804,224.92501892519687,,,,209.020004,,1.0,0.0,,,,,,,,,,,,,,,,,4.154188178644391,4.070219385942853,6.044264888968032
3,2020-06-08,228.369995,231.259995,225.899994,231.070007,223.887115,342200,949879.966918719,1895400,,,,4503.204370249285,,26354.60698701576,1083.5131408495063,,0.0,,,,,,0.0,0.0,,228.08916608333334,213.26916608333332,,1.2011363641475479,1.0,0.0,,,,,,,,,,,,,,0.0,0.0,0.0,,,,,,,,,,,,,,220.1399995,230.46496688973804,224.92501892519687,,,,209.289993,,0.0,0.0,,,,,,,,,,,,,,,,,2.175553009300546,2.152225582147693,8.351314084950623
4,2020-06-09,226.089996,229.449997,224.369995,227.460007,220.389297,346500,1024910.9655285616,1548900,,,,-2448.368173159319,,2031.3829738143259,1083.5131408495063,,0.0,,,,,,0.0,0.0,,228.90599986666666,215.01799906666665,,0.8958818560359911,0.0,0.0,,,,,,,,,,,,,,0.0,0.0,0.0,,,,,,,,,,,,,,220.1399995,230.46496688973804,224.92501892519687,,,,210.60819312,,0.0,0.0,,,,,,,,,,,,,,,,,-1.5622970920669998,-1.5746295683325862,6.658544655785059
5,2020-06-10,225.279999,226.669998,220.460007,221.690002,214.798691,426800,767181.0546800599,1122100,,,,-4867.00551313461,,-16240.045690666491,1083.5131408495063,,0.0,,,,,,0.0,0.0,,228.94666544444445,215.30333444444443,,0.4681164413262094,0.0,0.0,,,,,,,,,,,,,,0.0,0.0,0.0,,,,,,,,,,,,,,220.1399995,230.46496688973804,224.92501892519687,,,,211.84730123280002,,0.0,0.0,,,,,,,,,,,,,,,,,-2.5367118712873338,-2.569441090347091,3.952924691759452
6,2020-06-11,212.539993,218.520004,209.259995,211.0,204.440994,658600,356089.94867789466,463500,,,,-13603.190837386406,,-42584.70536397021,1083.5131408495063,,0.0,,,,,,0.0,0.0,,227.9809525714286,213.640952,,-0.18416679879789571,0.0,1.0,,,,,,,,,,,,,,0.0,0.0,0.0,,,,,,,,,,,,,,220.1399995,230.46496688973804,224.92501892519687,,,,,231.259995,0.0,1.0,,,,,,,,,,,,,,,,,-4.8220496655505425,-4.942188515140167,-1.0597369656695332
7,2020-06-12,219.779999,219.800003,209.309998,214.949997,208.268204,477400,392042.5205022161,940900,,,,1461.2199025984576,,-22820.916880254277,1103.7969022514783,,0.0,,,,,,0.0,0.0,,227.630417375,212.460415625,,0.16411213499036006,0.0,0.0,,,,,,,,,,,,,,0.0,0.0,0.0,,,,,,,,,,,,,,220.1399995,230.46496688973804,224.92501892519687,,,,,230.819995,0.0,0.0,,,,,,,,,,,,,,,,,1.8720364928909827,1.8547295509489636,0.79246086449547
8,2020-06-15,206.520004,217.710007,205.660004,216.880005,210.138184,339800,685031.7969530199,1280700,,,,-10177.589276040382,,11988.122117285213,1113.7077507346285,,0.0,,,,,,0.0,0.0,,227.39000155555556,211.2277771111111,,0.3497184380972874,0.0,0.0,,,,,,,,,,,,,,0.0,0.0,0.0,,,,,,,,,,,218.45999949999998,,,218.45999949999998,230.46496688973804,224.92501892519687,,,,,230.38879500000002,0.0,0.0,,,,,,,,,,,,,,,,,0.8978869629851616,0.8938799259077257,1.6974632302697135
9,2020-06-16,226.970001,226.970001,218.539993,220.580002,213.723206,429400,463456.0041423845,1710100,,,,21732.67743477689,,10376.631644837864,1113.7077507346285,,9.251002299999996,,,,,,0.0,0.0,219.58100026666665,227.69700206666667,211.46499846666666,7.392262345233565,0.5615451892416623,0.0,0.0,,,,,,,,,,,,,,0.0,0.0,0.0,,,,,,,,,,,218.45999949999998,,,218.45999949999998,230.46496688973804,224.92501892519687,,,,,229.39964336000003,0.0,0.0,,,,,,,,,,,,220.580002,,,,,1.7060111189134197,1.691622170037288,3.432433260631007
10,2020-06-17,220.039993,221.229996,215.919998,215.919998,209.208054,430900,32556.00414238451,1279200,,,,-5151.030782084025,,-1777.6419746417923,1113.7077507346285,,8.856901869999998,,,,,,0.0,0.0,220.075,228.02700190000002,212.1229981,7.226629012836545,0.23874490648700653,0.0,0.0,,,,,,,,,,,,,,0.0,0.0,0.0,,,,,,,,,,,218.45999949999998,,,218.45999949999998,230.46496688973804,224.92501892519687,,,,,228.45005778560002,0.0,0.0,,,,,,,,,,,,220.53772600065193,,,,,-2.11261399843492,-2.1352490497947407,1.2473051966450655
11,2020-06-18,214.0,218.75,210.830002,215.5,208.801086,429500,109562.22826011754,849700,,,,-6979.5484866141815,,-9938.698062859628,1111.5414158317676,,8.763211482999997,,,,,,0.0,0.0,220.10733339999996,228.01133419999996,212.2033326,7.181951348832231,0.20854422231333777,0.0,0.0,,,,,,,,,,219.29916766666668,,217.50449486963603,,0.0,0.0,0.0,,,,,,,,,,,218.45999949999998,,,218.45999949999998,230.46496688973804,224.92501892519687,,,,,227.53845563417602,0.0,0.0,,,,,,,,,,,,220.50159964351775,,,,,-0.19451556312074514,-0.1947049903256115,1.0503634307972298
12,2020-06-19,220.279999,220.279999,212.399994,215.729996,209.023941,682900,3834.036095265328,1532600,,,,1788.5447781487003,,-106.607831306599,1111.5414158317676,,8.674890834699998,,,,,,0.0,0.0,219.13566646666663,226.9346684666667,211.33666446666666,7.117966806363167,0.28165985425656576,0.0,0.0,,,,,,,,,,219.50500108333335,,217.2314950435382,,0.0,0.0,0.0,,,,,,,,,,,217.5550005,,,218.45999949999998,230.46496688973804,224.92501892519687,,,,,226.66331756880896,0.0,0.0,,,,,,,,,,,,220.2667573549212,1.1582111309718433,,,,0.10672668213456138,0.10666976970137299,1.1582111309718535
13,2020-06-22,212.929993,215.710007,210.529999,213.369995,206.737305,332300,35908.249725822454,1200300,,-24948.58069776879,49.909365999466516,-5019.43788442611,,-2906.3943171700676,1099.381591507178,217.8432329764426,8.327401451229997,,,,,,0.0,0.0,217.51499996666666,225.29600266666665,209.73399726666668,7.154451602135389,0.2336458341887812,0.0,0.0,,,,,,5.294798155175964,,,,219.1916669166667,,216.6374181137631,,0.0,0.0,0.0,,,,,,,,,,,216.3150025,,,218.45999949999998,230.46496688973804,224.92501892519687,,,,,225.8231850260566,0.0,0.0,,45.24339901516475,,,,,,30.11716293181508,,-69.88283706818491,,219.42141085086232,-1.7316860467994841,,,,-1.093960526472182,-1.0999882757497303,0.05158023191362826
14,2020-06-23,216.779999,217.710007,211.289993,213.009995,206.388489,418100,-158163.3178751206,782200,,-42886.78345522951,53.170467262502854,2119.0146041516364,634.8917357497763,-4340.6533515043875,1099.381591507178,218.0447523483103,8.136662706106996,,,,,,0.0,0.0,216.20599983333332,224.12100373333334,208.29099593333336,7.3217245646294975,0.2981046583354588,0.0,0.0,,,,,,5.691945697209755,,,,218.096667,,216.07935301933801,,0.0,0.0,0.0,0.9558711867181917,0.963225795903456,-0.007354609185264316,,,,,-57.37692990743223,-57.37692990743223,0.0,216.3150025,,,218.45999949999998,230.46496688973804,224.92501892519687,,,,,225.01665778501433,0.0,0.0,,44.711907710586935,,,,,,28.710912437430203,,-71.2890875625698,,218.76527383722063,-5.810302608276872,,,,-0.16872100503164678,-0.1688634992202509,-0.11722779980370968
15,2020-06-24,211.600006,211.600006,204.630005,206.0,199.59639,647500,-551123.3938492867,134700,,-685184.6376044827,44.201503655860556,-6873.114756755894,32.031900361017634,-22014.149197046187,1099.381591507178,217.24942628688453,8.160995435496295,,,,,,0.0,0.0,214.65299996666664,222.64400486666665,206.66199506666666,7.445509637639271,-0.04142126521951345,0.0,1.0,,,,,,6.387978201611692,,,,216.00749975,,214.52868332405524,,0.0,23.060965649250615,29.095061658488774,0.885347401525318,1.0175022462793386,-0.13215484475402062,,,,,-60.51416642540375,-58.94554816641799,-1.568618258985758,215.800003,,,217.945,230.46496688973804,224.92501892519687,,,,,224.24239163361375,0.0,0.0,,35.874470693820726,,,,,,5.1445569450082,21.324210771417828,-94.8554430549918,,217.35754090005702,-10.849528818337726,,,,-3.290923038611404,-3.346292070153556,-3.4042929617437157
16,2020-06-25,205.740005,207.850006,202.699997,207.270004,200.82692,484300,-175908.62791392737,619000,,-499434.9840609852,36.90834664744088,-3020.0384389915484,-1895.3330756191076,-18322.984261416615,1106.1593537340736,215.79218759539987,7.859896791946666,,,,,,0.0,0.0,213.95433356666666,221.53433846666667,206.37432866666668,7.085628763521274,0.059081448175140126,0.0,0.0,,,,,,6.955860146181496,,,,214.3249995,,213.41196342804676,,0.0,22.027572362096713,29.470614767576,0.7886394491540066,1.1387024474127048,-0.35006299825869813,,,,,-60.699536480728824,-59.53021093785494,-1.1693255428738851,214.83499899999998,,,216.979996,230.46496688973804,224.92501892519687,,,,,223.06564843559693,0.0,0.0,,38.255546100167564,,,,,,16.001426190576073,16.618965191004825,-83.99857380942393,,217.12671625082146,-8.876286986133783,,,,0.6165067961165116,0.6146141677731087,-2.8087738630960812
17,2020-06-26,204.880005,206.149994,198.679993,200.869995,194.62587,621300,-432911.95844895777,-2300,,-996133.6422951312,30.244289659463902,-3438.6387606644207,-2462.6075849700865,-16198.536618408976,1106.1593537340736,213.81588396144906,7.932908212751999,,,,,,0.0,0.0,212.67566636666666,219.95367086666664,205.39766186666665,6.844228702170602,-0.31105139236082274,0.0,1.0,,,,,,7.625293060099967,,,,212.58999891666667,,211.48242982373185,,0.0,20.386592663970227,30.761490336957426,0.7083885672257235,1.1494584391723464,-0.44106987194662284,,,,,-66.3372823632588,-61.2319787942059,-5.105303569052893,212.824997,,,214.96999399999999,230.46496688973804,224.92501892519687,,,,,221.43639632074917,0.0,0.0,,31.83948611820523,,,,,,7.117327641556344,9.421103592380206,-92.88267235844366,,214.97656244464238,-9.391495697672466,,,,-3.0877642092388857,-3.136440271257701,-5.809809758271833
18,2020-06-29,203.580002,206.070007,200.550003,202.529999,196.234268,328200,-525664.7786280736,325900,,-775998.3629958262,35.173320637354905,1505.322078015251,-2180.201138457617,-16472.010767146596,1115.3007337188542,212.6031214411858,7.6916177914768,,,,,,0.0,0.0,211.63899946666666,218.26400406666667,205.01399486666668,6.260665205085172,-0.18747125599480155,0.0,1.0,,,,,,7.95651942907788,,,,211.8841655,,210.10513277392695,,0.0,19.387099634741254,29.25334742817104,0.7499781219497418,1.1500486831646246,-0.4000705612148828,,,,,-72.87997736096555,-63.561578507557826,-9.318398853407729,209.9549945,,,214.96999399999999,230.46496688973804,224.92501892519687,,,,,219.16075598867425,0.0,0.0,,34.88974458748436,,,,,,13.60906649443156,12.242606775521324,-86.39093350556846,,213.2509262860712,-4.0142184834123205,,,,0.8264071495595937,0.8230111029613241,-5.031415291930397
19,2020-06-30,202.169998,207.089996,202.149994,206.199997,199.790192,336600,-310349.6134925148,662500,-0.033423037369287034,-488666.97873927996,40.761999986484106,1922.5648306536016,-1695.2318281870305,8811.716904065823,1115.3007337188542,211.55705311503544,7.4164562123291216,214.82849965,230.460660146741,199.196339153259,14.55315334995963,0.2240143916191598,0.0,0.0,209.95066583333332,216.22666983333335,203.67466183333335,5.978551175429114,0.20118973527316508,0.0,0.0,198.679993,231.259995,214.96999399999999,15.165586527429815,0.23081656041641735,8.072475121166015,,,,211.15499883333334,,209.50434265486126,,0.0,19.443969210663337,27.933473405271435,0.8023921963097247,1.1255775582357093,-0.32318536192598457,,,-110.46361456350643,2.0515053500000136,-78.45511634329637,-66.04383481351425,-12.411281529782116,209.479996,,,214.96999399999999,230.46496688973804,224.92501892519687,,,,,217.11267968980684,0.0,0.0,,41.15912058613385,,,,,,26.581837658016923,15.769410598001608,-73.41816234198308,,212.26824153055264,-4.070714176376565,,,,1.8120762445666072,1.7958538249529532,-3.3105121286343464
20,2020-07-01,206.630005,207.889999,203.809998,203.889999,197.552002,266200,-566110.2698747092,396300,-0.07682148216609198,-506703.33429081173,47.573623887131404,1885.2049248698186,-588.9178451687288,3117.2882291894675,1102.8063471923156,211.14011935546665,7.082810691096208,214.35999984999998,230.69782686193966,198.0221728380603,15.2433541923607,0.17957792543804887,0.0,0.0,208.70133263333332,214.85433693333334,202.54832833333333,5.896468625631825,0.1090256565127589,0.0,0.0,198.679993,231.259995,214.96999399999999,15.19873205019505,0.1599142320494637,7.991591798615465,,,,210.07249833333333,,208.64059747719028,,0.0,19.450294477533454,26.855738759987723,0.9053129790695127,1.079200141015442,-0.17388716194592924,,,-99.33268477377139,6.2200021500000275,-80.97800769646325,-68.17728808250696,-12.80071961395629,209.479996,,,214.96999399999999,230.46496688973804,224.92501892519687,,,,,215.26941102082617,0.0,0.0,,38.63731110897058,,,,,,18.416417556332938,19.53577390292714,-81.58358244366707,,211.26239780663437,-5.989489902492404,,,,-1.1202706273560237,-1.1265929209600678,-4.393696060998231
21,2020-07-02,208.110001,208.199997,200.440002,200.949997,194.703384,258100,-790285.0651548606,138200,-0.15804513359518688,-542719.2174206956,41.34959642342882,-4600.071518793117,-1021.8672324109841,-6703.846220614139,1086.9043761184028,210.51676140119233,7.1505291219865885,213.55099945,230.8350300697502,196.26696883024982,16.187262681294076,0.13547268784628722,0.0,0.0,207.5183324333333,213.65533643333333,201.38132843333332,5.9146620233868346,-0.035141856949525076,0.0,1.0,198.679993,231.259995,214.96999399999999,15.25630977326714,0.06967476552027221,8.12688010709577,,,,208.43666458333334,,207.45742817300717,,0.0,18.02578013195935,28.069455876856214,0.8682649917404085,1.0911471437568308,-0.22288215201642225,,,-106.0423868965717,2.3689985499999864,-82.69518085930166,-69.9920246796063,-12.703156179695355,208.195,,,214.96999399999999,230.46496688973804,224.92501892519687,,,,,213.61046921874356,0.0,0.0,,35.64399066325352,,,,,,8.024048632294484,17.67410128221478,-91.9759513677055,,209.81151998329497,-8.899267758642965,,,,-1.4419549827944245,-1.452452185815467,-5.772295924512239
22,2020-07-06,206.080002,208.520004,204.110001,205.990005,199.586731,302600,-834885.5987599412,440800,-0.1713740158747467,-247315.5548177391,46.659025027376074,2907.4584319263145,-87.2209675562201,3867.796366906715,1086.9043761184028,210.13310495931566,7.19247690978793,212.54299999999998,229.10682376083673,195.97917623916322,15.586327247509216,0.3021895458857217,0.0,0.0,206.52533313333333,212.31533693333336,200.73532933333334,5.607063997579382,0.4537713487050431,0.0,0.0,198.679993,231.259995,214.96999399999999,15.328663846845114,0.2243711341699733,8.153372169679844,,,,207.60916516666666,,207.23167076177532,,0.0,17.039956319806873,26.064050917361342,0.9059173034514587,1.036704925735334,-0.1307876222838753,,,-68.36019955110932,2.957000000000022,-84.04661524722921,-71.55364585378662,-12.492969393442593,208.195,,,214.96999399999999,230.46496688973804,224.92501892519687,,,,,212.1174215968692,0.0,0.0,,43.69680426149727,,,,,,25.839554375523683,17.4266735213837,-74.16044562447632,,209.58746912401804,-4.598922328630254,,,,2.508090607236979,2.477154222887723,-3.408979729179873
23,2020-07-07,204.960007,205.309998,202.470001,203.720001,197.387283,405100,-883383.1093911157,35700,-0.21262373160944953,-343353.1356152049,39.45820445439946,-1700.074363118005,-1760.988953120141,3125.2916921403685,1086.9043761184028,208.84422891724992,6.8252296188091375,211.1754997,225.79737009654127,196.5536293034587,13.84807462732504,0.24505660022251508,0.0,0.0,205.5883331,211.1443358,200.0323304,5.404978596034926,0.33186364362277887,0.0,0.0,198.679993,229.449997,214.064995,14.570820972940737,0.16379614380290625,8.202789366453695,,,,206.62749858333333,,206.69141387534836,,0.0,16.451381048345837,26.77306505644542,0.7454671113854383,1.1730507473166796,-0.42758363593124127,,,-82.87920610242216,4.554496300000011,-86.32397537680541,-74.76998423927255,-11.553991137532861,205.1399995,,,214.96999399999999,230.46496688973804,224.92501892519687,,,,,210.77367873718228,0.0,0.0,,41.19646699986074,,,,,,22.3503650975124,18.73798936844352,-77.6496349024876,,209.24675530827702,-5.466356844547565,,,,-1.1019971575805365,-1.1081141269897898,-4.4734100270423465
24,2020-07-08,203.490005,205.860001,201.279999,204.410004,198.055817,317900,-766772.9980418225,353600,-0.20849292646423276,-262966.69428446185,45.747658169429315,-461.0249606791371,-1425.9885373055063,-3387.45794744757,1090.5857391488046,207.9181995961822,6.600706856928224,210.02299954999998,222.85278592089657,197.1932131791034,12.217506081130137,0.2812514024889512,0.0,0.0,204.57300006666665,209.9450015666667,199.20099856666667,5.251916429098045,0.48482911195513506,0.0,0.0,198.679993,226.970001,212.824997,13.469957128797708,0.20254540048203556,8.135229902969158,,,,205.68416591666664,,206.34042774067936,,0.0,15.691901135771626,26.736571533107465,0.7596847374276681,1.102616752347693,-0.342932014920025,,,-74.95342270936302,3.3469954500000085,-88.69556348391785,-77.90125057910743,-10.794312904810425,203.5999985,,,214.96999399999999,230.46496688973804,224.92501892519687,16.0,72.0,-56.0,,209.56431016346406,0.0,0.0,,42.27765672520232,,,,,,26.52782133486439,24.905913602633493,-73.47217866513562,,209.01220255228864,-5.247296254527355,,,,0.3387016476600113,0.3381293455297474,-4.149859892850516
25,2020-07-09,204.119995,204.119995,195.690002,198.059998,191.903214,285900,-891917.975730415,67700,-0.19628268584938066,-484752.41158668074,47.12279394569828,-10806.553686600078,-1699.3460515902132,-7804.763865757965,1056.70664394019,206.9475842217924,6.812636371235402,208.84149935,221.50714340846946,196.17585529153052,12.129432222896428,0.0743800591494423,0.0,0.0,203.76099953333332,209.2790002333333,198.24299883333333,5.4161500116682495,-0.016582168368819195,0.0,1.0,195.690002,226.970001,211.33000149999998,14.977865557064153,0.07576713797209567,8.229880204507184,-3.722250515128934,,,204.40833283333333,212.06115373076923,205.06651547288251,208.78876598801145,0.0,14.335002792442598,29.9679057278244,0.7529158942884896,1.0900237020607044,-0.33710780777221483,,,-117.52021052381265,4.168495650000011,-91.4340143485298,-81.31619256441866,-10.117821784111143,202.105003,213.4749985,207.79000075,213.4749985,230.46496688973804,224.92501892519687,12.0,100.0,-88.0,,208.47587844711765,0.0,0.0,,35.76111244970497,,,,,,9.638049162836472,19.505411865071085,-90.36195083716353,,208.5237914328502,-7.175328002421326,-12.88342867235025,,,-3.1065045133505165,-3.1557795385192655,-7.1274488213319165
26,2020-07-10,197.949997,207.020004,197.369995,206.789993,200.361847,326400,-581077.6690737056,394100,-0.11540904607551355,-8434.871645726322,43.209225211942744,6770.383045345914,-1343.5004610761264,5505.408558331319,1056.70664394019,205.57312961940406,7.0963736341118615,208.63099900000003,221.28608526900865,195.9759127309914,12.131549318812992,0.42726221059004116,0.0,0.0,203.5396657,209.5076664,197.571665,5.864213915725228,0.7723129120946657,0.0,0.0,195.690002,226.970001,211.33000149999998,14.992977625534929,0.35485905865917755,8.078503024492225,-3.309042867970419,,,203.88999933333332,211.8123075,205.33166586166982,208.64070872964024,0.0,15.803377053896497,27.16810622081183,0.7589920551440208,1.0730459987437617,-0.3140539435997409,,,-59.534849261457495,-2.630999000000031,-89.77506111881117,-83.92039020392447,-5.854670914886697,202.105003,213.4749985,207.79000075,213.4749985,,212.4950025,8.0,96.0,-88.0,195.690002,,1.0,0.0,,47.69706413560624,1.0,,,,,50.40866702800485,28.85817917523524,-49.59133297199516,,208.514870388705,-2.920051709310633,-12.869208630861543,,,4.4077527457109245,4.313374671969594,-3.033856396742385
27,2020-07-13,207.899994,211.070007,203.490005,207.679993,201.224167,328000,-546461.389025231,722100,-0.11773979544943508,34472.96716080536,49.544891026455744,11751.329097564965,-145.58853379104974,15798.578688397825,1056.70664394019,205.21040770883556,7.144736470700676,208.26749879999997,220.58892786614555,195.9460697338544,11.832310981924161,0.4761591858847685,0.0,0.0,204.0909998,210.07000060000001,198.11199900000003,5.8591518546718335,0.8001331928237891,0.0,0.0,195.690002,226.970001,211.33000149999998,15.01914565653775,0.38331174499078474,7.843360191744442,-2.8765976416442527,,,204.02999875,211.4488455,205.69294695987446,208.56954460151871,19.34749046062715,18.55925131799044,25.17824716184856,0.8518277601660876,0.9781525214803035,-0.12632476131421588,,,-12.2420408441615,-0.9974947999999699,-85.39250902144751,-85.31067149953358,-0.08183752191392557,203.38000449999998,213.4749985,208.4275015,213.4749985,,213.355003,4.0,92.0,-88.0,195.690002,,0.0,0.0,,48.742688180742554,1.0,,,,,54.45044631007126,38.16572083363752,-45.54955368992875,,208.4868490233748,0.8155305825242699,-12.704463365564608,,,0.4303883312187118,0.4294648095120479,-2.6165254294411855
28,2020-07-14,207.600006,211.869995,207.199997,211.440002,204.86731,209200,-375785.8319050778,931300,-0.13530146789170164,141918.81225211878,47.352904089858,5033.842633852748,62.61346833045828,5199.202180329852,1075.8381280768199,204.69474999522535,6.897262623630607,207.99549865,219.77257726090565,196.21842003909435,11.324359120601235,0.6462375969372557,0.0,0.0,204.8029993,210.6969995,198.90899910000002,5.755775276871146,1.0630304101448782,1.0,0.0,195.690002,226.970001,211.33000149999998,15.038786513661892,0.5035166401379999,7.560088675505834,-2.2050618017403565,,,204.37749858333333,210.8830765769231,206.57710927373992,208.78217107548028,18.892887456901104,18.493032288607306,24.011403801994106,0.8814903457870966,0.9909601292628745,-0.10946978347577785,,,25.621291685877097,-7.125503650000013,-79.34812022553714,-85.40989415311589,6.0617739275787414,203.77999849999998,213.4749985,208.6274985,213.4749985,,219.595001,4.0,88.0,-84.0,196.3052022,,0.0,0.0,,53.01616649434955,1.0,1.0,,,57.78898671104891,97.34244013578994,67.40051782462201,-2.6575598642100537,,208.6182082404084,2.011867573467115,-15.156389285004842,,,1.8104820525489895,1.7942879944958356,-0.8534151001926116
29,2020-07-15,215.699997,219.300003,213.509995,218.289993,211.504364,240300,-219321.77928200667,1171600,-0.08923683340404781,356795.10154467385,56.7849311341592,16553.21362048442,1735.9226381333378,11572.492612701288,1075.8381280768199,204.95097260259868,6.9935364612675475,207.88099820000002,219.20215172190117,196.55984467809887,10.891956090194636,0.959714408954151,0.0,0.0,205.99166610000003,211.97066690000003,200.0126653,5.805089995337445,1.528460048040132,1.0,0.0,195.690002,221.229996,208.45999899999998,12.285872312114,0.884886308117379,6.981899533596145,-1.1073627955280188,,,205.82916508333332,210.39153757692307,208.37909138547224,209.48645418100025,17.88635322958808,24.38512521959522,22.15074795439947,1.0172964429212457,0.8698302042131103,0.14746623870813536,,,127.28163070063364,-5.350999200000018,-72.29367433309342,-84.44496822385258,12.151293890759163,207.4950025,212.5699995,210.032501,213.4749985,,220.1399995,4.0,84.0,-80.0,197.23908976799999,,0.0,0.0,,59.62106748384697,1.0,1.0,,,61.549100500212475,95.72210945692042,82.50499863426053,-4.277890543079577,,209.20967392734912,8.672274821334078,-16.367372228370915,,,3.239685459329511,3.188314216385546,2.358622394228238
30,2020-07-16,217.520004,226.509995,216.419998,223.100006,216.164825,305200,-120410.96703895004,1476800,-0.02032621600687447,515540.9395525775,65.99004429339793,16728.492658914645,3146.5320022694946,14510.036377722969,1075.8381280768199,205.99432461349224,7.303182515140793,208.23999859999998,220.93060646739806,195.5493907326019,12.188444057546288,1.0854726406831579,1.0,0.0,207.67299953333332,214.25299993333334,201.09299913333334,6.3368857913990455,1.6722648578157124,1.0,0.0,195.690002,226.509995,211.0999985,14.800227241261618,0.8893578918074383,6.416322640598753,0.14898205316288227,,,207.54333233333332,210.22384523076926,210.64384748001498,210.4948654268521,17.912268074508383,28.939867890785763,20.007401809462632,1.0672761026525426,0.7613791270023187,0.3058969756502239,,,183.30302273241978,-2.0400015999999823,-61.15773263315156,-82.051918420947,20.894185787795443,211.0999985,211.33000149999998,211.21499999999997,213.4749985,,220.1399995,100.0,80.0,20.0,199.00396282655998,,0.0,0.0,,63.501125892718946,1.0,1.0,1.0,,62.37142100995373,88.93578918074384,94.00011292448475,-11.064210819256171,,210.7945065483404,10.156523528151503,-15.64560830542564,,,2.203496795201243,2.1795706413419325,4.614091358297179
31,2020-07-17,223.820007,223.820007,219.270004,222.619995,215.699753,203100,-24441.63802971768,1273700,-0.018358705925284304,427965.05760220875,72.20788412970099,179.24233876268758,3404.952080800002,6288.092248187138,1073.523407674274,207.39845991969787,7.027864563626714,208.59599835,222.42928863045273,194.76270806954727,13.263236485718261,1.0068930227617914,1.0,0.0,209.54366653333332,215.80266773333332,203.2846653333333,5.973934983145251,1.5446018501056247,1.0,0.0,195.690002,226.509995,211.0999985,14.774968476762254,0.8737832289579036,5.604587308601838,1.0933085408476018,,,208.9116655,210.2596141923077,212.48633171385882,211.39302317301122,17.93633185907723,27.6410056611336,19.109441299696122,1.1579755597174208,0.7739596015269599,0.38401595819046097,,,162.84988646539782,-4.705999350000013,-50.391995048924585,-78.31251617669093,27.92052112776635,211.0999985,211.33000149999998,211.21499999999997,213.4749985,,220.1399995,96.0,76.0,20.0,201.754566043904,,0.0,0.0,,62.85205440683528,0.9773142205558277,0.9924380735186092,0.9974793578395365,,63.58782491147607,87.37832289579036,90.67874051115155,-12.621677104209638,,212.60975349221684,7.963141725942894,-17.480303437965087,,,-0.21515508161842334,-0.21538687269737622,4.389008824650853
32,2020-07-20,222.0,222.190002,218.089996,219.850006,213.0159,173700,-49013.204071328095,1100000,-0.007783098699056464,298091.89375903655,66.61467015296003,-3316.3702245474765,3060.545487759808,-2598.27320635441,1060.1659011731163,208.3138979371784,6.77807800726404,208.80199884999996,223.166605642477,194.4373920575229,13.759070192423161,0.8845565461557238,0.0,0.0,210.927333,217.15533450000004,204.6993315,5.905352721640888,1.2163351678704606,1.0,0.0,195.690002,226.509995,211.0999985,14.760391744209597,0.7839068620164841,5.121282068421821,1.5997383355766885,,,210.24166608333334,210.59999903846153,213.61920468095747,212.01946634538078,17.738121462054057,26.37195216615913,19.428038635074817,1.1210875065047154,0.7839068119206457,0.33718069458406974,,,131.71020605262177,-7.852001849999965,-40.621603473752344,-73.23447485412947,32.61287138037713,211.0999985,211.33000149999998,211.21499999999997,213.4749985,,220.1399995,92.0,72.0,20.0,204.2301089395136,,0.0,0.0,,59.0980417408569,0.8419405256286097,0.9397515820614791,0.9773965518600294,,66.3876997997918,78.39068620164842,84.90159942606088,-21.60931379835159,,213.20396241820416,7.827753729107635,-19.695283546758827,,,-1.244267838564983,-1.2520736687128498,3.090129960848964
33,2020-07-21,219.110001,223.039993,219.110001,220.580002,213.723206,272300,-117607.3073163224,1372300,-0.022810632547124045,283904.1819077456,66.25045214151422,1349.443503494685,3019.6082501055994,-1257.140834518082,1060.1659011731163,209.46849725225132,6.493269406537635,209.1624992,224.308225995637,194.01677240436302,14.482258391027091,0.8769215883152276,0.0,0.0,212.6349995333333,218.97200053333336,206.29799853333333,5.960449609808104,1.1268740108031106,1.0,0.0,195.690002,226.509995,211.0999985,14.734951589256976,0.8075926558451848,4.825243053163512,2.0365164786199728,-0.3308632943514047,2.3673797729713772,211.87749983333333,210.8165376923077,214.69009657619478,212.6535800975748,17.67438340780756,26.17684401130057,18.628953958750532,1.1159501583634315,0.783365131884818,0.33258502647861343,,,126.26978282790004,-3.172494200000017,-29.76563593649925,-66.68670512663853,36.92106919013928,211.0999985,211.33000149999998,211.21499999999997,213.4749985,,220.1399995,88.0,68.0,20.0,206.45809754556223,,0.0,0.0,,59.77982654053198,0.8664148584722084,0.8952232015522154,0.9424709523774345,,61.003125219760186,80.75926558451849,82.17609156065242,-19.240734415481516,7.238352576470618,214.08726793430085,9.768601788035863,-18.696496375300697,-16.43157219204611,-2.2649241832545854,0.33204274736293726,0.331492702685221,3.432433260631007
34,2020-07-22,219.860001,224.220001,219.860001,223.809998,216.852768,206500,50055.25254606383,1578800,0.03194320238420233,338631.3236352105,65.88869871848848,2037.4902857142647,3030.4857758802023,3927.972185058602,1075.6901172810005,210.47389901377912,6.27994246588387,209.70249935,226.07857454990895,193.32642415009107,15.618388193434699,0.930735035036919,0.0,0.0,214.51299939999998,220.8280002,208.19799859999998,5.8877558168160204,1.2361043089654091,1.0,0.0,195.690002,226.509995,211.0999985,14.697007949609834,0.912394626436158,4.381054337494803,2.6131769100229008,0.2579447465234564,2.355232163499444,213.36249925,211.08307588461543,216.0931583337033,213.47998142368039,17.78642035040475,26.218416600637397,17.75638855387747,1.10540445161185,0.7797918140571787,0.3256126375546713,,,128.4947794945946,-5.982498350000014,-18.304104301751345,-58.56115956588537,40.257055264134024,211.939995,211.33000149999998,211.63499825,213.4749985,,218.45999949999998,100.0,64.0,36.0,208.463287291006,,0.0,0.0,,62.73933763012413,0.9726537471882951,0.8936697104297044,0.9095481646811329,,65.35090681149141,91.2394626436158,83.4631381432609,-8.7605373563842,8.084617726470583,215.39789221618196,8.650901775549746,-19.557314453474277,-17.056720644331747,-2.5005938091425293,1.4643195079851345,1.4537018750880648,4.947014558450125
35,2020-07-23,222.610001,224.949997,221.410004,223.059998,216.126083,192900,36976.98812576873,1385900,0.09698545169284202,269587.56311589474,72.0618406292327,2092.063374807396,3508.495411137382,2377.400940806077,1072.08541867428,211.62047109434616,6.005947519295484,210.55549925,227.82420671133227,193.28679178866773,16.402998281064622,0.8620565921913909,0.0,0.0,216.89799953333332,222.72400033333332,211.07199873333334,5.372111142135856,1.0288360470759534,1.0,0.0,195.690002,226.509995,211.0999985,14.637467608198799,0.8880597734074763,3.680316840836158,2.975367539640331,0.8014293051468313,2.1739382344935,214.97416566666666,211.17846034615383,217.16497982082586,214.18961228118553,17.999151067710827,25.998207690428437,17.057781965303093,1.1684086257700805,0.7639459321724795,0.404462693597601,,,113.3218765172427,-6.14549525000001,-4.206054403705048,-49.053492153095796,44.84743774939075,215.0,211.0999985,213.04999924999998,213.4749985,,218.45999949999998,96.0,60.0,36.0,210.2679580619054,,0.0,0.0,,61.6057855085865,0.9316748570426606,0.923581154234388,0.9041580220721026,,63.9363204103685,88.80597734074763,86.93490185629396,-11.194022659252372,8.142618438235303,217.47523380898602,9.49342082518447,-20.52975743170811,-17.75132800180702,-2.778429429901088,-0.33510567298249416,-0.3356684095694007,4.5953311590389845
36,2020-07-24,231.419998,231.419998,221.050003,224.009995,217.046555,294900,-89571.60171443835,1680800,0.014697165021021549,271097.07057076675,72.20471137678521,10742.738123092588,4068.158246220687,609.5397231752252,1072.08541867428,213.14366003788484,6.4423522673659335,211.39249879999997,229.54330538725858,193.24169221274136,17.172611791141396,0.8475739807854374,0.0,0.0,219.07466633333334,224.97266573333332,213.1766669333333,5.384465030772563,0.9183900617781251,0.0,0.0,195.690002,231.419998,213.555,16.902206181783402,0.792611143869146,3.2279608900928953,3.3010110410256175,1.3013456523225886,1.999665388703029,216.60749825000002,211.48961407692312,218.21805907916035,214.91704803813474,19.05945087757242,30.016564495417818,15.17435376378101,1.153155207043384,0.737464504973207,0.4156907020701769,,,114.35015279808658,-13.332500799999963,7.8279531580155854,-38.69566302204434,46.52361618005993,219.3099975,213.555,216.43249875,213.555,,218.45999949999998,100.0,56.00000000000001,43.99999999999999,211.89216175571485,,0.0,0.0,,62.52929026744129,0.9649662885970085,0.9564316309426547,0.9245608318689157,,54.4262792455582,79.2611143869146,86.43551812375934,-20.7388856130854,9.06502923235297,218.95373555338875,9.58856739712212,-18.150548138375328,-17.831172029120683,-0.31937610925464455,0.4258930370832248,0.42498867950948593,5.040795391559483
37,2020-07-27,222.979996,223.470001,218.649994,220.800003,213.93634,214800,-112744.52183675267,1466000,0.058554003659943496,133868.02026065724,75.51140827627101,-11612.453763976275,3360.1311461593828,-1822.0571337892145,1056.7227755151607,214.6707600991198,6.334117140629341,212.3889992,230.30645821040855,194.47154018959145,16.872304194565412,0.7347153074304206,0.0,0.0,220.4306661,226.052666,214.80866619999998,5.100923568819181,0.532847465899103,0.0,0.0,195.690002,231.419998,213.555,16.822903321068054,0.702770887519831,2.878546665242854,3.2624587410736297,1.693568270072797,1.5688904710008327,218.50249866666664,211.69346034615384,218.615281220828,215.35282247975437,19.49934556238366,28.278545249603017,16.888364563099614,1.143111759201142,0.7971935269312974,0.34591823226984453,,,69.32081306609624,-5.599006199999991,17.84747187297168,-27.896152788876698,45.74362466184838,222.46499649999998,213.555,218.00999825,213.555,,218.45999949999998,96.0,52.0,44.0,214.23550210502907,,0.0,0.0,,57.49679486993734,0.7835498156799297,0.8933969871065329,0.9244699240945252,20.97689340399464,51.24506249104242,70.2770887519831,79.44806015988178,-29.722911248016903,9.470205314705936,219.18168993918886,11.481371922461594,-18.425579177851688,-17.950053458866883,-0.4755257189848052,-1.4329682030482571,-1.4433343405391597,3.5355941933694623
38,2020-07-28,220.490005,220.919998,216.119995,216.320007,209.595627,229100,-322751.7216030847,1236900,0.03779486235750799,-31879.85171943663,68.38811419828816,-5321.699004802718,3012.9401430076978,-7726.417283729164,1056.7227755151607,215.86358478575463,6.180705726566407,213.0784996,230.47919733484045,195.67780186515952,16.33266403462179,0.5931430293599586,0.0,0.0,221.19233296666667,226.82733336666666,215.55733256666667,5.095113672723169,0.06767297064728968,0.0,0.0,195.690002,231.419998,213.555,16.768466113227692,0.5773861547591557,2.6760173019959455,2.8376963323810287,1.9223938825344435,0.9153024498465852,219.29666650000001,211.7161530769231,218.26216210993138,215.42446577755035,19.360632916192678,26.782952439527396,18.782804565229362,1.1278747654635464,0.8321299095728206,0.29574485589072574,,,38.96030292818561,-5.39850659999999,24.870864020092903,-17.100092971855997,41.970956991948896,223.7699965,213.555,218.66249825,213.555,,218.45999949999998,92.0,48.0,44.0,,231.419998,0.0,1.0,,51.29224914137572,0.5598820895878874,0.7694660646216086,0.8730982275569321,19.23768807735378,45.247127505381975,57.73861547591556,69.09227287160441,-42.26138452408444,9.20596990588237,219.10044320818892,4.608546990956179,-18.066678334853727,-17.97337843406425,-0.09329990078947503,-2.028983668084461,-2.0498502775829763,1.4348738965317853
39,2020-07-29,217.679993,220.509995,217.130005,219.940002,213.103073,176700,-205648.20745067723,1413600,0.020100483027479406,64053.429454768324,75.37002364255564,573.8589869638112,3825.8267625479752,-1691.4253640864717,1074.4064434144086,217.4427716028974,5.981633953909766,213.76549985000003,231.11051895401607,196.42048074598398,16.228080879456325,0.6779906413758382,0.0,0.0,221.40833333333336,226.80233193333333,216.01433473333333,4.872444066393167,0.36389212880650934,0.0,0.0,195.690002,231.419998,213.555,16.714575562975252,0.6787014473777159,1.6139330671235261,2.761341381611828,2.0901833823499203,0.6711579992619079,220.31833391666666,211.9688456538462,218.5202913237881,215.75894994217626,19.231828316158193,25.514430070159435,17.893193615717458,1.2057794678265077,0.8015912287111996,0.4041882391153081,,,45.540595028921786,-2.3254978500000334,30.62545709037434,-6.901960780353118,37.52741787072746,223.7699965,213.555,218.66249825,213.555,,218.45999949999998,88.0,44.0,44.0,,231.11399794,0.0,0.0,,55.473444695533324,0.4920494920508192,0.6118271324395455,0.758230061389229,18.788191012207882,49.70421014621398,66.28488990147814,64.76686470979227,-33.71511009852187,8.701528602941181,219.10956070256103,5.9033173214715955,-19.258723342658417,-18.230447415783086,-1.028275926875331,1.6734443800198173,1.6595965762110865,3.132330093133495
40,2020-07-30,215.889999,218.690002,214.119995,216.089996,209.372757,180500,-230531.29898642143,1233100,0.06550182910842593,-44372.21518162661,68.88220602281866,-6114.445296404756,2905.4818809943567,-202.6403881287015,1074.4064434144086,218.76610663825196,5.9654712585187895,214.3754997,231.13667034865352,197.6143290513465,15.637207304108285,0.5511448852809615,0.0,0.0,220.83733313333332,225.67933273333333,215.9953335333333,4.385127760147864,0.009775141933789575,0.0,0.0,195.690002,231.419998,213.555,16.667014677517273,0.5709486785277004,1.6787957002265848,2.3629278631275668,2.1447322785054497,0.21819558462211708,220.70583341666668,212.08730723076923,218.146399735513,215.78347187238543,18.458581531535184,23.826351576243873,20.131122221718922,1.1426824861767568,0.8347828601401112,0.30789962603664567,,23.629504084299725,17.853799541097214,3.9144933000000037,34.091441850329375,2.4850877640084326,31.60635408632094,222.7699965,213.555,218.16249825,213.555,,218.45999949999998,84.0,40.0,44.0,,230.8141178812,0.0,0.0,,50.507557083575364,0.11958372134474829,0.39050510099448504,0.590599432685213,16.928104245395026,47.406166361851824,45.11276103792801,56.3787554717739,-54.887238962072,7.272557644117683,218.93580303840966,2.1992025898675602,-19.992598433452187,-18.582877619316907,-1.4097208141352802,-1.7504801150269977,-1.7659821917601626,1.3270191626891803
41,2020-07-31,216.429993,218.979996,214.699997,218.789993,211.988815,240100,-11748.930275586492,1473200,0.15249865526899514,54576.56980146277,68.16929832081316,775.4231591012215,2121.488599675518,-159.6198854247109,1074.4064434144086,219.85466611744656,5.796924032666911,215.26749950000004,230.93922284525124,199.59577615474885,14.560231694660617,0.6123837315909275,0.0,0.0,220.3959991333333,225.21099833333332,215.58099993333335,4.369407084460777,0.33322882656623,0.0,0.0,195.690002,231.419998,213.555,16.5979518891564,0.6465153536541123,1.6610215089348723,2.2392369427979872,2.1636332113639574,0.07560373143402987,220.74750008333334,212.57923003846156,218.2454140838956,216.00617714109762,17.792983151697367,22.977413063867964,19.128817594918775,1.0779836103587317,0.8758140398154048,0.20216957054332685,,23.640776567335998,23.89952062241413,7.832506499999965,37.33275713954134,11.146683387707732,26.18607375183361,222.7699965,213.555,218.16249825,213.555,,217.945,80.0,36.0,44.0,,230.146352965952,0.0,0.0,,53.64174742254036,0.24121089325047226,0.2842813688820132,0.42887120077201457,16.179835590358614,48.43610429240258,47.852995546944925,53.083548828783684,-52.14700445305508,5.326351079411722,218.93242362976,0.22905310185245184,-18.463950420435246,-18.559092179540578,0.0951417591053314,1.2494780184085785,1.2417364611525095,2.5930779938356574
42,2020-08-03,219.029999,223.080002,218.350006,220.960007,214.091385,326900,22116.417898067084,1800100,0.16707320726347755,148119.57077268144,69.41925789567009,5606.843063618858,2162.4172018016684,6242.272874198317,1074.4064434144086,220.5712685688466,5.6902312294002195,216.0159996,231.268161758176,200.76383744182397,14.1213263706565,0.6620756240566763,0.0,0.0,220.47133283333332,225.34933103333333,215.5933346333333,4.425063464997113,0.5500896214626185,0.0,0.0,195.690002,231.419998,213.555,16.54043962769506,0.7072490296388502,1.7004135700433918,2.2899162622799736,2.1888898215471606,0.10102644073281297,220.56916683333336,213.10576861538462,218.6630437632963,216.3731275010163,17.880541331692594,26.541072233522357,18.05872671041995,1.0771589466411504,0.833822352753235,0.2433365938879154,,23.629200510432625,51.55649076610888,6.603995400000002,40.983269472999424,19.00767287765203,21.975596595347394,222.7699965,213.555,218.16249825,213.555,,216.979996,76.0,32.0,44.0,,229.5052986473139,0.0,0.0,,56.05066911083331,0.4266042769833378,0.2624662971928528,0.31241758902311706,16.18430729749067,48.61856262635103,41.59693328917919,44.85422995801738,-58.40306671082081,4.991764188235322,218.9490423656362,-0.9592106420651629,-14.26634773440696,-17.700543290513856,3.4341955561068964,0.9918250694399777,0.9869387670822682,3.61062186088863
43,2020-08-04,222.169998,222.169998,216.860001,217.160004,210.4095,276600,-223229.01461347914,1523500,0.1320044180719129,-23194.77216627318,61.44566332093135,-2303.6949728801546,815.4951594184843,-1514.6065258691951,1055.9291281589194,220.6747732445369,5.652207806460195,216.68799975000002,230.85999843021798,202.51600106978205,13.08055701891075,0.5166527058268365,0.0,0.0,220.25333306666667,225.26933176666665,215.23733436666666,4.554753955511534,0.19165372125528352,0.0,0.0,195.690002,231.419998,213.555,16.48914385716923,0.6008957291794825,1.8866147251814467,2.000392227546172,2.151190302746963,-0.15079807520079136,220.11416758333334,213.73230742307695,218.43180687663533,216.43141464908916,17.614867766206768,24.85976260044437,18.69230568679849,1.0042185753566735,0.9222253844814333,0.08199319087524015,0.1803477987398904,23.66417098540668,26.312521950845976,3.1620062499999904,42.39317011215651,25.751814479197346,16.641355632959165,222.7699965,213.555,218.16249825,213.555,,214.96999399999999,72.0,28.000000000000004,44.0,,228.88988650142136,0.0,0.0,,51.04822382431153,0.041610334210543935,0.236475168148118,0.261074278074328,14.710586016968913,46.050617396390074,17.57230331116126,35.674077382428464,-82.42769668883874,5.286058832352921,218.91589344171996,-2.452605840728728,-12.404967786173076,-16.6414281896457,4.236460403472625,-1.7197695870818874,-1.7347293884075299,1.8287578971386553
44,2020-08-05,220.330002,222.789993,218.119995,219.119995,212.308563,368700,-434027.4480603464,1892200,0.06586673066658932,83354.29267176596,62.1416355289374,1190.6082004369428,-294.35373047278017,-1429.15810433238,1055.9291281589194,220.48035740546553,5.649985925814178,217.4234993,230.45096231056735,204.39603628943266,11.983491253254194,0.5651122823616486,0.0,0.0,219.9913325,225.03833100000003,214.94433400000003,4.588361225549648,0.41367765415424257,0.0,0.0,195.690002,231.419998,213.555,16.433364431643106,0.655751346851536,1.9747627590756909,1.9071132233809465,2.10237488687376,-0.1952616634928135,220.0533333333333,214.37038419230768,218.5376819725376,216.63056874915665,17.47829536689172,23.92572088166885,17.43146265905294,0.9679274479165687,0.996218849528239,-0.02829140161167032,0.17569167230862232,23.722793900795082,37.08278348349168,3.1565027000000043,42.40730669973174,30.931076824023656,11.476229875708086,222.7699965,213.555,218.16249825,213.555,,214.96999399999999,68.0,24.0,44.0,,228.29909084136452,0.0,0.0,,53.360350604659914,0.2310983952104085,0.23310433546809675,0.24401526693635586,14.092367471301165,44.27667319789571,28.9017290921857,29.356988564175385,-71.0982709078143,5.557763602941179,218.92160252299266,-0.3320495701965179,-8.039721161403495,-14.92108678399726,6.881365622593766,0.9025561631505585,0.8985074679427107,2.7478196273989397
45,2020-08-06,218.509995,226.779999,216.520004,223.660004,216.707443,439100,-261982.12099147495,2331300,0.12102514019960421,356234.8154186564,70.33731845614382,2792.2502789711984,-107.71030617217227,12425.561363373568,1055.9291281589194,220.62475210338266,6.110986833232761,218.7034996,228.49895523387963,208.90804396612035,8.957749328927193,0.753000196481769,0.0,0.0,219.90933276666664,225.62833146666668,214.19033406666668,5.201233279233406,0.8279132790617094,0.0,0.0,197.369995,231.419998,214.3949965,15.569025215543467,0.7721000494478663,1.974366992303421,2.174463858597562,2.1167926812185205,0.057671177379041705,220.31000016666664,215.04192292307692,219.3257315152241,217.15126765662654,18.018025732296458,25.674987608808042,15.393650891532568,0.9125926595676608,0.9098693795096803,0.002723280057980504,0.1744283825329014,23.986807811892643,67.10822311719961,5.106498400000021,41.79054603814291,34.70469825514891,7.085847782993994,220.449997,213.555,217.0024985,213.555,,214.96999399999999,64.0,20.0,44.0,,227.73192700770994,0.0,0.0,,58.276359948235815,0.6351326231774522,0.3026137841994682,0.2573977626052277,14.917512612347075,51.648742562101,55.14455113100267,33.87286117811655,-44.85544886899733,6.404999482352935,218.94901940819136,1.3963196899417831,-2.7106356996076926,-12.478996567119347,9.768360867511655,2.071928214492691,2.0507557348055094,4.876680692035085
46,2020-08-07,221.490005,232.550003,221.490005,232.190002,224.972275,318600,35877.1304839768,2649900,0.11870907403172519,693580.8936159915,76.19982011012941,18641.62489328155,1460.717916529901,21248.678756199944,1096.200402370903,221.34379677005467,6.6058879499094845,219.97350004999998,229.84721100377496,210.099789096225,8.97718220743015,1.1186378154674117,1.0,0.0,220.23433323333333,226.02233223333332,214.44633423333335,5.256218605904403,1.532798102303291,1.0,0.0,203.490005,232.550003,218.020004,13.210681283606737,0.9876118023132688,1.9355996102263253,3.0396020729855593,2.3013545595719282,0.738247513413631,221.00833383333335,216.13038457692306,221.30485005134346,218.2652479783579,19.3065970170745,28.841043928876392,13.554168261477912,0.998087349475196,0.8335725511466987,0.16451479832849725,0.18292162093710673,24.292615159328104,182.95124661608128,3.086497950000023,43.68149162295488,37.57514489403594,6.106346728918943,223.33499899999998,214.1200025,218.72750075,214.1200025,,214.96999399999999,100.0,16.0,84.0,214.119995,,1.0,0.0,,65.61065288943976,1.0,0.622077006129287,0.38593170859895065,17.979470722657744,58.23783915565283,98.04665847133647,60.69764623150828,-1.9533415286635298,8.126883114705919,219.43342252153425,3.744249173354617,-1.8898858897881423,-10.361174431653108,8.471288541864965,3.813823592706367,3.7428951143579248,8.876492283515237
47,2020-08-10,231.869995,235.0,231.220001,231.880005,224.671921,210100,-100854.15148196922,2439800,0.08773004893258157,585193.5702851362,75.87131964075813,10956.773288911716,2146.9557583454034,11870.337340241698,1094.7368646078355,222.02508147754048,6.323299054918537,221.18350064999998,230.6577114930143,211.70928980698568,8.566833253992362,1.0645063492484423,1.0,0.0,221.40700016666665,227.09099836666664,215.72300196666666,5.134434047452245,1.4212709491475015,1.0,0.0,207.199997,235.0,221.0999985,12.568750796647638,0.887769976139931,1.912246361222603,3.658048468041841,2.5726933412659108,1.08535512677593,221.74333441666667,217.32000026923077,222.9317969665214,219.27374849847956,20.7908859287088,30.3565844877424,12.983143129436003,1.1024077266296446,0.814109504903344,0.2882982217263006,0.19687189125185875,24.490279541383618,248.20350653640546,2.8264943500000186,48.58685029231979,40.21025447983892,8.376595812480865,224.5599975,215.345001,219.95249925000002,215.345001,,214.96999399999999,96.0,12.0,84.0,214.48859516,,0.0,0.0,,65.16235563105627,0.9703175253507019,0.8684833828427182,0.5977247243904911,20.23712674530132,57.68077704764189,85.0574987889132,79.41623613041746,-14.942501211086812,10.017941311764702,220.2116503233314,3.9540962427516937,-4.170268332923099,-9.122993211907106,4.952724878984007,-0.1335100552692925,-0.1335992593500812,8.73113121849225
48,2020-08-11,236.050003,237.039993,228.0,228.270004,221.174149,252100,-337894.84592719725,2187700,0.0073974046265043135,371582.88137297356,69.19578524247832,-2115.6810908258412,1850.30066002111,-4205.298625068666,1094.7368646078355,222.60655237750487,6.594968449426685,222.02500074999998,230.8558973172853,213.19410418271465,7.954866828018982,0.8535882909746151,0.0,0.0,222.73866673333333,228.84666393333333,216.63066953333333,5.484451612806502,0.9527946792990236,0.0,0.0,213.509995,237.039993,225.274994,10.59790470465746,0.6272847537003613,1.9647585682371558,3.812921792168055,2.82073903144634,0.9921827607217151,222.09833516666666,218.1769233076923,223.75305958705655,219.9401377948885,21.3499049898828,27.38519686396541,15.198853973658755,1.0519453152027876,0.8142227091807566,0.237722606022031,0.21013733572015736,24.79770006235975,187.92840633356798,-1.2249977499999716,53.3137131415631,42.7311718188599,10.5825413227032,225.579994,216.36499750000002,220.97249575,216.36499750000002,,214.96999399999999,92.0,8.0,84.0,215.30905135359998,,0.0,0.0,,60.019344262342564,0.6297905608910894,0.8667026954139304,0.7857543614619785,20.575692306674924,47.77604733275124,61.73651934873641,81.61355886966203,-38.26348065126359,12.088940814705893,220.79727854273577,1.9017048770524712,-4.803216770960968,-8.259037923717878,3.4558211527569105,-1.5568401423831313,-1.5690861654759303,7.038361320415487
49,2020-08-12,231.75,232.350006,227.279999,227.720001,220.64122,140500,-454008.1809778199,2047200,-0.046727939171673574,307460.26667683444,64.84905508020168,-9761.095028439862,1003.6464883605915,-4263.320393769334,1092.0991612337868,222.82782131651538,6.442472304484016,222.49650115,231.4849399835394,213.5080623164606,8.079622634137221,0.7905676918281442,0.0,0.0,223.7310002,230.0079991,217.4540013,5.611201750663795,0.8177474509355095,0.0,0.0,214.119995,237.039993,225.579994,10.301284686067083,0.5933685509047599,2.029035061872384,3.846934307740838,3.0259780867052397,0.8209562210355985,222.6750016666667,219.1000002307692,224.36335826597093,220.5164239582301,21.69137041077011,25.85656675108619,15.143164432263262,1.025752651614688,0.8778149829196702,0.1479376686950178,0.22142186526847982,25.017198559571916,124.92250601927323,-6.176494149999996,54.929693779173306,45.046533144287004,9.883160634886302,225.86999500000002,216.36499750000002,221.11749625000002,216.36499750000002,,214.96999399999999,88.0,4.0,84.0,216.61290785238398,,0.0,0.0,,59.25204204981941,0.578986260740572,0.7263647823274545,0.8205169535280343,20.62337032617896,44.62279546822168,59.33685509047599,68.71029107604187,-40.66314490952401,13.322707308823567,221.1049665405101,3.1340570226350914,-8.563921691043763,-8.320014677183057,-0.24390701386070646,-0.24094405325371104,-0.24123479054107833,6.780458754113727
50,2020-08-13,226.449997,227.839996,224.860001,225.259995,218.257675,176600,-583199.4166006994,1870600,-0.09456627764962801,201474.93435157256,58.621282021434496,-5846.939181755373,-181.33046198569133,-2246.294960130745,1092.0991612337868,222.76354476101287,6.096224574035615,222.6045006,231.67091737679118,213.5380838232088,8.145762329471237,0.6464467421571507,0.0,0.0,224.6996668333333,230.8176645333333,218.58166913333335,5.445488892992337,0.5457934273713997,0.0,0.0,214.119995,237.039993,225.579994,10.296286884686653,0.4860384368270889,2.180199338213695,3.633502787944707,3.1474830269531333,0.4860197609915735,223.42000066666665,219.90192296153845,224.5013023788985,220.86779959095378,21.419179519275932,24.974159468640995,17.397763852516476,1.00303748147536,1.0002432147737341,0.0027942667016258582,0.2281983417952453,25.01260533748064,58.13603522822435,-2.6644986000000017,55.17040163631699,47.02849364392873,8.141907992388255,226.7799985,216.36499750000002,221.572498,216.36499750000002,,214.96999399999999,84.0,4.0,80.0,217.83853296124096,,0.0,0.0,,55.81502177440667,0.35141568053686456,0.5200641673895087,0.7043772150436313,19.663308531130774,45.98160011907476,48.603843682708884,56.5590727073071,-51.3961563172911,13.642853855882379,221.3539399553175,4.132760591118139,-10.536333807939696,-8.763278503334385,-1.773055304605311,-1.0802766507980066,-1.086154005126172,5.626934390578042
51,2020-08-14,224.190002,228.490005,223.479996,225.279999,218.277084,237300,-649984.4686634797,2107900,-0.12693645102146145,173370.9364727765,58.17221768935329,-770.6039886144415,593.0873791115825,-1886.695364095726,1092.0991612337868,223.06952124680237,5.987603016632053,222.7375008,231.87865867414672,213.59634292585326,8.20800973461109,0.6390687172787364,0.0,0.0,225.52566729999998,231.71666599999998,219.3346686,5.49028301223432,0.4801592350520137,0.0,0.0,214.119995,237.039993,225.579994,10.290138803604652,0.48691121177235724,2.288933305076596,3.42647268225889,3.2032809580142847,0.2231917242446051,223.86500041666667,220.94884607692308,224.62110185906795,221.19462917680906,20.84128257820948,23.520847515423128,17.98825588469718,1.022084108737222,0.9019034229817663,0.12018068575545582,0.2312264271667773,24.88521004891086,48.49037847662863,-6.647504799999979,53.87140729651737,48.460508957652955,5.410898338864413,226.7799985,217.204994,221.99249625,216.36499750000002,207.79000075,213.4749985,80.0,4.0,76.0,218.9906205635665,,0.0,0.0,,55.837455335785435,0.3529010423240856,0.4277676612005074,0.5580655369724902,18.88921263797537,46.038973629118665,48.69112117723572,52.2106066501402,-51.30887882276428,12.742617655882384,221.51786500360473,2.4279335052474953,-10.111343061476697,-9.03289141496285,-1.078451646513848,0.008880405062594576,0.008880010777989611,5.636314490207139
52,2020-08-17,224.990005,225.759995,221.770004,221.929993,215.031204,207500,-840843.9712287742,1900400,-0.15958538577883957,49299.91054809392,58.43547693857895,-4268.811571079997,668.2936243774911,-3064.536919905102,1075.8591987028558,223.41522350764512,5.787841814968848,222.84150015,231.89580257184787,213.78719772815214,8.126226412722222,0.4496644187739656,0.0,0.0,225.7613332,231.87833140000004,219.644335,5.418995461531064,0.18682840220551147,0.0,0.0,214.119995,237.039993,225.579994,10.28533643175621,0.3407503787740296,2.406689434336165,2.957984540399508,3.1542216744913296,-0.19623713409182164,224.35166683333333,221.53115376923077,224.207085111519,221.2491005711195,19.90797098475083,22.402731097564306,19.170449455916046,1.0324093801496865,0.9031424573785694,0.12926692277111718,0.22813241870621184,24.71180458811543,0.6641173915580807,-4.051507149999992,52.12968217007573,49.542343630755084,2.5873385393206476,226.7799985,220.264999,223.52249875,216.36499750000002,207.79000075,213.4749985,76.0,4.0,72.0,220.0735829097525,,0.0,0.0,,51.1535038500858,0.04276916301223612,0.24902862862439543,0.39895348573813716,16.874464601006817,40.15449967774784,34.075037877402956,43.790000912449194,-65.92496212259704,10.271999970588269,221.52081235780142,2.7025762914077625,-10.639133296146786,-9.354139791199637,-1.284993504947149,-1.4870410222258656,-1.4982083237597088,4.065459159370222
53,2020-08-18,221.75,222.880005,220.279999,220.720001,213.858841,231800,-994188.4110492992,1668600,-0.17811982682075406,2189.045384080513,52.71901279984091,-2450.8225237208812,452.2449450428703,-4349.414719174948,1075.8591987028558,223.48569658881436,5.469058233471964,222.8485001,231.896012095089,213.800988104911,8.119876948715435,0.3823710263575582,0.0,0.0,226.01766659999998,231.8636657,220.17166749999996,5.17304614983582,0.046898185461578173,0.0,0.0,214.119995,237.039993,225.579994,10.285013356479853,0.2879584020906111,2.701744351726563,2.460702622527947,3.015517864098653,-0.5548152415707062,224.51250083333332,222.03269253846153,223.67061063282378,221.20990801029583,18.702881694429095,21.679510723781657,20.40162409913693,1.011815022932195,0.9424333572930339,0.06938166563916104,0.21955682702544965,24.546745537239286,-33.22163887424928,-1.8884931000000051,52.64839886706836,50.68024276045916,1.9681561066092002,226.7799985,222.11999500000002,224.44999675000003,216.36499750000002,208.4275015,213.4749985,72.0,48.0,24.0,,237.039993,0.0,1.0,,49.53713939502121,0.0,0.13189006844544057,0.2695621194234478,14.729384020798019,26.56272795300497,28.795840209061108,37.18733308789994,-71.20415979093889,7.585177335294105,221.50390862862426,0.8821280962333531,-10.164762000012347,-9.51626423296218,-0.6484977670501664,-0.5452133727594011,-0.5467050853502187,3.4980803596098786
54,2020-08-19,220.759995,221.779999,216.789993,217.309998,210.554825,234500,-1179814.2523809532,1434100,-0.24849362635665995,-112358.77588507347,51.931273097170774,-4883.622051188056,540.1608911297774,-4886.701027365372,1075.8591987028558,223.52874526028123,5.421153010124767,222.5235001,231.87149875004695,213.17550144995306,8.401808030024732,0.22114340752638978,0.0,0.0,225.87933349999997,231.75733339999996,220.0013336,5.2045486489803,-0.22893294026765912,0.0,1.0,214.119995,237.039993,225.579994,10.300034823153503,0.13917989870679812,3.056155681220766,1.7710290558476345,2.76662010244845,-0.9955910466008153,224.20833341666665,222.25846161538462,222.6920548431586,220.92102578731095,17.884751268142015,20.32345180606487,23.500256869323312,1.0217198962834744,0.9485585033807958,0.07316139290267853,0.20421330728125453,24.431497391899164,-74.09195410975985,-5.36349610000002,51.19023990074085,51.72465318963671,-0.5344132888958626,226.914993,225.274994,226.0949935,216.36499750000002,208.6274985,213.4749985,68.0,44.0,24.0,,236.70479312,0.0,0.0,,45.20222374953999,0.0,0.014256387670745373,0.13172502824686047,11.577173673612386,25.082150077725764,11.683086245852548,24.85132144410554,-88.31691375414745,5.0840290500000265,221.45902174851867,-1.651886714503943,-9.594128270749486,-9.531837040519642,-0.062291230229844174,-1.544945172413259,-1.5570038111454743,1.8990917635536952
55,2020-08-20,214.429993,217.0,213.899994,216.360001,209.634369,211900,-1055408.139876653,1222200,-0.21987100778987212,-125065.28851577715,45.913904802124726,-5610.4388437914395,84.0278909231588,-4549.242967216645,1071.155949793019,223.4743137083219,5.220038109112292,222.18850025,231.90839517716245,212.46860532283756,8.74923312072938,0.20017683865531644,0.0,0.0,225.22266643333333,230.38466743333333,220.06066543333333,4.583908965954786,-0.35845251030882336,0.0,1.0,213.899994,237.039993,225.4699935,10.414579950791138,0.10630972801684291,3.503183006944752,1.134720614079896,2.440240204774739,-1.3055195906948431,224.1416665,222.18423115384618,221.7178927134419,220.583172099362,17.666628722631657,19.429076608227263,26.195704090170945,0.9734139173029637,1.0091190230771299,-0.03570510577416619,0.1837902356813786,24.187098978695673,-109.39123708132904,-3.0685052500000154,48.47593000536781,52.25736856546037,-3.7814385600925604,225.4699935,225.4699935,225.4699935,216.36499750000002,210.032501,213.4749985,64.0,40.0,24.0,,235.9082011152,0.0,0.0,,44.045827546306704,0.0,0.0,0.04871548537206199,8.616264477784908,30.469255577397693,10.63097280168429,17.036633085532653,-89.3690271983157,2.57667588235293,221.1537826068663,-0.3683933437392898,-9.796371249976604,-9.584743882411034,-0.2116273675655691,-0.4371621226557654,-0.43812047030504786,1.453627531033197
56,2020-08-21,216.259995,217.279999,213.210007,213.809998,207.16362,388100,-1329082.1129458847,834100,-0.2448899557900714,-248578.2707706663,36.51902920668176,-214.97653698737426,-331.8163662630006,-5500.464488202826,1071.155949793019,222.79631616784897,5.105033498201065,221.6785004,232.01350157914231,211.34349922085767,9.324315312936251,0.1193274551395373,0.0,0.0,223.82499956666666,228.28799996666666,219.36199916666664,3.9879373694989786,-0.6220032118601885,0.0,1.0,213.210007,237.039993,225.125,10.749795743385505,0.025177983738639904,4.076240135929493,0.41983802734924325,2.03615976928964,-1.6163217419403968,223.69916675000002,221.82692315384614,220.50129352675853,220.0814554994093,17.589317432649594,18.38891293515738,25.70088423208965,0.9169690469224335,1.058678952265545,-0.14170990534311156,0.15824014792911129,24.03606626970234,-113.56596098381856,1.9815035999999964,41.45142517137087,51.464543552021595,-10.013118380650724,225.125,225.125,225.125,216.36499750000002,211.21499999999997,213.4749985,60.0,100.0,-40.0,,234.587708688288,0.0,0.0,,41.01284511134519,0.0,0.0,0.004752129223581791,5.163399963838644,30.31766228543353,2.5177983738639904,8.277285807133614,-97.48220162613602,0.16602930882353917,217.90267198731988,-2.4233283685498357,-4.148989204911275,-8.497592946911084,4.348603741999809,-1.1785926179580741,-1.1855930797362468,0.2579025663017598
57,2020-08-24,213.789993,219.020004,213.5,218.630005,211.833817,140400,-1208521.1781349673,974500,-0.21972221457324187,-116391.52026057107,41.74566771767604,3990.597250709414,117.77593542196853,-1409.0228231721608,1095.3034603135234,222.88570119164885,5.146530548380959,221.57000050000002,231.9848684187053,211.15513258129474,9.400972961324051,0.3588558432546357,0.0,0.0,222.2599996666667,226.8970005666667,217.62299876666665,4.172591475708033,0.10858378670288298,0.0,0.0,213.210007,237.039993,225.125,10.755059776244401,0.2274444475124751,4.287653830247533,0.23946233657909488,1.6768202827475311,-1.4373579461684363,223.2800001666667,221.673462,220.21340298418028,219.97394064760118,17.07662848188269,19.341364913776392,23.836949431137768,0.9401887260336481,1.0242863362800156,-0.08409761024636753,0.1343905788636335,24.009881678355452,-72.14056348892015,10.620001499999972,36.04183786516864,49.54544629908888,-13.503608433920242,222.7800065,225.125,223.95250325,216.36499750000002,211.21499999999997,213.4749985,56.00000000000001,96.0,-39.99999999999999,,232.87749255322495,0.0,0.0,,48.264621629618695,0.2948139356032991,0.09827131186776637,0.03275710395592212,4.074542289391666,39.98929397129384,22.74444475124751,11.964405308931935,-77.25555524875249,-1.6987937941176767,218.0264117509276,-2.2489488107135935,-7.582111726220822,-8.314496702773033,0.7323849765522104,2.2543412586346845,2.229306533069497,2.51805782889567
58,2020-08-25,221.25,221.839996,218.600006,218.839996,212.037277,216100,-1392607.5984634245,1190600,-0.21508531731576358,-93281.43806620371,39.1654582517362,5937.231448408172,456.8204531341992,3372.6560934232257,1095.3034603135234,222.99872737595217,4.955876493542863,221.69599995,231.9128521502851,211.47914774971488,9.21699282133133,0.36023072987586746,0.0,0.0,221.12566636666665,225.1826669666667,217.06866576666667,3.6694072349545914,0.21830539454854167,0.0,0.0,213.210007,237.039993,225.125,10.748947209410407,0.23625649633197512,4.51717661038979,0.11216485421985567,1.3638891970419962,-1.2517243428221405,222.16749966666666,221.63461546153846,220.0021096019987,219.88994474777886,15.933427565114453,22.308697490038355,22.792094839201578,1.0022662360027808,1.0085310463055386,-0.006264810302757828,0.11263298889235242,23.99712331868622,-33.35432410784003,10.184005050000025,32.954960453127235,47.10380926286153,-14.148848809734297,220.850006,225.125,222.987503,216.36499750000002,211.21499999999997,213.4749985,52.0,92.0,-40.0,,231.30409370896695,0.0,0.0,,48.561319533227554,0.3068759008924612,0.20056327883192013,0.09961153023322883,3.270576602366546,37.55372289630412,23.62564963319751,16.295964252769675,-76.37435036680249,-2.460499905882301,218.1290955202238,-5.749604153929065,-7.829623845819874,-8.217522131382403,0.38789828556252814,0.09604857302181191,0.09600247589460764,2.616524960529998
59,2020-08-26,218.039993,218.339996,215.910004,216.970001,210.225403,181300,-1415736.3319736586,1009300,-0.24305303081587187,-128388.38884246077,28.494200938988882,-4148.277810254886,-38.931553239092636,-1341.6535269226029,1085.9440560377666,222.75204957206262,4.753288044188579,221.5474999,231.94683484402742,211.14816495597256,9.387905481868568,0.27991386350004266,0.0,0.0,219.92133286666666,223.71433196666666,216.12833376666669,3.4494144342964663,0.1109500966310951,0.0,0.0,213.210007,237.039993,225.125,10.756152071567575,0.15778414641116462,4.844818255255973,-0.13802126277639104,1.0635071050783187,-1.2015283678547097,220.92499933333332,221.4957692692308,219.53563135553736,219.67365261831375,15.436843532851066,21.39535809918932,25.61772076844505,0.9867044144461777,1.1127198489891839,-0.12601543454300612,0.09132488894201468,23.953542022208744,-71.58311335348598,6.722504100000009,28.95625805272019,44.191126642461896,-15.234868589741705,220.850006,225.125,222.987503,216.36499750000002,211.21499999999997,213.4749985,48.0,88.0,-40.0,,229.85656677224958,0.0,0.0,,46.029749719711965,0.20395738732597735,0.26854907460724586,0.18912788843564413,1.8703159162972451,38.8059526774966,15.778414641116461,20.716169675187167,-84.22158535888354,-3.39896973823528,217.96611751863693,-6.430051612255233,-9.143428608546966,-8.402703426815316,-0.7407251817316496,-0.8545033056937212,-0.8581751173218244,1.7396633625542446
60,2020-08-27,216.850006,225.720001,216.850006,221.880005,214.982773,211600,-1387347.9693195643,1220900,-0.23091074899859124,38375.21619217693,25.738431450587328,17438.190096872622,-124.89118155401619,3239.2670554315673,1085.9440560377666,222.0357907464636,5.1649587397697205,221.83700035,231.93037279930908,211.74362790069094,9.09980971017856,0.502130340984442,0.0,0.0,219.4710002,223.85299930000002,215.0890011,3.9932374628144753,0.7748750906863486,0.0,0.0,213.210007,237.039993,225.125,10.742115139675805,0.36382723850530224,4.980031564396893,0.05921809584793891,0.8626493032322428,-0.8034312073843038,220.39249941666665,221.42153876923078,219.89630422391622,219.83708612806828,15.180144843743019,28.67352794887991,22.601048167922105,0.924733156037613,1.091908481869377,-0.16717532583176398,0.07543202180694009,24.138973442554573,-9.512311675550631,5.883000649999985,26.106896331194545,41.10618097964825,-14.999284648453706,219.485001,225.125,222.3050005,216.36499750000002,211.63499825,213.4749985,44.0,84.0,-40.0,,228.5248419904696,0.0,0.0,,52.96339307162255,0.4948567363517863,0.335230008190075,0.2681141205430803,2.6036803429085156,40.5276065940239,36.382723850530226,25.26226270828141,-63.617276149469774,-2.7934391441176274,218.0563851513801,-2.7993161116341807,-9.07100410460944,-8.536363562374142,-0.534640542235298,2.262987499364022,2.237761797752391,4.042019226343885
61,2020-08-28,224.309998,224.309998,219.179993,221.669998,214.779297,190700,-1392923.8014093973,1030200,-0.27844022077530245,27171.851750436865,25.00415978704214,1237.4206921657074,-819.1306527501596,4607.986082647774,1084.9162218560596,221.27404634871763,5.16146336579275,221.98100059999996,231.97809769421994,211.98390350577998,9.007164637692856,0.4844453546330075,0.0,0.0,219.06799983333332,223.46199853333337,214.67400113333332,4.011538612068375,0.7960854502149297,0.0,0.0,213.210007,237.039993,225.125,10.735146672728362,0.35501451826283054,5.039500270861101,0.1963228116265725,0.7293840049111088,-0.5330611932845363,219.88833250000002,221.36807723076922,220.16918018946757,219.972857377841,14.941781775285547,26.714192318661667,21.056660639654297,0.8155573967259739,1.147793651843383,-0.33223625511740895,0.06350530499416117,24.145911298360787,-9.495575367799496,3.2789944000000446,21.346997891003305,37.68588272641798,-16.338884835414675,219.465004,225.125,222.295002,216.36499750000002,213.04999924999998,213.4749985,40.0,80.0,-40.0,,227.29965519123203,0.0,0.0,,52.65182203444777,0.6123682657514452,0.4370607964764029,0.3469466264245746,3.110631508489466,44.472482199674246,35.50145182628305,29.22086343930992,-64.49854817371696,-1.9188815117647096,218.145520744775,-2.6567727794801845,-9.666113865166396,-8.762313622932593,-0.9038002422338032,-0.09464890718747787,-0.09469372754917771,3.943544592130377
62,2020-08-31,221.0,221.679993,217.910004,220.080002,213.238724,288200,-1349349.133844052,742000,-0.2786568770429158,-42172.24809962492,24.81438998450517,-2550.8213879365226,-850.2121025437798,-2247.6982960439673,1084.9162218560596,220.33282428083317,5.022315929213476,221.93700035,231.95939925307974,211.91460144692027,9.031751251277766,0.40735759133328,0.0,0.0,218.74166673333335,223.11366523333336,214.36966823333333,3.9974080524218505,0.6530576081701144,0.0,0.0,213.210007,237.039993,225.125,10.73727497551988,0.28829202837131385,5.098722702786452,0.17466645149158921,0.6184404942272048,-0.4437740427356156,219.45666641666665,221.21692365384618,220.15546046801103,219.98079401651944,14.42697819222657,25.343615883411168,21.70465267838409,0.8314391599803083,1.236278102373685,-0.4048389423933768,0.05320401175551582,24.145084355434758,-38.52868387301917,3.3429986499999984,15.607447460717866,33.570221459045705,-17.96277399832784,219.465004,225.125,222.295002,216.36499750000002,216.43249875,213.555,36.0,76.0,-40.0,,226.17248333593346,0.0,0.0,,50.24194613969154,0.5060036941033437,0.537742898735525,0.436677901134001,2.869876054630526,45.169272348211656,35.89339267990563,35.9258561189063,-64.10660732009437,-1.513646991176472,218.17145267634433,-2.299561890694349,-6.609988416337835,-8.331848581613642,1.7218601652758068,-0.7172806488679573,-0.7198654742321509,3.1979776610235877
63,2020-09-01,217.009995,218.940002,216.210007,217.869995,212.594696,184500,-1309476.7185099584,557500,-0.22491463141802198,-94397.11144253614,24.524161472353043,-3284.8631544878076,-387.62411154720445,-3919.921331466777,1074.0216724970703,219.7765249839381,4.90708383629213,221.9724999,231.9317973942039,212.0132024057961,8.973451665130249,0.2940364316666117,0.0,0.0,218.3796667,222.76466410000003,213.9946693,4.015939273342629,0.4418846063625916,0.0,0.0,213.210007,237.039993,225.125,10.735557787895157,0.19555143674864076,5.148304451833767,-0.020588137804935513,0.49063476782077675,-0.5112229056257123,218.83916608333334,221.10423103846156,219.80385039600935,219.8244385338143,13.561931795412594,23.983343312340555,22.897430522828593,0.7929782115006904,1.1897981305821381,-0.39681991908144776,0.04236479922987071,24.103918889828506,-73.07643967535233,-0.04250690000000645,10.358675815083295,29.033381005083754,-18.67470519000046,219.465004,225.125,222.295002,216.36499750000002,218.00999825,213.555,32.0,72.0,-40.0,,225.1354852290588,0.0,0.0,,47.02050040193964,0.4052487856098956,0.5078735818215615,0.49422575901116317,1.7520443877333691,47.93408948907609,30.49730765671564,33.96405072096811,-69.50269234328435,-2.07705821764705,218.1655426816586,-3.289241846987053,-7.7432452357834025,-8.214127912447594,0.4708826766641918,-1.0041834696093876,-1.0092594015146616,2.16168062838038
64,2020-09-02,216.350006,219.300003,214.940002,217.910004,212.633743,294900,-1202609.1089153753,852400,-0.16160933194310703,-79226.28779360252,23.683172730120006,-672.7057222794084,-18.03600729892122,-1798.5639396687725,1074.0216724970703,219.21654552472967,4.852375552662918,221.91200034999997,231.954230358442,211.86977034155794,9.050641689141111,0.30074165067740466,0.0,0.0,218.255334,222.57733090000002,213.93333709999996,3.9604960124365443,0.46004971683343854,0.0,0.0,213.210007,237.039993,225.125,10.738484607599105,0.1972303718516659,5.160738703929278,-0.1701391563386494,0.3584799829888915,-0.5286191393275409,218.50416699999997,221.16538476923077,219.5124894120079,219.68262856834656,12.711976299793692,22.517021883206898,23.27839582447396,0.8162244031851107,1.1067033231989922,-0.29047892001388154,0.03158578130419343,24.134463223028018,-73.76141565095067,-1.1919993499999748,7.066039514378865,24.432282061640535,-17.36624254726167,219.465004,225.125,222.295002,216.36499750000002,218.66249825,213.555,28.000000000000004,68.0,-40.0,,224.18144697073407,0.0,0.0,,47.08664561072211,0.4097106370704768,0.4403210389279053,0.49531250649499725,0.8491941110437847,46.382048678568694,30.759146696223354,32.38328234428155,-69.24085330377666,-1.950263776470564,218.1637747173335,-1.811377067902674,-4.726987474334291,-7.516699824824935,2.7897123504906434,0.018363703547152888,0.018362017625506155,2.1804412965497733
65,2020-09-03,219.990005,222.990005,214.470001,216.0,210.769974,198800,-1330009.189103131,653600,-0.2365246524441713,-122152.36028023035,30.260379981037886,6900.005382294761,529.8646620517361,-1688.3482523828347,1064.6077600887345,218.64175019105113,5.219138397396627,221.52900015,231.85561010706,211.20239019294002,9.323032153864922,0.23229355165971027,0.0,0.0,218.4620010333333,223.3259977333333,213.5980043333333,4.452945296658566,0.2469158404925205,0.0,0.0,213.210007,237.039993,225.125,10.75705031118474,0.11707908682783143,5.148842638460885,-0.43773484144239205,0.19923701810263478,-0.6369718595450269,218.11083358333335,221.01384623076922,218.97210642554515,219.40984126698754,12.472969370772015,24.887339058329104,20.624733297514837,0.8400493770688491,1.0543895114773598,-0.21434013440851074,0.019552535258391353,24.320283457916133,-61.42324482787941,-4.219002149999994,2.7632993358904874,20.133601413253825,-17.370302077363338,219.6100005,225.125,222.36750025,216.36499750000002,218.66249825,213.555,24.0,64.0,-40.0,,223.30373177307536,0.0,0.0,,44.24656071715036,0.2705914085742154,0.3618502770848626,0.43668163261144316,-0.7147738232130882,43.46068112540778,22.23104117709122,27.829165176676742,-77.76895882290879,-2.3784696852940783,218.15154363647244,-2.138456405679337,-5.604912845368245,-7.134342428933597,1.529429583565352,-0.8765104698910453,-0.8803744180866602,1.2848190304046492
66,2020-09-04,219.600006,220.380005,213.979996,215.550003,210.330887,202400,-1433106.3859976977,451200,-0.33391301263420864,-117713.36492591162,30.367686303594823,-4901.200568192914,484.69401940081343,-2164.166669698942,1064.6077600887345,218.2191054492525,5.337225457656965,220.6970002,230.0931838312862,211.30081656871377,8.515008018025812,0.22611235571949825,0.0,0.0,218.64900103333335,223.74599943333334,213.5520026333333,4.662265435388816,0.1959977431684788,0.0,0.0,213.210007,237.039993,225.125,10.797603038738549,0.09819544165909336,5.069244451417873,-0.6782983458234639,0.02372994531741504,-0.702028291140879,217.96416733333334,220.99307726923078,218.4456289754613,219.12392732128475,12.131696156390957,22.7860439779325,19.529780215157025,0.8637708763322546,1.050679556817914,-0.18690868048565934,0.006758838678335461,24.531470739615,-74.48664824465862,-4.33699919999998,-1.7920237728366386,15.929839009031017,-17.721862781867657,219.8499985,225.125,222.48749924999998,216.36499750000002,218.16249825,213.555,20.0,60.0,-40.0,,222.990005,0.0,0.0,,43.579635426587046,0.21478431982982324,0.29836212182483846,0.3668444792792021,-2.2087955245682087,42.23385425164627,18.705012968031898,23.89840028044883,-81.2949870319681,-3.2044099058823576,218.11280879231728,-0.8099006102793316,-6.1319914945091885,-6.933872242048716,0.8018807475395278,-0.2083319444444398,-0.208549257313706,1.0738103974915703
67,2020-09-08,214.880005,214.880005,208.490005,211.550003,206.427734,268200,-1444438.9482512188,183000,-0.30142791689533116,-254154.31279363853,30.129997260804615,-13092.103372483256,-275.397469796499,-5398.699276891176,1064.6077600887345,217.44780101247562,5.509502711891269,219.68050010000002,228.391227354578,210.96977284542203,7.9303600006489505,0.03330549434164818,0.0,0.0,218.1080011666667,223.29199916666667,212.92400316666664,4.753606444761902,-0.13252321535103107,0.0,1.0,208.490005,237.039993,222.764999,12.996141208256477,0.107180360285966,5.049991555816159,-1.178132449303547,-0.21664253360677738,-0.9614899156967696,217.56333416666666,220.71461611538462,217.38476344077495,218.5628958900785,11.912727483587348,20.70886659017863,24.838227510168217,0.8074580942518643,1.0745772829669602,-0.2671191887150959,-0.009561298393552973,24.735240981640775,-149.365360528285,-5.87050210000001,-7.7850555855582915,11.40317056028818,-19.18822614584647,217.105003,222.764999,219.935001,216.36499750000002,218.16249825,213.555,16.0,100.0,-84.0,,222.990005,0.0,0.0,,38.084471443948885,0.0,0.1617919094680129,0.27400143612590466,-5.171918879856207,40.622667962669254,17.75971393144843,19.565256025523855,-82.24028606855157,-4.550232370588276,217.48403802887785,-2.2231456728455123,-4.190624078285905,-6.385222609296155,2.194598531010249,-1.8557179050468386,-1.8731523763906743,-0.8018343993677735
68,2020-09-09,213.460007,216.990005,211.660004,213.589996,208.41832,265200,-1517581.243796752,448200,-0.26388242878191576,-140559.96188026125,37.96037947093563,5305.882343514125,452.4242726822281,-2419.6913611703185,1074.8738548536999,217.08707449094777,5.502552640702142,218.9464997,227.094178850755,210.79882054924502,7.442621062148894,0.17128653442964523,0.0,0.0,217.5400014,222.93300050000002,212.1470023,4.958167753326135,0.13378397374477713,0.0,0.0,208.490005,232.350006,220.4200055,10.897639849320692,0.21374647050517787,4.854482181313534,-1.3935798699867519,-0.4520300008827723,-0.9415498691039796,217.54500066666665,220.43115415384617,216.8009530652711,218.19453293525785,11.237927045914267,21.9802080092064,23.091459599682917,0.8988845843462139,1.028378531031418,-0.1294939466852041,-0.02571733992288403,24.874619801161746,-102.52081439018984,-0.3164946999999927,-13.253233317622412,6.713227074694558,-19.966460392316968,217.105003,222.764999,219.935001,216.36499750000002,218.16249825,213.555,12.0,96.0,-84.0,,221.540005,0.0,0.0,,42.09469675400817,0.2695239218546974,0.1614360805615069,0.20719670395145276,-6.624277240562834,40.33783293595347,29.599490330700117,22.02140574339349,-70.40050966929988,-4.973320708823536,217.27999158838333,-0.10289603014728703,-2.7434854681259533,-5.656875181062115,2.9133897129361617,0.9643077149944501,0.9596879436123196,0.15474116465210574
69,2020-09-10,214.690002,215.190002,207.460007,207.589996,202.563599,205800,-1716459.7034335295,242400,-0.2783305089412472,-296879.9673259382,38.09480193779614,-11268.21428571429,48.29745540202449,-3223.8255785100937,1044.6793548775763,216.72880383932804,5.725296876631928,217.93999945000002,226.46828619330603,209.411712706694,7.826270317360976,-0.10680437709976656,0.0,1.0,216.84066819999998,222.76366760000002,210.9176688,5.462996816203327,-0.28091112080814856,0.0,1.0,207.460007,228.490005,217.975006,9.64944390798933,0.0061811227942115445,4.817542824997943,-2.0251289332572355,-0.766649787357665,-1.2584791458995706,216.62499991666667,220.0630769230769,215.3838827475371,217.40901168079432,11.411345928410855,19.844598891300073,26.12697880264139,0.8915619666531925,0.9920686356779411,-0.10050666902474858,-0.04635706323743741,25.058801313943377,-171.68034243175725,0.8999965499999973,-19.33891742586856,1.6636922127986575,-21.002609638667217,215.88500249999998,222.25,219.06750125,216.36499750000002,218.16249825,213.555,8.0,100.0,-92.0,,220.235005,0.0,0.0,,34.92894287567451,0.0,0.08984130728489914,0.137689765771473,-10.286701119873682,33.593266514156745,0.7118786566962901,16.023694306281623,-99.28812134330371,-5.783643955882354,216.3708538664257,-5.049631225137646,-3.590933452161872,-5.243686835282067,1.6527533831201948,-2.8091203297742506,-2.8493309477292783,-2.6587260306369154
70,2020-09-11,207.820007,209.039993,205.970001,206.339996,201.343887,241000,-1899369.131862005,1400,-0.2861114115171743,-297504.25770794705,40.00175102023304,-4866.137952257268,-283.92835997439647,-7232.347469036743,1044.6793548775763,216.22541419745772,5.4597663889687365,216.99399950000003,226.23237382625717,207.75562517374289,8.514866169151505,-0.07661679012720861,0.0,1.0,215.4040008,220.7469999,210.0610017,4.960909806834005,-0.34821320669883493,0.0,1.0,205.970001,228.490005,217.230003,10.37816900554432,0.01642961519900339,4.7155756068041885,-2.5965690377197745,-1.132633637430087,-1.4639354002896876,215.58333325,219.5715385,213.9925155556083,216.58908459332807,11.831557695351227,19.05284095609823,27.02099292262629,0.8795944079599242,1.0766698619869055,-0.19707545402698134,-0.0701530439568174,24.955563586516448,-209.8051382775435,-0.02399850000003312,-27.647002964906054,-3.78008566008016,-23.866917304825893,214.480003,221.504997,217.9925,216.36499750000002,218.16249825,213.555,4.0,100.0,-96.0,,218.70200524,0.0,0.0,,33.64399500804173,0.0,0.08984130728489914,0.11370623171043508,-13.678328632669398,32.092093127990694,1.8733924050633781,10.728253797486602,-98.12660759493662,-7.4777626999999995,213.45114001943256,-5.711935765160588,-3.021078917567522,-4.799165251739159,1.7780863341716366,-0.602148477328357,-0.6039687019202766,-3.2448650296554638
71,2020-09-14,207.589996,211.919998,207.25,209.699997,204.622528,238900,-1887603.3785576138,240300,-0.26894235079623924,-140331.6153353838,41.71258253513006,4065.971192966075,-278.5445069560635,2439.024042570727,1061.690713533743,215.6942905356172,5.4717899500718605,216.21499939999998,225.1497144217591,207.28028437824085,8.264657906762348,0.13541073307130144,0.0,0.0,214.19433433333333,219.4913327333333,208.8973359333333,4.9459743335290245,0.07576565122869398,0.0,0.0,205.970001,225.759995,215.864998,9.152923735595381,0.18847888483442685,4.685396610477205,-2.7466537231223924,-1.4554376545685481,-1.2912160685538443,214.97749958333335,219.03461515384618,213.3321280855147,216.0787818086371,11.547751324339899,21.41147416739265,25.063611158456244,0.8807425734239804,1.0496249116542358,-0.16888233823025534,-0.09194548409814596,24.712480063306884,-140.0523668690997,5.665005600000029,-31.987878370092083,-9.06845519683682,-22.91942317325526,214.480003,221.504997,217.9925,216.36499750000002,217.0024985,213.555,4.0,96.0,-92.0,,216.9195246464,0.0,0.0,0.0,40.030251678545504,0.3305618865290927,0.11018729550969757,0.09662330335983195,-14.655262025473792,31.765833720598824,18.88605569620253,7.1571089193207404,-81.11394430379747,-8.659263044117665,212.90960797343763,-3.3506954724123363,-2.611582045866585,-4.361648610564645,1.7500665646980598,1.62838085932695,1.6152649314973289,-1.669322931382422
72,2020-09-15,210.110001,211.220001,205.389999,206.119995,201.129196,172500,-2016904.659243281,67800,-0.2575240185719774,-208505.7195731863,35.407055064613104,-4326.027089853931,-1011.6344025462138,945.278869428158,1043.565511186543,214.96945272515904,5.507611155064675,215.4244995,224.9732776705328,205.87572132946718,8.865080984470676,0.012790833872684659,0.0,0.0,212.96300086666665,218.46600056666665,207.4600011666667,5.1680335810494435,-0.12175233869872075,0.0,1.0,205.389999,225.720001,215.555,9.437181958034447,0.03590732553789221,4.816156062697095,-3.118524747604539,-1.7880550731757463,-1.3304696744287927,213.6641654166667,218.03192257692308,212.22256914928167,215.3410938968862,11.632956705103172,19.79781940158561,25.579126690649574,0.7960795077076204,1.0927952362921274,-0.296715728584507,-0.11449187797499025,24.628044932290567,-152.48223054892287,6.2454984999999965,-37.88013211515114,-14.428322744640647,-23.451809370510496,214.190002,221.21499599999999,217.702499,216.36499750000002,218.72750075,214.1200025,4.0,100.0,-96.0,,215.386591335904,0.0,0.0,0.0,36.04926191050885,0.12450009542488336,0.15168732731799203,0.11723864337086291,-16.77474922757553,31.396631595790314,3.5907325537892203,8.116726885018384,-96.40926744621078,-9.034822970588237,211.80733623597064,-7.102942872206993,-4.55847357179255,-4.4010136028102265,-0.15745996898232395,-1.7072017411616902,-1.7219424399413263,-3.3480259623939412
73,2020-09-16,206.889999,210.380005,205.410004,206.279999,201.285324,232200,-2167811.782642249,300000,-0.2569678077581339,-173411.6269484449,34.952333831972894,-877.5529909541253,-778.0112011675881,-2764.6739752618755,1043.565511186543,214.29678005362715,5.4538501395582095,214.70249940000002,224.71299082769943,204.69200797230062,9.324988256470577,0.07931633722323349,0.0,0.0,211.93133433333338,217.65833463333334,206.2043340333333,5.404580986587267,0.0066059859178541425,0.0,0.0,205.389999,225.720001,215.555,9.46891724913008,0.04377766416353596,4.8638600020062706,-3.3615740944482866,-2.1027588774302544,-1.2588152170180322,212.38166550000003,217.04730696153848,211.30832758785374,214.66990168230203,11.712075987240498,18.516671048055784,23.923860755562202,0.8346153268753512,1.0636475016932387,-0.2290321748178875,-0.1362464385009474,24.479392323327218,-133.2996847609293,5.3775025999999855,-42.84971392114664,-19.97451757081015,-22.875196350336488,214.190002,221.21499599999999,217.702499,216.36499750000002,219.95249925000002,215.345001,4.0,96.0,-92.0,,213.78713656215936,0.0,0.0,0.0,36.353915769736254,0.1402694200293447,0.1984438006611069,0.1534394744962655,-18.36474647263285,30.218121127375383,4.377766416353596,8.951518222115121,-95.6222335836464,-9.999499573529448,211.0476000811361,-6.942752352079684,-3.968802307694951,-4.314571343787171,0.3457690360922201,0.07762662714989599,0.07759651326688655,-3.2729982948747627
74,2020-09-17,204.399994,206.860001,202.389999,204.960007,199.997284,245500,-2131013.491053119,54500,-0.20776707847454573,-194932.54252723895,27.96840320920151,-5953.941611001656,-2448.8777517300364,-1390.7129533895575,1043.565511186543,213.09891001396804,5.355465325602391,214.08499984999997,224.86962491024448,203.30037478975547,10.075087061495038,0.07694436296920726,0.0,0.0,210.66666760000004,216.404668,204.92866719999998,5.447468710042863,0.002730899077665801,0.0,0.0,202.389999,225.720001,214.055,10.897541638296154,0.11015892754745588,5.136886636584163,-3.618987342323635,-2.4060045704089306,-1.2129827719147044,211.12166591666667,216.1507686153846,210.3316628820301,213.95065022435372,12.35102217709695,17.424529215753328,26.49768212541958,0.7730969726941069,1.2103674229803445,-0.43727045028623757,-0.15748648329806136,24.384851513202612,-149.10731420543175,3.7849951500000145,-46.81836505161544,-25.48359139164414,-21.334773659971297,211.385002,217.3700025,214.37750225,216.36499750000002,220.97249575,216.36499750000002,8.0,100.0,-92.0,,212.44359455221385,0.0,0.0,0.0,34.8777513198843,0.06490780403928398,0.10989243983117068,0.15334118927008986,-20.124200773668825,29.59267100116859,11.724489585971236,6.564329518704692,-88.27551041402877,-10.993029929411762,210.1288727874874,-6.870226673298566,-2.997022384897595,-4.051061552009256,1.054039167111661,-0.6399030475077727,-0.641959203354947,-3.891957326548756
75,2020-09-18,204.25,206.539993,200.429993,201.350006,196.474716,366700,-2387281.816061301,-312200,-0.2814015795868683,-356197.5174090611,20.851222692864383,-1899.4935287701112,-2672.9430532254523,-8029.721356576355,1043.565511186543,211.50397606549578,5.430918793042153,213.3345001,225.39501525551725,201.27398494448278,11.306671119639722,0.0031516504285662252,0.0,0.0,209.16200046666668,214.65900046666667,203.66500046666664,5.256212875890952,-0.2105688981868862,0.0,1.0,200.429993,225.720001,213.074997,11.85462641445494,0.03637851755523413,5.564530795084289,-4.067399655133983,-2.738283587353941,-1.3291160677800415,209.7450001666667,215.13653803846154,208.9498695155639,213.0172691706979,13.282272673377188,16.032537733530177,26.94352893695424,0.7203938165736018,1.1935735106062204,-0.4731796940326186,-0.18043296356880953,24.431978186561135,-148.39114813737098,4.575503899999973,-52.076320946618395,-31.070735522064336,-21.00558542455406,208.70999899999998,214.45999899999998,211.58499899999998,216.36499750000002,221.11749625000002,216.36499750000002,4.0,100.0,-96.0,,210.63394735281537,0.0,0.0,0.0,31.15218142638561,0.0,0.06839240802287623,0.12557621617171794,-22.829226001403295,26.872644337058215,4.078069639324711,6.726775213883189,-95.92193036067529,-11.404236508823544,208.67585558004313,-7.582498452804382,1.8123107537266203,-2.878387090862081,4.690697844588701,-1.7613197095567967,-1.777015520510794,-5.5847272246255075
76,2020-09-21,196.720001,202.5,195.990005,202.309998,197.411453,516100,-1901307.8091534604,203900,-0.1177176910527824,-234533.31903633813,19.754357049335752,-5348.249749088848,-2872.759364736333,-3998.109479558118,1043.565511186543,209.24217991759116,5.538826413737938,212.75950010000003,225.73625761012022,199.78274258987983,12.198522278930842,0.09737622854358045,0.0,0.0,207.52500043333333,213.0329990333333,202.01700183333332,5.308274750992633,0.02659733488918126,0.0,0.0,195.990005,225.720001,210.855003,13.973522209831513,0.2125796787863682,5.81555913971855,-4.295787152006625,-3.049784300284478,-1.2460028517221469,208.4449996666667,214.25384584615387,207.92835082086177,212.2241379728684,14.823817024865475,14.686327574011903,30.407947734734964,0.6903152825404233,1.2045794595740604,-0.5142641770336371,-0.2023895100166915,24.52704723896714,-150.97041522784798,3.240499899999975,-56.43636754442154,-36.47643685082692,-19.95993069359462,206.490005,212.240005,209.365005,216.36499750000002,221.572498,216.36499750000002,4.0,96.0,-92.0,,208.59315648225228,0.0,0.0,0.0,33.19576867817412,0.1282495117593816,0.06438577193288852,0.08089020659564515,-24.456013398887023,38.87530464045396,23.407381481481522,13.069980235592498,-76.59261851851846,-12.840765176470569,207.8143138955955,-7.158921441715902,9.541240147612504,-0.39446164316716414,9.935701790779667,0.4767777359788061,0.4756447507182848,-5.134576224668863
77,2020-09-22,201.949997,206.740005,199.160004,200.110001,195.264725,272300,-2105353.416284645,-68400,-0.1796215101743831,-286608.442474004,26.473812975928595,10313.594882483285,-1901.4409335241119,-500.4453990732927,1032.217377052738,208.2942737037943,5.742943872364146,211.83349990000002,225.6202953918776,198.04670440812245,13.016633817017503,0.07482872263874306,0.0,0.0,206.56133366666668,212.18833236666669,200.93433496666665,5.4482594589367315,-0.07324810352867513,0.0,1.0,195.990005,225.720001,210.855003,14.034605486872756,0.13858044245952858,6.149306907418411,-4.601266721898213,-3.3600807846072254,-1.2411859372909877,207.12083308333334,213.28576900000002,206.72552777149843,211.32679449339665,15.142453003630655,18.615817544347127,27.511304141045084,0.7759176718441871,1.1256725277688617,-0.3497548559246746,-0.22437643492900852,24.707894528456404,-114.46189333548355,3.716503099999983,-61.12522067684005,-41.79554655740665,-19.3296741194334,205.5900035,210.875,208.23250174999998,216.514999,221.99249625,216.36499750000002,32.0,100.0,-68.0,195.990005,,1.0,0.0,0.0,30.929968355674475,0.0,0.0427498372531272,0.05850933906963065,-26.523399060757697,36.353991982237694,15.259244444444498,14.248231855083587,-84.7407555555555,-13.42455854117648,206.8924453105547,-7.356481018518514,8.258184498277616,1.336067585121792,6.922116913155825,-1.0874385951009646,-1.0933944252779604,-6.166179456207899
78,2020-09-23,200.199997,201.710007,195.929993,197.100006,192.327621,240400,-2248428.0031628073,-308800,-0.170577295044922,-349036.20754914643,27.047881406306956,-9929.90175959358,-2562.6692219036954,-6577.1204525428675,1016.6910708795555,206.9042549311875,5.74665088512773,210.7465004,225.54333888878736,195.94966191121264,14.042310036658012,0.03887127948510971,0.0,0.0,204.97800036666666,210.6500003666667,199.30600036666664,5.53425244646147,-0.1944635372590462,0.0,1.0,195.929993,225.720001,210.824997,14.135469838625136,0.03927535031209161,6.520602031706878,-5.028280040509628,-3.693720635787706,-1.3345594047219222,205.58333333333334,212.3307695,205.24467826819097,210.2729583087006,15.937415785755977,17.2652245456179,29.569651243347312,0.7566136641689333,1.1869487339432283,-0.43033506977429503,-0.24777863075269566,24.926036456708964,-138.11315763190254,0.8035026000000016,-67.28257421959324,-47.12261953448717,-20.159954685106072,203.9249955,210.824997,207.37499624999998,216.484993,223.52249875,216.36499750000002,28.000000000000004,100.0,-72.0,,206.740005,0.0,1.0,0.0,28.103597238023383,0.0,0.0427498372531272,0.04996181547971431,-29.19125593483339,32.430618688126096,4.323771179406763,14.33013236844427,-95.67622882059324,-14.603236088235292,204.86808887092857,-8.559497445240117,6.261333674010537,2.321120802899541,3.9402128711109956,-1.5041701988697698,-1.5155975750649198,-7.577599821288561
79,2020-09-24,196.699997,201.449997,194.789993,199.669998,194.835373,285400,-2115583.981988046,-23400,-0.1366542967633974,-194391.64692784043,28.313206984885596,-1633.509495451971,-3172.205998885605,105.3127134136098,1016.6910708795555,205.6971928010446,5.837986196614955,209.88150025,225.13747997485083,194.62552052514914,14.537707903439523,0.16532787686633377,0.0,0.0,203.83366646666667,209.39866736666667,198.26866556666667,5.460335376845176,0.1259058586435559,0.0,0.0,194.789993,225.720001,210.254997,14.736891037636838,0.15777574321998186,6.773854897575916,-5.100518691381694,-3.975080246906504,-1.1254384444751904,204.59333291666667,211.52115400000002,204.38703515000773,209.48755384138943,16.84335187045321,15.839263543725155,28.54117677135409,0.7431180835075448,1.238610421248021,-0.4954923377404761,-0.2684150249355275,25.117598364351185,-119.46816787907385,3.7084957500000257,-70.33314272644935,-51.86552395243643,-18.46761877401292,203.3549955,210.254997,206.80499625,215.914993,224.44999675000003,216.36499750000002,24.0,96.0,-72.0,,206.740005,0.0,0.0,0.0,33.676338570249484,0.36008836785787934,0.12002945595262644,0.06850971015296027,-29.787006982565007,39.27901393661205,19.069959795251297,12.884325139700861,-80.9300402047487,-15.212178073529401,204.4573688906722,-5.615695973306137,5.90239220514209,3.037375083348051,2.865017121794039,1.3039025478263966,1.2954749182203962,-6.37250179059603
80,2020-09-25,197.070007,199.509995,196.009995,198.639999,193.830338,196400,-2016822.390216619,-219800,-0.12327890579836949,-195520.24073814906,28.495929137550377,-641.5478615071272,-2867.9450912651914,2708.2071777205015,1011.4464632930171,204.7055191503052,5.620187876953459,208.71949995,223.6802948954518,193.7587050045482,14.335790330118407,0.16313618404801872,0.0,0.0,202.9273331,208.53533480000002,197.3193314,5.52710333726847,0.11774850210904698,0.0,0.0,194.789993,224.309998,209.54999550000002,14.143386222692031,0.13042023536242556,6.985924614771305,-5.18115551823152,-4.216295301171507,-0.9648602170600133,203.34749983333333,210.8030771153846,203.50287574231425,208.68403126054577,17.684578234814925,15.101127477899434,27.211110390560155,0.7536357453077298,1.2364201541252746,-0.4827844088175448,-0.2867844533207436,25.253812825515034,-114.16588188352658,-1.129503949999986,-73.61689522643266,-56.490970269807605,-17.125924956625056,203.004997,210.254997,206.629997,215.914993,226.0949935,216.36499750000002,20.0,92.0,-72.0,,206.26200452,0.0,0.0,0.0,32.58619161686792,0.3203889997153683,0.22682578919108254,0.1298683607989454,-30.597690586047783,43.482316832074574,17.34235999512064,13.578696989926241,-82.65764000487935,-15.4965891735294,204.0103550911453,-6.99939008379401,2.969113843924526,3.0237228354633463,-0.05460899153882037,-0.5158506587454426,-0.5171857616600661,-6.855479856876112
81,2020-09-28,201.759995,204.399994,201.009995,201.600006,196.718643,149100,-2114022.292251988,-70700,-0.1423829580101867,-104540.62867555596,33.59434605887478,11243.154500335631,-1129.7123860638421,1208.6627311222487,1026.5183955651905,204.09545021029172,5.634168589258113,207.71600035,221.72998259928454,193.70201810071546,13.493406599078622,0.28178956412220957,0.0,0.0,202.19866643333333,207.67866823333333,196.7186646333333,5.420413395067386,0.4453777156301932,0.0,0.0,194.789993,222.990005,208.889999,13.576234836258722,0.24148971993345256,7.0360333783261595,-4.949162097464523,-4.36286866043011,-0.5862934370344126,202.848334,210.23538499999998,203.21012655118898,208.1592886486535,17.2089787329309,20.21012296809072,25.219249742154165,0.8606441833840376,1.1254580669151675,-0.2648138835311299,-0.2996705275820334,25.316755642152145,-63.980897284463936,-1.376004349999988,-76.81045786545386,-60.816562019841236,-15.99389584561262,202.584999,210.254997,206.41999800000002,215.914993,225.4699935,216.36499750000002,16.0,88.0,-72.0,,205.8031240592,0.0,0.0,0.0,38.725000502589104,0.7591542932298353,0.47987722026769425,0.27557748847046776,-29.45025529371057,43.43678053380849,30.67571765276524,22.3626791477124,-69.32428234723476,-13.910325891176456,203.80422930718805,-2.8854906861696774,-0.9312030043386744,2.2327376675029424,-3.1639406718416168,1.490136435210121,1.4791429793439725,-5.467499424821797
82,2020-09-29,200.330002,201.949997,197.309998,199.779999,194.942703,185600,-2102022.1696657543,-256300,-0.15169048868814414,-137862.43875047663,26.635083702743543,-7687.490843212795,-2057.8104708300507,546.2314747662012,1026.5183955651905,203.11813659478378,5.5347516303323,206.7010002,219.9030119175551,193.49898848244493,12.774018224179914,0.23788081134646474,0.0,0.0,201.40899973333333,206.77000123333332,196.04799823333332,5.323497467439883,0.3480693641539446,0.0,0.0,194.789993,222.990005,208.889999,13.642900601697228,0.17695049207780467,7.078636661095707,-4.8561859062942005,-4.461532109602929,-0.394653796691272,202.30166758333334,209.69576965384616,202.68241462023684,207.53860052653104,17.4047008480817,19.003355891201217,28.474818931119533,0.772941826870337,1.1863433831306074,-0.4134015562602704,-0.3094292962419855,25.317749245116964,-86.2609985684368,2.9989967999999863,-78.6264352359039,-64.79175327703649,-13.834681958867407,200.824997,210.254997,205.539997,215.914993,225.125,216.36499750000002,12.0,84.0,-72.0,,205.362598816832,0.0,0.0,0.0,36.52276431313234,0.7059118814161256,0.5951517247871098,0.4339515780819621,-29.134214929998198,47.059353294920136,24.46080293395948,24.15962686061513,-75.53919706604051,-13.606974379411781,203.5344951725319,-3.1792173728645463,-2.9568605229678795,1.1948180294087782,-4.151678552376658,-0.9027812231315102,-0.9068809860620419,-6.320921089771192
83,2020-09-30,201.009995,201.75,194.539993,197.539993,192.756943,473700,-2181520.055853659,-730000,-0.16606869748123262,-269752.2106718367,24.88981619044995,-2260.2633745000976,-1414.3854057433225,-6986.858614018833,1026.5183955651905,202.10024824965492,5.702277167299069,205.6845001,218.41224715878724,192.95675304121278,12.375990463646248,0.18004914528934501,0.0,0.0,200.46766566666665,206.05266776666667,194.88266356666668,5.571972997666984,0.23789869598556931,0.0,0.0,194.539993,222.990005,208.764999,13.831869677184288,0.10544811018005902,7.038901914921397,-4.906690099465095,-4.550563707575362,-0.35612639188973283,201.2883339166667,208.88461534615382,201.8912728325081,206.7979629319732,18.014181537515704,17.27701813441876,29.37817692860308,0.7897981057873857,1.167030658621082,-0.37723255283369617,-0.31815329544661125,25.429703812934086,-96.02709886803949,0.4354948999999806,-82.17387332127457,-68.7201430847764,-13.453730236498174,200.639999,210.129997,205.384998,215.789993,223.95250325,216.36499750000002,8.0,80.0,-72.0,,204.9396945841587,0.0,0.0,0.0,33.96278439860659,0.4912682923616845,0.6521114890025485,0.5757134780191174,-29.626514788851587,42.986840275508385,17.26121482703833,24.13257847125436,-82.73878517296167,-12.810504314705895,202.97018806698074,-5.798762123968932,4.488377985207922,1.8535300205686072,2.634847964639315,-1.1212363656083468,-1.127569605437806,-7.371284989479621
84,2020-10-01,197.589996,200.779999,194.75,196.929993,192.161713,346700,-2277538.895508525,-1076700,-0.2027060262484961,-261428.60914728927,24.30506589800602,-660.9118921266281,-1114.012115733991,-6381.900123916253,1023.3485249390699,201.3840718644651,5.735049350569163,204.63549955000002,216.59499896961927,192.67600013038077,11.688587215726077,0.17784995510099108,0.0,0.0,199.74266516666665,205.48366696666668,194.00166336666666,5.748398115354749,0.2550364670965031,0.0,0.0,194.539993,222.990005,208.764999,13.902774475866831,0.08400699444344654,6.9779078738588645,-4.939003184149271,-4.628251602890145,-0.31075158125912683,200.52250041666665,208.04192292307695,201.12799901212222,206.0670021962715,18.580127891990138,15.970319856433,27.15624181779305,0.8185419031438834,1.0967940175386013,-0.27825211439471786,-0.3258031352506528,25.60444152253791,-93.40208448722602,1.6444994499999837,-84.07825294501319,-72.27591330682026,-11.802339638192933,200.639999,210.129997,205.384998,215.789993,222.987503,216.36499750000002,4.0,100.0,-96.0,,204.3157124891092,0.0,0.0,0.0,33.27870783960091,0.4339113392934838,0.5436971710237647,0.5969867949378077,-30.226388115768053,45.99532674041402,13.75143447887379,18.491150746623877,-86.24856552112621,-12.04076815000002,202.4457586058825,-4.458568903031457,6.146651736259626,2.7121543637068113,3.4344973725528147,-0.3087982290249536,-0.3092759945640289,-7.657320821000679
85,2020-10-02,195.300003,199.910004,193.029999,198.660004,193.849838,217500,-2139072.2683040393,-859200,-0.152033801713941,-170327.7517691054,18.128770023843458,-4096.36446666208,-1697.0360914217165,840.1130680516055,1032.3385430567182,200.64604097044523,5.849544915512245,203.76849975,214.78366234857643,192.75333715142355,10.81144790494188,0.2681152818089037,0.0,0.0,199.18533233333332,205.0033346333333,193.36733003333333,5.841797919400672,0.45485320336386464,0.0,0.0,193.029999,220.380005,206.705002,13.422097151206028,0.20585022906393444,6.8930001437409265,-4.770028191418646,-4.656606920595845,-0.11342127082280129,199.88750083333335,207.33769226923076,200.7483074717957,205.51833566321434,19.376070859022956,14.612370990655824,26.972897270436498,0.7959557255353321,1.1520281507521004,-0.3560724252167683,-0.3302361120819845,25.614477053899126,-90.65476003545182,1.1915072500000008,-83.73288926861,-75.30886016506344,-8.424029103546559,199.885002,209.375,204.630001,215.034996,222.987503,216.36499750000002,4.0,96.0,-92.0,,203.72916931976263,0.0,0.0,0.0,37.145421829588535,0.8512834289730592,0.5921543535427425,0.5959876711896852,-29.62958805908088,52.077236916820766,30.951096102133388,20.654581802681843,-69.04890389786661,-11.430678644117648,202.36149808804797,-3.6940057382878004,3.6959692105909028,2.9089173330836298,0.787051877507273,0.8784903577384373,0.8746540823634241,-6.846099288335827
86,2020-10-05,200.679993,204.110001,200.210007,203.979996,199.041016,262200,-1894352.9675051165,-597000,-0.08571126129026253,53276.48454076727,24.381885206220957,8463.377425623623,-783.5071974590343,8932.270309988837,1032.3385430567182,200.48575618475445,5.809590123961024,203.18999939999998,212.7943389827135,193.58565981728646,9.453555402405817,0.54112706517697,0.0,0.0,199.43533236666667,204.99233456666667,193.87833016666667,5.572735918010071,0.9089132476259708,0.0,0.0,193.029999,216.990005,205.010002,11.791921881367944,0.4570114464912905,6.633140393771876,-4.1588942547616625,-4.557064387429008,0.3981701326673459,199.80583324999998,206.64923038461535,201.24549032228867,205.40438457705034,19.017191853247024,18.836087524074557,25.148677545016785,0.8866724818651989,1.0811406463701598,-0.19446816450496096,-0.32680748478643984,25.560595861415067,-10.720752921833805,-1.839993399999969,-81.94971827572687,-77.6226932316064,-4.327025044120461,198.71499649999998,208.66999850000002,203.6924975,215.034996,222.3050005,216.36499750000002,4.0,92.0,-88.0,193.029999,,1.0,0.0,50.0,47.266191417419535,1.0,0.761731589422181,0.6325277046628961,-25.854220029890797,55.763448031393985,63.112352814171885,35.9382944650597,-36.887647185828115,-10.904235700000015,202.38014114948095,-0.4781474270734146,3.005110988947108,2.9281560642563256,0.07695492469078236,2.6779381319251394,2.64270892904932,-4.351495459802479
87,2020-10-06,206.429993,206.490005,199.199997,199.820007,194.981735,184400,-2047386.7895804828,-781400,-0.11381528264294473,-63920.43776505651,24.719646091133214,2708.044257036859,-527.3931083168209,3260.8812324289047,1011.2849247235167,200.14422457972265,5.9576319115649214,202.60349960000002,211.50073784988896,193.70626135011108,8.782906778466074,0.34357547129668237,0.0,0.0,199.41866566666667,204.9466685666667,193.89066276666665,5.544117830213762,0.5363007527848197,0.0,0.0,193.029999,216.990005,205.010002,11.826057322457025,0.2833892445602894,6.396629930310067,-3.964541782967558,-4.4385598665367185,0.47401808356916053,199.6783333333333,205.80884611538463,201.02618519578274,204.9907269787503,18.13313068239943,20.062196374033757,22.91609938823262,0.8775436695374698,1.040580778569052,-0.1630371090315822,-0.32142874810614386,25.610777229793168,-19.396735345099124,-0.29350160000001324,-79.84540637175743,-79.01856347073576,-0.8268429010216778,199.760002,208.010002,203.885002,215.034996,222.295002,216.36499750000002,8.0,88.0,-80.0,193.029999,,0.0,0.0,75.0,41.622415199410696,0.7054795313633948,0.8522543201121513,0.7353800876923583,-24.375806625831093,49.48887113679994,49.09621849656997,47.71988913762508,-50.90378150343003,-9.710205558823532,202.36709793874985,-0.7598703523256928,0.09598465390899939,2.361721782186861,-2.2657371282778613,-2.0394102762900324,-2.060493387620621,-6.302160890513009
88,2020-10-07,200.449997,201.720001,194.869995,198.330002,193.527832,290000,-2044422.9498407792,-1071400,-0.09898574065159084,-116517.72522719114,24.494680921925095,-10747.430293109675,-869.7851570388221,-5923.125931837068,1011.2849247235167,199.7277346528952,6.0468693204084305,201.8404999,209.34677127961888,194.33422852038112,7.437824800610178,0.26616233796637456,0.0,0.0,199.4246654,205.0596675,193.7896633,5.651258923962566,0.40286929972927704,0.0,0.0,193.029999,215.190002,204.1100005,10.978967556550325,0.2391697780907343,6.116041958044582,-3.8859521622404145,-4.328038325677458,0.4420861634370432,199.34666700000002,204.97230765384614,200.61138778104691,204.49733994328733,18.090474972884024,18.408493791315184,26.23761310873612,0.8657562600398497,1.05392896910478,-0.18817270906493022,-0.3157381706229165,25.748141355391024,-75.14019842930138,-1.7304988999999864,-78.20142034305158,-79.89281653924712,1.6913961961955408,199.760002,208.010002,203.885002,215.034996,222.295002,216.36499750000002,4.0,84.0,-80.0,193.56839924,,0.0,0.0,87.38563995484311,39.7898005057547,0.6098445313994313,0.7717746875876087,0.7952535323739802,-23.756774538193206,49.2546278858833,38.6579188951486,50.288830068630155,-61.3420811048514,-9.062852376470602,202.33030443722473,-1.9672759820797387,0.9919133349615394,2.0877600927417967,-1.0958467577802573,-0.7456735801235292,-0.748467623860094,-7.00084092189911
89,2020-10-08,198.960007,204.990005,198.960007,204.089996,199.148361,222100,-1888622.1422783209,-849300,-0.0322480077256245,82884.04514812205,31.301858437388717,9991.193552446659,-20.450365523338537,4287.880175345246,1040.6551412311428,199.60771035960505,6.108182688367586,201.6654999,208.78043598435698,194.550563815643,7.0561757840434645,0.6703807364714462,0.0,0.0,199.8289994,205.4010009,194.25699790000002,5.57676965478515,0.8823578116409336,0.0,0.0,193.029999,211.919998,202.4749985,9.36699584676952,0.5854948430648417,5.6773628361225015,-3.320608041588173,-4.1265522688596015,0.8059442272714286,199.67833325,204.44230769230768,201.14655827627047,204.46716631785864,17.323087275061177,20.846868316044656,24.153032252265323,0.9289329526036535,1.005059646019466,-0.07612669341581257,-0.30413281952247856,25.85764982054148,18.452144709200724,-4.565493899999979,-73.98287200786926,-79.9334806260734,5.950608618204143,199.760002,208.010002,203.885002,215.034996,222.295002,216.36499750000002,4.0,80.0,-76.0,194.08526347039998,,0.0,0.0,93.69281997742155,49.1167153972452,1.0,0.7717746875876087,0.7986012317624561,-19.99978100032345,53.76617301226368,80.6709858478546,56.14170774652439,-19.329014152145408,-7.824527811764739,202.37685949402518,1.9889035930792893,-0.3865496907423506,1.5928981360449674,-1.9794478267873181,2.9042474370569504,2.8628733328083023,-4.29991522788884
90,2020-10-09,206.220001,206.580002,203.220001,204.940002,199.977783,190500,-1884086.3726461106,-658800,0.0028899737558894145,94175.77341267548,39.72399989562425,5159.048716533104,730.070953449658,7243.739144325174,1044.9893228731341,199.79843175078918,5.833364519530829,201.5955002,208.55085825658364,194.64014214341637,6.900310820115848,0.7404262852315872,0.0,0.0,200.51499993333334,206.0730015333333,194.95699833333333,5.543726506094697,0.898074918390334,0.0,0.0,193.029999,211.919998,202.4749985,9.370248334540946,0.6304925161721817,5.345252410271121,-2.7720261802043638,-3.855647051128554,1.0836208709241903,200.33166625,203.94346146153845,201.7301650029981,204.50219118320246,16.277568452535203,21.942381549470376,23.1535795883746,1.0300678646599415,0.9380742107252494,0.09199365393469205,-0.28763563684827304,25.728203283507987,71.72482885170466,-1.925502200000011,-67.76579770493049,-78.92851838601524,11.16272068108475,199.8050005,208.010002,203.90750125,215.034996,222.295002,216.36499750000002,4.0,76.0,-72.0,194.58145313158397,,0.0,0.0,96.84640998871077,50.33926292697592,1.0,0.8699481771331437,0.804499184102787,-16.64845404474096,53.936574452156506,86.87088101930804,68.73326192077042,-13.129118980691947,-5.834263061764716,202.48492349424131,3.977674155930764,-2.49224705180689,0.775869098474596,-3.268116150281486,0.4164858722423448,0.41562097046430324,-3.901337895089052
91,2020-10-12,205.179993,207.470001,204.339996,205.699997,200.71936,157300,-1904691.282829961,-501500,-0.0032819698598600395,97800.26485372192,37.71805571540239,1999.7747202701794,136.2266561487219,1376.7334500614406,1048.864538315149,199.90116259754603,5.563028567577744,201.3955002,207.59629134430432,195.19470905569565,6.1578249148034665,0.8470925483398886,0.0,0.0,200.8649999,206.3970021,195.33299770000002,5.5081793271640995,0.937002456362001,0.0,0.0,193.029999,211.220001,202.125,9.031980348089224,0.6965363720135929,4.879106709871046,-2.2500091528500263,-3.5345194714728487,1.2845103186228224,200.83416616666668,203.54730750000002,202.34090838715224,204.59091754000227,15.11964034674619,22.20114199520059,22.23072249631786,1.0059221865874428,0.9768145673705887,0.02910761921685412,-0.267254469221529,25.517900417936975,102.6187243653592,-2.7555011999999977,-61.89221621278318,-77.06916071677962,15.176944503996438,200.25,206.705002,203.47750100000002,215.034996,222.36750025,216.36499750000002,8.0,72.0,-64.0,195.30136606368893,,0.0,0.0,98.42320499435539,51.462171466868,1.0,1.0,0.8805742882402509,-13.614821712424222,56.149198868391366,87.7423562683717,85.09474104517813,-12.2576437316283,-4.780705235294079,202.57171952464378,3.0199825013270165,-5.29907575933401,-0.4391198730871252,-4.859955886246885,0.3708378025681913,0.37015189440401386,-3.5449677282417658
92,2020-10-13,203.910004,205.169998,199.880005,202.509995,197.606628,290600,-1906340.014274407,-792100,0.020764483439231096,-48601.85601109518,37.10714835762754,-6152.842556786289,406.0165992063855,-3923.306043803308,1048.864538315149,200.2368932353566,5.588724910819968,201.2150002,207.05484089338222,195.37515950661776,5.804577876975028,0.6108758669964675,0.0,0.0,201.14900003333332,206.74600163333335,195.55199843333335,5.565030498856563,0.6215825064858524,0.0,0.0,193.029999,210.380005,201.705002,8.622620571406092,0.546397275021115,4.302176284656714,-2.0698534174260033,-3.24158626066348,1.1717328432374767,201.15666583333336,203.04576873076923,202.36692171220574,204.43677512963174,14.90812980576092,20.560156414967746,26.251782642100235,0.9837532290922232,0.9357683947299563,0.04798483436226686,-0.24757613129657674,25.328013187775273,32.20320747760402,0.38500580000001605,-56.328926797406766,-74.19749999190542,17.86857319449865,200.25,205.010002,202.630001,215.034996,222.48749924999998,216.36499750000002,4.0,68.0,-64.0,196.2748568585938,,0.0,0.0,99.2116024971777,46.689960506924756,0.7471807557612314,0.915726918587077,0.9285583652400735,-12.474370235877434,53.082916647992015,65.65093273532791,80.08805667433589,-34.349067264672094,-4.324263973529412,202.57071650129873,1.948246083106361,-3.0364214282852005,-0.9585801841267403,-2.07784124415846,-1.5508031339446227,-1.5629538721347203,-5.040795391559493
93,2020-10-14,200.460007,205.690002,198.669998,202.360001,197.460236,405100,-1885565.551724241,-1197200,0.051339899395737715,-50339.100780938286,27.886086964150365,-597.8553221441781,479.9918972997993,-4806.681168614031,1048.864538315149,200.59200201943327,5.731852819737972,201.01900030000002,206.41172116042688,195.62627943957315,5.365384219779012,0.6243343327707349,0.0,0.0,201.57866719999998,207.15666849999997,196.0006659,5.534317075790233,0.570037075824994,0.0,0.0,193.029999,207.470001,200.25,7.183401558285429,0.6461219326700933,3.849702147148495,-1.9170830216672812,-2.9766856128642405,1.0596025911969593,201.21999874999997,202.6923071153846,202.36585698725102,204.2829400089183,14.925970044961293,18.759047829963485,25.46203183779841,0.9829488391327463,0.9262787960043745,0.05667004312837187,-0.22886671451577936,25.244019697205104,34.68466319175258,-1.2390013000000124,-49.65241047608647,-70.3724063842469,20.719995908160428,200.25,205.010002,202.630001,215.034996,219.935001,216.36499750000002,12.0,64.0,-52.0,197.1704683899063,,0.0,0.0,99.60580124858885,46.471743743558676,0.7356202028733728,0.8276003195448679,0.9144424127106482,-11.628027479724972,49.298682724527914,64.61219326700933,72.66849409023632,-35.387806732990676,-3.107704749999982,202.5634776375057,0.376981635605707,2.2636455780968854,-0.3141350316820152,2.5777806097789004,-0.07406745528781844,-0.07409489877945319,-5.111129257974511
94,2020-10-15,199.679993,202.279999,198.929993,201.800003,196.913803,150700,-1778050.7861387464,-1347900,0.06532958927118757,-55203.75761223298,28.225192026162375,-3501.1764101021818,275.73271525729535,-717.084710387385,1045.9619783189796,200.75100999785377,5.501668337764176,200.8610001,205.95975174204685,195.76224845795318,5.076895603933454,0.5920816472267945,0.0,0.0,201.93033396666667,207.2403359666667,196.62033196666667,5.259241537110072,0.48772778553881185,0.0,0.0,193.029999,207.470001,200.25,7.189052126998741,0.6073409131106772,3.4025841385191202,-1.8202162213245003,-2.7453917345562924,0.925175513231792,201.38833241666669,202.23884584615385,202.27880252767395,204.09901874899845,14.94253598136164,17.932447622842783,24.340070798964643,0.9718344501043747,0.9455551185577965,0.026279331546578244,-0.21168833837597947,25.050583850523235,5.123401284872913,-3.3210071000000028,-44.03385246423793,-65.96140229487223,21.927549830634298,201.169998,204.1100005,202.63999925000002,215.034996,219.935001,216.36499750000002,8.0,60.0,-52.0,197.9944309987138,,0.0,0.0,99.80290062429442,45.614576584029635,0.6784113850526486,0.7204041145624176,0.821243784231454,-11.173317762341602,56.124272850423814,60.734091311067715,63.66573910446832,-39.265908688932285,-2.773471235294096,202.53682086445335,1.0111142307093515,-1.5159559770531728,-0.5544992207562467,-0.9614567562969261,-0.27673354281116946,-0.27711715797114067,-5.373718591712429
95,2020-10-16,201.550003,203.5,200.050003,200.800003,195.938019,109700,-1840055.092490317,-1457600,0.10634434365326745,-62988.9350961997,27.397419210690288,3679.5947720907043,-264.5215510459137,-960.644973145153,1040.7788169573864,200.70518752053394,5.2965012039877575,200.83349994999998,205.92733564125172,195.73966425874823,5.0726952351275205,0.49671201114147634,0.0,0.0,202.35533393333333,207.32233513333335,197.38833273333336,4.9091873225703,0.3434336060424797,0.0,0.0,193.029999,207.470001,200.25,7.1900365245813145,0.5380888451400494,3.1196216279311293,-1.8033523040038233,-2.5569838484457987,0.7536315444419754,201.65999991666664,201.9776922692308,202.0512949080318,203.85464721203562,14.642099250987462,18.726481813784158,23.23123976135049,0.9514374579828905,0.9832943734508472,-0.03185691546795677,-0.1968065581229433,24.934379286384896,21.461296439103513,-3.9035069499999793,-39.22948786464193,-61.21471002697389,21.985222162331958,201.169998,202.4749985,201.82249825,215.034996,219.06750125,216.36499750000002,4.0,56.00000000000001,-52.00000000000001,198.669998,,0.0,0.0,99.90145031214722,44.05200319309998,0.5924776255137622,0.6688364044799279,0.7389469461957378,-11.222276902258704,54.50763016779308,53.808884514004944,59.71838969736067,-46.191115485995056,-2.8111184705882124,202.51182579123463,1.6503037944321453,-6.062429329729765,-1.6560852425509505,-4.406344087178814,-0.4955401313844421,-0.4967720027899247,-5.842629790927267
96,2020-10-19,200.699997,201.850006,197.25,197.289993,192.513,133300,-1971037.240339689,-1590900,-0.014639813392027873,-120831.1347967425,27.81729613949551,-7678.174381088529,-263.856089465609,-2873.7087492766145,1040.7788169573864,200.68651121462133,5.226851683588983,200.58249970000003,205.85226597091554,195.31273342908452,5.254462656310699,0.18760410512210302,0.0,0.0,201.95833376666667,206.99533616666668,196.92133136666666,4.988159989297125,0.036595340249723295,0.0,0.0,193.029999,207.470001,200.25,7.199033824783863,0.2950133940424668,3.0541068239331004,-2.0495896074818347,-2.455505000253006,0.4059153927711714,201.6899999166667,201.62961523076922,201.31878692218078,203.3683765296626,14.915745062327462,17.57672533100613,25.54213258272734,0.9630732625449082,0.972920303563468,-0.009847041018559821,-0.1870477413008896,24.858106106391904,-57.78697494038481,-1.9224957000000416,-38.1121488580934,-56.57768141434456,18.465532556251162,201.169998,202.4749985,201.82249825,215.034996,217.9925,216.36499750000002,8.0,52.0,-44.0,,207.470001,0.0,1.0,97.34494788202377,39.00174221719755,0.31473840709943957,0.5285424725552835,0.6392609971992097,-12.751572913380674,45.041610984897545,29.50133940424668,48.01477174310645,-70.49866059575332,-3.486676526470603,202.1789141284317,0.18280607972195156,-9.029745557800027,-3.130817305600766,-5.89892825219926,-1.7480129220914353,-1.763471073170031,-7.48851278928333
97,2020-10-20,199.690002,201.699997,198.539993,199.839996,195.001266,212900,-2008766.1717587619,-1378000,0.02053474881492539,-26013.024297207754,36.724534132102086,846.0201972606808,-41.97869148269626,421.6634763694424,1040.7788169573864,201.05176922759745,5.145166915230083,200.56899945,205.84491822000405,195.29308067999597,5.26095137780181,0.43091218024956107,0.0,0.0,201.777333,206.40133500000002,197.153331,4.583271997157386,0.29051295825564116,0.0,0.0,193.029999,207.470001,200.25,7.199518389979182,0.4716063751237717,2.739604144105862,-2.0157343824862153,-2.367550876699648,0.35181649421343275,201.7883325833333,201.25038442307692,201.09128062646064,203.10701500894686,15.169844744286035,16.52896806105881,24.01955345609664,0.9994621002800013,0.9544232534980659,0.04503884678193537,-0.17838519173261025,24.728561462530575,-17.631137935146327,3.410996549999993,-34.670990576056376,-51.740966995789535,17.06997641973316,202.3600005,202.125,202.24250025,215.034996,217.9925,216.36499750000002,4.0,48.0,-44.0,,207.26560098,0.0,0.0,95.49549237748556,44.02259981824653,0.5908605862380681,0.49935887295042325,0.5655792499952115,-12.597234741598495,46.46913067035986,47.16063751237717,43.490287143542936,-52.83936248762283,-3.4542951941176057,202.1689946386137,0.593975624806706,-8.440344013326312,-4.192722647145875,-4.247621366180437,1.2925151251842681,1.2842334335141814,-6.292787824551905
98,2020-10-21,200.960007,206.0,198.649994,205.470001,200.494949,298100,-1753657.3480652848,-1079900,0.10391503477989673,217460.9063881069,46.80332963866303,5436.69169071183,393.5644215771936,11150.005914952873,1040.7788169573864,201.66887323012418,5.365650823707076,200.9874992,206.42182812196197,195.55317027803804,5.407628776508468,0.912424594128328,0.0,0.0,202.28399956666667,206.95800156666664,197.60999756666666,4.621227590924291,0.8408215736036649,0.0,0.0,193.029999,207.470001,200.25,7.184527424579246,0.8614958640587446,2.2039680052912898,-1.5171210935866384,-2.197464920077046,0.6803438264904078,201.9124996666667,201.22538465384616,201.7649299146975,203.28205100828413,14.274152373982771,20.58588329220884,21.698013873149357,0.9981503973273884,0.8856010674340182,0.11254932989337019,-0.16514023871392297,24.73202983965729,77.89469831274465,-1.167492199999998,-27.595633723180285,-46.586829408601865,18.99119568542158,202.3600005,201.705002,202.03250125,215.034996,217.702499,216.36499750000002,72.0,44.0,28.0,,207.06528896039998,0.0,0.0,96.37161933629619,53.18480622253452,1.0,0.6351996644458359,0.5543670033171808,-9.461798789309272,54.100175570943826,86.14958640587446,54.27052110749944,-13.850413594125548,-2.99014857352941,202.3654507107596,0.7304662365029149,-4.8181496735979055,-4.317808052436281,-0.5003416211616241,2.8172563614342616,2.7783016383559733,-3.6528154284163783
99,2020-10-22,205.759995,207.759995,204.679993,207.039993,202.026917,263200,-1613512.1554322916,-816700,0.10594244193111645,245426.76181837785,54.43891916042506,4557.978172490137,1011.7317529452092,10409.346933924657,1048.731386229981,202.3760356705151,5.13708594133637,201.35599895000001,207.35334310608104,195.358654793919,5.956956025502142,0.9738759275834363,0.0,0.0,202.66533199999998,207.04433439999997,198.2863296,4.321412406143534,0.9995042934893164,0.0,0.0,193.029999,207.759995,200.394997,7.3153996289217575,0.951120013881878,1.9704780268895616,-0.9839390000774415,-1.9547597360771254,0.9708207359996839,202.51416516666666,201.25461519230768,202.57647808166712,203.56041708174456,13.474756660232964,22.113750941264936,20.791158878883856,1.1058411804199437,0.8429765246719824,0.26286465574796136,-0.14755152434961175,24.697781942751256,153.88353937021728,-3.025996950000007,-22.517437219627958,-41.5592337991238,19.041796579495845,202.5049975,200.394997,201.44999725,215.034996,217.702499,216.36499750000002,100.0,40.0,60.0,197.25,,1.0,0.0,97.91669792331385,55.37815748236893,1.0,0.8636201954126893,0.6660595776029827,-6.209251004431389,55.74191016722579,94.41425911559354,75.90816101128173,-5.585740884406462,-1.4992075323529548,202.47684045499784,3.6132447938509014,-3.204090690259604,-4.095064580000946,0.8909738897413417,0.7640979181189556,0.7611934757829175,-2.916628596938675
100,2020-10-23,209.5,214.440002,208.0,214.020004,208.837906,313700,-1340729.3391847182,-503000,0.13921692015317938,523170.00308718067,55.370196042177234,10264.601555630838,1140.3906193742957,12586.982482134852,1048.731386229981,203.29629737508276,5.36337824720273,202.1249992,210.13766199236082,194.11233640763916,7.928423326233293,1.2422629098619098,1.0,0.0,203.38933203333335,208.07633453333332,198.70232953333334,4.608897087318072,1.634058704541622,1.0,0.0,193.029999,214.440002,203.7350005,10.592456690038166,0.9803830947618273,1.947815015605735,0.0018192327297867905,-1.563443942315743,1.5652631750455297,203.8216653333333,201.60307661538462,204.3370205306414,204.33520129791162,14.015577498120734,28.76490067051639,18.762223966475656,1.0587674611084565,0.8199052834777328,0.2388621776307237,-0.12084252414590278,24.700535414457676,263.68125004705166,1.9649968000000229,-15.50134046381454,-36.404692049238406,20.903351585423867,205.845001,203.7350005,204.79000075,212.6900025,214.37750225,216.36499750000002,100.0,36.0,64.0,197.4601999,,0.0,0.0,98.95834896165692,63.55372426692248,1.0,1.0,0.832939953286175,-0.29874624498441105,61.67341600844235,97.85386893320992,92.80590481822598,-2.1461310667900757,0.5650864705882555,203.3537170612045,7.911058257338187,-0.24685794816057008,-3.325423253632871,3.078565305472301,3.371334638713974,3.3157509786053474,0.3563767316040689
101,2020-10-26,212.169998,212.789993,207.179993,209.110001,204.046814,328200,-1443108.0822863213,-831200,0.13323686028510895,218222.43341758402,52.82141401702316,-2111.028299817179,796.1711510275788,3046.3797310784657,1048.731386229981,204.00012489297953,5.511041522482458,202.50049895,211.06447531803573,193.93652258196428,8.458227424071959,0.88588978798852,0.0,0.0,203.77499846666666,208.71000046666668,198.83999646666666,4.8435794745519525,1.0405268866490152,1.0,0.0,193.029999,214.440002,203.7350005,10.572814936760425,0.7510508989653115,1.9289140843692645,0.3824350535020642,-1.1742681431521818,1.556703196654246,204.23999908333334,201.90153796153848,205.07132521823505,204.68889016473298,14.310979020675026,26.218073735920004,18.162472545663405,1.044958713518113,0.8569483068772674,0.18801040664084567,-0.09357227479280339,24.687929474743175,166.34697828557296,2.439503049999985,-12.530287197452456,-31.538176538132372,19.007889340679917,205.845001,203.7350005,204.79000075,210.760002,211.58499899999998,216.36499750000002,96.0,32.0,64.0,198.13939198399999,,0.0,0.0,99.47917448082848,55.80776301849961,0.6845077015478815,0.8948359005159605,0.9194853653095499,1.9311910832136423,57.3589773197835,72.76443999228012,88.34418934702786,-27.235560007719876,2.702084823529418,203.4553054179657,2.459701650442483,2.4276436866351463,-2.1748098655792676,4.602453552214413,-2.2941794730552356,-2.320905320781641,-1.9459786632743725
102,2020-10-27,208.850006,208.850006,201.770004,202.100006,197.206558,294000,-1709701.1442656817,-1125200,0.07626917813333699,-107371.98992778521,52.62689206000222,-11258.137547610893,759.6920614203489,-17385.259644235863,1013.5747617803678,204.51108468654164,5.693937070234213,202.61649930000002,211.09233093073004,194.14066766927,8.366378513114531,0.469531408686352,0.0,0.0,203.94699906666668,209.06100196666665,198.83299616666665,5.015031281071535,0.31941806616235585,0.0,0.0,193.029999,214.440002,203.7350005,10.56676187475715,0.4236340835636505,2.3212965721919185,0.11707821731502577,-0.9159988710587402,1.033077088373766,204.00333275,201.89346134615383,204.6141991846604,204.49712096734538,13.359483108665907,23.784449991309145,23.318117497291418,1.0265257654126485,0.843145121917303,0.18338064349534555,-0.0736007474066096,24.68168764123637,38.606466927053106,3.083497699999981,-10.050835629133058,-27.13800155513755,17.08716592600449,205.845001,203.7350005,204.79000075,210.760002,209.365005,216.36499750000002,92.0,28.000000000000004,64.0,198.79141638463997,,0.0,0.0,99.3722961127299,47.00021886657911,0.32577722780923796,0.6700949764523733,0.8549769589894446,0.5134653964421112,51.988230267967836,28.21410957369295,66.277472833061,-71.78589042630705,4.005233867647064,203.4483175455564,-1.385769479986628,3.3632985796652504,-1.0671881765303641,4.430486756195615,-3.3523002087308074,-3.409777998303287,-5.233043825214379
103,2020-10-28,199.270004,201.509995,196.199997,196.199997,191.449402,293700,-2003401.1442656817,-1418900,0.035882856541827365,-339580.654695245,45.232449679048095,-11670.440885250959,-787.567541272338,-18429.897160205925,983.9849545604856,204.07097008824954,5.714544263210793,202.5494995,211.20408689918182,193.89491210081817,8.54565172517923,0.13317127627596304,0.0,0.0,203.51999866666668,208.4630009666667,198.57699636666666,4.857510153678674,-0.2404408517740987,0.0,1.0,193.029999,214.440002,203.7350005,10.5702571731114,0.1480615392720867,3.215649043494527,-0.5628126511199412,-0.8453616270709804,0.2825489759510392,203.21166608333337,201.74307657692304,203.31970654086652,203.88251919198646,13.335100878228635,22.01547313148034,28.605359940883123,0.9023654858383731,0.9871461186318602,-0.08478063279348713,-0.06488678554441764,24.67647990435784,-104.52957713253977,-0.039504499999992504,-9.785027773439076,-23.33257658949323,13.547548816054153,205.3199995,203.7350005,204.5275,209.394997,208.23250174999998,216.514999,88.0,100.0,-12.0,,214.440002,0.0,1.0,49.68614805636495,41.118347576167785,0.08620914412056385,0.36549802449256114,0.6434763004869649,-2.929466739174897,48.87219121061365,0.0,33.65951652199103,-100.0,3.677998623529419,203.26705721354898,-4.618376343486286,4.026353541934476,-0.0484798328373961,4.074833374771872,-2.9193512245615727,-2.962812225710465,-7.999624120782711
104,2020-10-29,195.429993,203.389999,193.690002,202.110001,197.216309,351000,-1745036.079719784,-1067900,0.10718224221825631,5275.353689790703,47.552971284102924,-870.5001153884863,-1218.249600695309,1998.808550908303,983.9849545604856,203.60334527007265,6.113089536889713,202.80849990000002,211.0762940040442,194.54070579595583,8.153301373582305,0.4577578437966704,0.0,0.0,203.3926655666667,208.97066696666667,197.81466416666666,5.484958254968821,0.3850247181125974,0.0,0.0,193.029999,214.440002,203.7350005,10.556758227863599,0.4241009214244394,3.5429377897731156,-0.6176235520177897,-0.7998140120603423,0.18219046004255257,203.17833325,201.93576869230768,203.13359799611783,203.75122154813562,13.70430419384464,19.45373025189773,28.287797359896533,0.8249654237652583,0.984522319459557,-0.15955689569429876,-0.05833350042536145,24.77677949535465,-69.31117976325928,-0.44849890000000414,-7.960492428901928,-19.8582437632999,11.897751334397972,204.065002,203.7350005,203.90000125,209.375,207.37499624999998,216.484993,84.0,96.0,-12.0,,214.0752019,0.0,0.0,24.843074028182475,48.12191561100525,0.371463834379509,0.26115006876977026,0.43224768990490153,-3.0420181787242435,54.16141810355018,40.57830843373503,22.930806002476004,-59.42169156626497,2.405676291176462,203.2616015096331,-0.1975181521287344,6.139766962555133,1.1891695262411097,4.950597436314023,3.0122345006967643,2.967757674773619,-5.228357057778221
105,2020-10-30,204.509995,206.210007,193.619995,197.080002,192.30809,675900,-2049432.2668084044,-1743800,0.01651863072561727,-481160.60028017976,37.86491281494087,2561.218049268529,-1178.1465057668554,-6248.472504348363,983.9849545604856,202.75798270413338,6.760781783200741,202.72949979999999,211.1824631428322,194.27653645716777,8.33915473689954,0.16582738083263254,0.0,0.0,203.14466550000003,209.63666840000002,196.65266259999999,6.391507140018911,0.0329127548602929,0.0,0.0,193.619995,214.440002,204.02999849999998,10.269845789852832,0.16618663961064076,4.126424400965106,-1.054781601986008,-0.8508075300454755,-0.2039740719405324,202.73833333333332,201.83615346153846,202.20227553517662,203.25705713716263,13.447009741742502,19.865723529335895,24.330507127506287,0.8302035440122411,0.9644662197101556,-0.1342626756979145,-0.058210148916547494,25.092377121808745,-91.73640630622542,-0.9294967999999812,-7.924238709739003,-16.504031524593856,8.579792814854853,204.02999849999998,203.7350005,203.8824995,209.375,206.80499625,215.914993,80.0,92.0,-12.0,,213.259793904,0.0,0.0,12.421537014091237,43.39140636008967,0.1787906220362073,0.21215453351209337,0.2796008755914749,-4.935375511340524,46.44712548572169,16.618663961064076,19.065657464933043,-83.38133603893593,0.42908799705881506,203.18649049707574,-2.6092107995196163,15.790579893499956,4.109451599692879,11.681128293807078,-2.488743246307734,-2.520236076455351,-7.586979920917658
106,2020-11-02,199.190002,207.179993,196.940002,207.0,201.987885,365400,-1696877.8722781744,-1378400,0.03571107367842266,105400.52393127402,45.918621705433175,6011.150753976891,-309.28984071234237,1570.949084705222,1033.513717916547,202.85710460893785,7.108702704880668,202.8805,211.52318889154657,194.23781110845346,8.519979881306044,0.7383228212708943,0.0,0.0,203.63566536666667,210.69166676666669,196.57966396666666,6.930025138076837,0.7384023501847181,0.0,0.0,193.619995,214.440002,204.02999849999998,10.262202133768401,0.6426513209145419,4.198104670975574,-0.593925172736192,-0.7994310585836188,0.2055058858474268,203.17166641666665,202.15769196153846,202.94038699130328,203.53431216403948,13.006838345313659,18.73121842306727,21.67462673770721,0.9272629122128081,0.9367969185834313,-0.009534006370623183,-0.05280191923245655,25.45852036355574,21.632435565985418,-2.0804970000000083,-2.8221849426550705,-12.96527534310482,10.143090400449749,204.02999849999998,203.7350005,203.8824995,209.375,206.629997,215.914993,76.0,88.0,-12.0,,212.08140596976,0.0,0.0,21.718205207957045,53.16890325894036,0.5770271831027807,0.3757605465061657,0.28302171626267647,-2.6387605632594244,52.919458170261414,64.26513209145419,40.487368162084444,-35.73486790854581,-0.9722345588235157,203.296748256546,2.576807196578682,15.003357574141777,6.288232794582659,8.715124779559119,5.033487872605158,4.910904544144312,-2.935381762528877
107,2020-11-03,210.830002,218.449997,209.899994,215.639999,210.418686,472400,-1534990.758694706,-906000,0.08807384765474513,673419.8101696626,56.541032676086,21927.025665748104,1299.6302298513922,38109.9276217649,1033.513717916547,204.2242975648726,7.5428321343926,203.6714996,213.81452623275865,193.52847296724136,9.960182600588706,1.089986590459383,1.0,0.0,205.09933216666667,212.69433346666665,197.50433086666666,7.406168727871025,1.1939213317404793,1.0,0.0,193.619995,218.449997,206.03499599999998,12.191201051087075,0.8868305367031382,4.175615323616344,0.4631437467357671,-0.5469160975197418,1.0100598442555089,204.40833275,202.6976916923077,204.8941734541797,204.43102970744394,13.416074075471768,27.990019994403703,19.156569632115637,1.0458170576029389,0.8556964986496325,0.19012055895330637,-0.03569859069913546,25.764267119540452,218.85354439619508,-6.3815065999999945,5.872234206857831,-9.24662335087836,15.118857557736192,206.03499599999998,205.739998,205.887497,209.375,206.41999800000002,215.914993,100.0,84.0,16.0,193.619995,,1.0,0.0,44.24770159085614,59.69807254793245,0.8429596555104507,0.5329258202164796,0.37361363341157955,1.889814953436456,53.36344431659536,88.68305367031381,56.522283240944034,-11.316946329686186,0.6160579235294108,203.8899056125715,7.390436144565189,16.570502303657204,8.344686696397568,8.225815607259635,4.173912560386461,4.089155268074052,1.1160105297761014
108,2020-11-04,210.369995,217.850006,208.240005,211.639999,206.515533,357200,-1639437.8491372573,-1263200,0.06881649969473598,373102.6944311394,53.724048526472416,-3040.0909938381687,1332.5649024416787,13091.704993205492,1014.3426230786816,205.00055620713707,7.749549020953341,204.33699944999998,214.73423496175258,193.93976393824738,10.176556903290281,0.8511991019990365,0.0,0.0,206.019666,213.8406668,198.1986652,7.592479836366696,0.8593103455506604,0.0,0.0,193.619995,218.449997,206.03499599999998,12.151495845996191,0.7257351006254448,4.174299166619475,0.9669653361028168,-0.24413981079523006,1.211105146898047,205.6041665833333,203.15384553846155,205.9319927689213,204.9650274328185,13.481877255438453,25.330183019568626,18.977630616136373,1.0253944883572044,0.8380145567278982,0.18737993162930622,-0.015241280107128302,25.967517798236877,150.3549167682666,-4.497003449999966,10.531724034555623,-5.574494322635742,16.106218357191366,206.03499599999998,205.739998,205.887497,209.375,205.539997,215.914993,96.0,80.0,16.0,194.11659504,,0.0,0.0,64.45303092528877,55.818091817441534,0.6849283925911142,0.7016384104014485,0.5367749257080313,3.8178323963238143,52.395392468209195,72.57351006254447,75.17389860810417,-27.426489937455525,3.2064126029411284,204.0140651704323,7.2735599924725935,14.994296129050685,9.674608582928192,5.319687546122493,-1.8549434328275938,-1.8723632635182952,-0.7596342670832423
109,2020-11-05,213.360001,216.660004,209.839996,211.830002,206.700958,251800,-1744292.7104218774,-1011400,0.024401817819406386,326636.988855263,55.261336645678284,555.2280103081735,1109.3958480286408,-6399.800695669795,1015.2532644618013,205.5096914066901,7.656594918858005,204.72399975000002,215.61988175468636,193.82811774531368,10.644459875727238,0.8260866007425411,0.0,0.0,206.64800003333335,214.84300143333334,198.45299863333332,7.9313628960145905,0.8161684613419754,0.0,0.0,193.619995,218.449997,206.03499599999998,12.128525248784372,0.733387254660713,4.152401128799459,1.3658347370473791,0.07785509877329178,1.2879796382740873,206.60333375000002,203.7034612692308,206.8393788044719,205.4735440674245,13.54298020826466,23.615090476659255,17.692665847951357,1.0290691469909874,0.8655548003564707,0.1635143466345167,0.006794707698721003,26.07193893921802,129.34058497240244,0.7460012499999777,14.211707001968637,-2.273044604215388,16.484751606184027,206.03499599999998,205.739998,205.887497,209.375,205.384998,215.789993,92.0,76.0,16.0,194.6032630792,,0.0,0.0,79.02598616399666,55.96449730929008,0.6908914749830788,0.7395931743615479,0.658052468326492,5.287630084216603,53.78551157077693,73.3387254660713,78.19842973297654,-26.6612745339287,5.86120641470589,204.11533645351477,5.999802962365949,11.233209456255407,9.986328757593636,1.246880698661771,0.08977650770070067,0.08973623269721287,-0.6705397324988205
110,2020-11-06,212.860001,212.860001,208.029999,210.679993,205.578796,271300,-1717893.714769289,-1282700,0.027719565987293977,235403.49877593928,53.531749080902756,-4993.791231109468,1301.1375015985739,-1246.809858147537,1015.2532644618013,205.9845580390906,7.373935626972205,205.0109993,216.2126156752226,193.80938292477742,10.927819886220695,0.7530435568450423,0.0,0.0,206.48499959999998,214.51900099999997,198.4509982,7.781680427695334,0.7610774625954148,0.0,0.0,193.619995,218.449997,206.03499599999998,12.11154625106986,0.6870719543236445,4.052944523058229,1.5710355755418277,0.376491194126999,1.1945443814148287,207.03749975000002,204.2323074230769,207.4302425268608,205.85920695131898,13.234232089167175,22.455463361369954,18.664037129064127,1.0382112053020136,0.8858312035307236,0.15238000177128996,0.02781745000495517,26.044760474560757,82.35660067070292,2.028993700000001,15.06060706943628,0.792610314327804,14.267996755108475,206.03499599999998,205.739998,205.887497,209.375,205.384998,215.789993,88.0,72.0,16.0,195.080197757616,,0.0,0.0,88.54760906909638,54.78126393262724,0.6089898353295646,0.6616032343012526,0.700944939688083,6.039940905745115,57.28194290303369,68.70719543236446,71.53981032032675,-31.292804567635546,7.637794523529408,204.18458669943485,2.535646067378955,8.559832668567372,9.701029539788383,-1.1411968712210108,-0.542892408602258,-0.5443714248455578,-1.2097918317966805
111,2020-11-09,227.479996,235.039993,224.25,231.690002,226.080078,621000,-1482499.9725305329,-661700,0.06536278645953489,2065662.3688079475,57.859108207785546,33360.35874960139,3623.590255337196,60456.20078279582,1015.2532644618013,209.16183207765,9.072542064274987,206.31049954999997,222.46538423748237,190.15561486251758,15.660748941734987,1.2855055279244834,1.0,0.0,208.54833320000003,217.10033390000004,199.9963325,8.20145677385833,1.85299736352921,1.0,0.0,193.619995,235.039993,214.329994,20.076534199832015,0.9191214108701788,3.980787026328095,3.3899140378888717,0.9791757628793736,2.410738275009498,209.09166716666667,205.50269196153846,211.16251321503606,207.77259917714719,15.355132938872785,36.8985620242473,14.734232761465535,1.0527017315232317,0.8106030660706705,0.2420986654525612,0.06731612337503652,26.149528769525133,268.88840901050315,7.709504450000026,27.871008462175162,5.006148546695384,22.864859915479776,214.329994,214.329994,214.329994,214.034996,204.630001,215.034996,100.0,68.0,32.0,195.54759374246368,,0.0,0.0,94.27380453454819,68.06530608846533,1.0,0.7666271034375479,0.7226078373667829,12.18359375011169,62.3659035209007,91.91214108701789,77.98602066181789,-8.087858912982119,12.369647500000013,206.07635179035165,11.90591665060575,14.257765195939701,10.612376671018648,3.645388524921053,9.972474700053734,9.505991849206374,8.642036683907817
112,2020-11-10,232.690002,241.350006,231.75,240.199997,234.384033,398100,-1179778.7843562763,-263600,0.11064328047849456,2254543.317478241,59.14793956042256,16651.118771675217,4424.620761120294,76551.31735971279,1052.5436098790524,211.65629402680287,9.13128825784749,208.19499965,229.95702568789565,186.43297361210435,20.905426234520665,1.2353404801158583,1.0,0.0,211.90099943333334,220.70500053333336,203.09699833333332,8.309541836559264,2.1071668577294127,1.0,0.0,193.619995,241.350006,217.4850005,22.925627935464213,0.9759059556889688,3.9806748629349302,5.455189767216211,1.8743785637467414,3.58081120346947,211.27333325000004,206.89576892307693,215.62981841272284,210.17462864550663,17.74092181560774,39.24342543961323,13.518652982688295,1.1082267498916192,0.7980279546979031,0.31019879519371607,0.12544694053626876,26.20914379910483,258.0831249178465,0.9150013500000114,45.6938870364829,11.170472414464491,34.52341462201841,217.4850005,217.4850005,217.4850005,217.1900025,203.6924975,215.034996,100.0,64.0,36.0,197.12728971276513,,0.0,0.0,97.1369022672741,71.69272446056738,1.0,0.8696632784431882,0.7659645387273296,18.495499316524725,67.86419306189978,97.59059556889686,86.06997736275974,-2.409404431103129,15.73494302941171,211.2944109755827,12.232498136015359,13.464876212128281,11.182876579240576,2.2819996328877057,3.673009161612417,3.6071617274784806,12.632468644670091
113,2020-11-11,240.300003,240.520004,233.350006,235.029999,229.339218,236200,-1305291.3485717755,-499800,0.09069902203139593,1758015.1967527785,54.19196336028884,1168.6975317510576,4182.52928678179,9538.346296476855,1029.8889536511115,213.0291189337655,8.935159232062741,209.82849954999998,234.32597872142995,185.33102037857,23.35000176236067,1.0143692392519945,1.0,0.0,215.7340001,224.72400119999998,206.74399899999997,8.334338672469645,1.573192243547113,1.0,0.0,193.619995,241.350006,217.4850005,22.747153557482523,0.8675884026089999,4.022024359350773,6.598694389712335,2.8192417289398604,3.779452660772475,213.43333308333334,208.2499993846154,218.61446157999623,212.0157671902839,19.956297201147347,36.81561690113925,12.682316685018739,1.0718393354774396,0.8235380804467858,0.2483012550306538,0.18821823358296336,26.201109713318374,197.27749586758833,-7.728493549999968,62.19104508286766,18.965087693550004,43.22595738931766,217.4850005,217.4850005,217.4850005,217.1900025,203.885002,215.034996,96.0,60.0,36.0,199.78065268999921,,0.0,0.0,98.56845113363704,66.73338539979018,0.8377942719968343,0.9459314239989447,0.8607406019598937,21.43070012345274,62.15220100002026,86.7588402609,92.08719230560492,-13.2411597391,19.371324988235244,215.10722464443305,12.3953889704204,9.219242890797432,10.790149841551948,-1.570906950754516,-2.152372216724041,-2.175873584023069,10.208198682551783
114,2020-11-12,232.869995,233.710007,227.490005,230.300003,224.72374,280600,-1332359.1346593031,-780400,0.06827698139918237,1317264.9004166673,48.29967073144485,-14042.660887383474,2446.2962551379096,-10730.99879453427,1029.8889536511115,214.02532120163053,8.795642708856468,211.25349955000002,237.00090961557055,185.50608948442948,24.375842407738737,0.8698722201863129,0.0,0.0,218.8110005333333,227.4530021333333,210.16899893333334,7.899055878302132,1.1647188347353867,1.0,0.0,193.619995,241.350006,217.4850005,22.593713761746777,0.7684894101532891,4.170138744946814,7.042082155033086,3.6638098141585056,3.37827234087458,215.78333283333333,209.47961480769234,220.41223718307373,213.37015502804064,20.96039187693384,34.405116501771666,16.94058376111173,1.0005969040467362,0.9180901806796432,0.08250672336709297,0.2463219451353001,26.154723089633983,131.62634626475162,-15.053502550000019,74.0485132466181,28.073171244256347,45.97534200236176,219.145004,217.4850005,218.31500225000002,217.1900025,203.885002,215.034996,92.0,56.00000000000001,35.99999999999999,202.27481388859925,,0.0,0.0,99.28422556681852,62.47532036702087,0.6985252020540887,0.8454398246836409,0.8870115090419245,22.155696614142656,58.29870339622229,76.84894101532892,87.06612561504194,-23.15105898467109,21.87544351176473,216.59435922792386,13.953486473424448,6.699090062427734,9.971937885727105,-3.2728478232993705,-2.01250734805134,-2.0330341462933887,7.990250585910408
115,2020-11-13,232.259995,234.990005,231.089996,232.309998,226.685059,241600,-1422804.3638882614,-538800,0.06265402255421573,1198457.7420714293,53.966707290541216,3938.741932926533,2878.422700333889,-3538.47735691194,1038.8775408001702,215.19101272532714,8.38507863797082,212.8289993,239.65846881779774,185.99952978220225,25.212231045619305,0.8630522528050171,0.0,0.0,222.19366703333336,229.96666833333333,214.42066573333332,6.996600221584086,1.150735190708554,1.0,0.0,193.619995,241.350006,217.4850005,22.42646028360103,0.8106011750133475,4.217202899942268,7.469555564842409,4.4249589642952865,3.0445966005471226,218.79249958333332,210.5649995,222.2426619241393,214.7731063592969,22.00014265429777,34.106250624641575,16.22879973440682,1.0374528472370417,0.8978771738095062,0.13957567342753552,0.300049143117447,26.11053619020853,126.05784612109595,-10.718998299999981,86.96826918239837,38.049888369262284,48.91838081313609,224.6900025,217.4850005,221.0875015,217.1900025,203.885002,215.034996,88.0,52.0,36.0,204.6193254152833,,0.0,0.0,99.64211278340926,63.53996602875751,0.733346701957816,0.756555392002913,0.8493088802284996,23.073401198229835,60.14948477441285,81.06011750133476,81.55596625918791,-18.939882498665245,25.50223755294118,218.97531644122643,18.404689883863764,3.683035347951479,8.71415737817198,-5.0311220302205,0.8727724593212471,0.8689858170560782,8.932759751776231
116,2020-11-16,238.229996,239.710007,233.899994,238.800003,233.017929,284100,-1227699.7366696978,-254700,0.10914740744596357,1290650.9818469393,59.69900954491761,7699.647639915493,4232.550213728631,10045.471760810597,1038.8775408001702,217.0632666783849,8.286571674173736,214.9044998,242.99713386274374,186.81186573725626,26.144295804776576,0.9252983744178347,0.0,0.0,225.57000066666666,232.90000416666666,218.23999716666668,6.499094275246126,1.4024553899144352,1.0,0.0,193.619995,241.350006,217.4850005,22.209870451488804,0.9465744309172691,3.9488405306412098,8.237068685748937,5.187380908586017,3.0496877771629203,221.84999974999997,211.86730723076926,224.7899451665794,216.55287648083046,23.34775227161393,36.083864414287845,15.14736373242305,1.089648490818704,0.8222189471562992,0.2674295436624049,0.3539098378835756,26.116637449762322,129.62860750140382,-17.82449779999999,101.2205644571128,48.64414728595728,52.57641717115552,224.6900025,217.4850005,221.0875015,217.1900025,203.90750125,215.034996,84.0,48.0,36.0,206.8231662503663,,0.0,0.0,99.82105639170462,66.81396267772789,0.8404297231866449,0.7574338757328499,0.7864763641398013,24.944435725534404,65.2656121617165,94.65744309172692,84.18883386946355,-5.3425569082730835,25.84085591176475,221.7462387669362,18.153481677534597,2.256246652629724,7.422575233063529,-5.166328580433804,2.793683033822769,2.7553716057573396,11.975995779236515
117,2020-11-17,235.360001,238.740005,233.770004,238.389999,232.617859,181700,-1071591.7195284544,-436400,0.13824263220296004,1095629.737754519,60.523803438226274,-1504.3922234430179,4958.696546714912,7624.886472858884,1037.0938559513963,218.91242205451422,7.960914406756362,216.83199995,245.80200065515749,187.86199924484254,26.721148826591794,0.8720745344366189,0.0,0.0,227.80033459999999,234.77233789999997,220.8283313,6.121152817656997,1.25944201001741,1.0,0.0,193.619995,241.350006,217.4850005,22.01243866726601,0.9379843637580554,3.268320526995722,8.71182002907176,5.892268732683166,2.8195512963885934,225.2924995,213.124615,226.8822611409518,218.17044111188005,24.57440644762622,34.405587079340414,14.563049544473404,1.1318180422194477,0.7764895501498684,0.3553284920695793,0.40419856109551144,26.073109445959922,107.71871851225205,-9.83199995000001,112.85887088352624,60.01383026917623,52.845040614350005,224.6900025,217.4850005,221.0875015,217.1900025,203.47750100000002,215.034996,80.0,44.0,36.0,208.89477663534433,,0.0,0.0,99.91052819585231,66.40825708977988,0.8132784009555266,0.7956849420333292,0.7698914032563641,26.26354755908248,67.96649544287997,93.79843637580554,89.83866565628908,-6.201563624194467,24.660973623529372,223.44800084166704,20.961029318438904,-1.5393018220984358,5.630199822031136,-7.169501644129571,-0.17169346517973416,-0.17184102733693862,11.783740311913625
118,2020-11-18,239.440002,241.080002,235.119995,235.130005,229.436783,205700,-1276600.7616151483,-642100,0.07134303201084762,843313.9515324456,59.7372910793578,5345.735126377264,5402.713349698181,-3124.9238139028434,1037.0938559513963,221.07560021426113,7.760823666080728,218.31500015,247.83801111124896,188.79198918875105,27.046250547112443,0.7847779461260048,0.0,0.0,230.25366766666667,236.86067156666664,223.64666376666668,5.738891342712334,0.8690278836776052,0.0,0.0,193.619995,241.350006,217.4850005,21.8629095422695,0.8696836462074146,2.9644795858700412,8.724439707981958,6.458702927742925,2.265736780239033,227.63666658333332,214.3792307692308,228.1511448115746,219.42670510359264,25.906422335892813,34.67764370469248,13.747167339565323,1.165999301264364,0.7663135030111964,0.3996857982531675,0.44581769775502156,25.968677573084605,94.29382686071638,-2.675001150000014,125.28802631723606,72.35564352642817,52.93238279080789,224.6900025,217.4850005,221.0875015,217.1900025,202.630001,215.034996,76.0,40.0,36.0,210.84209039722367,,0.0,0.0,99.95526409792615,63.12605154135604,0.6973048078963243,0.7836709773461653,0.7789299317041148,26.337143040952032,56.97466199867856,86.96836462074145,91.80808136275799,-13.031635379258542,23.707648823529382,224.7336745172527,13.58937439613527,-4.0269975145543135,3.6987603547140457,-7.725757869268359,-1.3675045151537502,-1.3769409863544801,10.255092615940464
119,2020-11-19,233.210007,234.679993,227.449997,233.830002,228.168259,268600,-1071156.4210650283,-910700,0.08104296559685348,672957.5576278104,64.05515322088911,-18936.354119503358,3867.172480500189,-4298.011006081205,1037.0938559513963,225.10470182538646,7.752742099472657,219.65450060000003,249.43954768121873,189.86945351878134,27.119906034120834,0.7379633874901359,0.0,0.0,232.1746673333333,238.8226700333333,225.52666463333335,5.726725293811177,0.624498645786251,0.0,0.0,193.619995,241.350006,217.4850005,21.729584811429998,0.8424470507664455,2.1944285024544437,8.53119916344744,6.873202174883828,1.6579969885636112,229.15250016666667,215.58961542307694,229.02481514825544,220.493615984808,25.729653942233714,32.17609985050247,19.95979233925059,1.1140968124637676,0.8285693190837435,0.28552749338002403,0.4775664892944719,25.967635043175306,61.40837465113254,-8.014501600000045,135.240868503235,85.70900590796136,49.53186259527364,232.800003,217.4850005,225.14250175,217.1900025,202.630001,215.034996,72.0,36.0,36.0,212.67256533339025,,0.0,0.0,99.97763204896307,61.81402401447907,0.4667028828144472,0.659095363888766,0.7461504277560868,26.009766734625245,57.209062113454806,83.06686934772625,87.94455678142442,-16.933130652273746,22.7831468147059,225.60588751697856,8.43535665199109,-4.255100686347982,2.1079881465016403,-6.363088832849622,-0.5528869018652016,-0.5544209785822929,9.645506650227587
120,2020-11-20,234.020004,234.020004,228.880005,231.100006,225.504379,218400,-1100899.490042279,-1129100,0.03635493173194057,491644.8884809804,57.989185935314914,906.111925361971,3502.5268498848372,-4034.9029174661055,1024.9856489028762,227.2450186741592,7.49146778952539,220.5085007,250.57645994788408,190.44054145211595,27.27147402701837,0.676126108404669,0.0,0.0,234.25566806666666,240.93467046666666,227.57666566666666,5.702318714524533,0.26376246947697984,0.0,0.0,193.619995,241.350006,217.4850005,21.6454290190546,0.7852504161375534,2.2521601354800205,8.064800774841217,7.111521894875307,0.95327887996591,230.7741674166667,216.7165386153846,229.34407527929307,221.27927450445185,25.565511862407412,30.585850776001056,18.97331351048608,1.1029488164090089,0.8350094053156348,0.26793941109337405,0.49772677890772277,25.98344287483132,52.63589297779664,-8.678498700000006,144.3578796532721,98.65199159586102,45.70588805741109,234.4000015,217.4850005,225.942501,217.1900025,202.63999925000002,215.034996,68.0,32.0,36.0,214.39321177338684,,0.0,0.0,99.98881602448154,59.03894563606936,0.2517630985453812,0.47192359641871756,0.6382299792178829,24.930481239582512,58.232957407205454,69.23770154069896,79.75764516972224,-30.76229845930104,21.60367701176466,226.05398526444785,9.19486254580828,-5.824047755938439,0.5215809660136244,-6.345628721952064,-1.167513140593479,-1.174382091540238,8.365380952015865
121,2020-11-23,233.199997,234.600006,231.100006,233.729996,228.070679,188900,-1005910.855185137,-940200,0.06770274205605548,492382.0631265545,55.36167978251004,2593.967840127055,2121.594148054762,-400.1079024246019,1036.6503046223488,229.00717334122308,7.092321010572851,221.73950045,251.85589399746547,191.62310690253454,27.16376061671195,0.6990692466397439,0.0,0.0,234.53733516666665,240.48733826666665,228.58733206666665,5.073821697318953,0.43215640789610255,0.0,0.0,193.619995,241.350006,217.4850005,21.525263159309162,0.8403518071680309,2.3644174190619487,7.81728214245922,7.2526739443920905,0.5646081980671296,232.5991669166667,217.98307680769227,230.01883231324797,222.20155017078875,25.47858023760566,30.095695869350575,18.309718501248867,1.0387605704216316,0.8975225905183254,0.14123797990330622,0.5106727827831521,25.932926569538207,55.74664822067601,-11.059507450000012,145.21868511140758,109.71030249307488,35.5083826183327,234.2649995,217.4850005,225.875,217.1900025,201.82249825,215.034996,64.0,28.000000000000004,36.0,216.01061942698362,,0.0,0.0,99.99440801224077,60.86185567809487,0.3595545006548445,0.35934016067155766,0.4967863736596804,24.531623387174307,61.06194722384513,77.13082713337963,76.4784660072683,-22.869172866620367,19.930177964705877,226.12695795094382,10.338476038913502,-7.935068972698965,-1.1697490217288935,-6.765319950970071,1.138031125797534,1.1316042653991332,9.598612716838906
122,2020-11-24,237.960007,242.690002,234.809998,241.539993,235.691574,334400,-769115.6304111382,-605800,0.14475000213212422,795136.4822227615,63.806606679132834,13903.102966499957,3331.822288078914,13323.586864724606,1036.6503046223488,231.37709304991964,7.2790895095155665,223.7114998,253.58978601514997,193.83321358485006,26.711444196531154,0.7983520050584421,0.0,0.0,234.72866816666664,240.50667106666666,228.9506652666667,4.923133544043598,1.0894186063261893,1.0,0.0,193.619995,242.690002,218.15499849999998,21.934503610171586,0.9765639120450914,2.3118601215548686,8.157291155351288,7.43359738658393,0.7236937687673581,235.17083358333332,219.6849998846154,231.79131857274828,223.634027417397,26.22159904133546,35.389431962951576,16.69948808500521,1.0784439596838091,0.8109250947829366,0.2675188649008725,0.5243713086409159,25.996537383326793,80.45684091523741,7.97850219999998,145.09325451371825,118.92165909650274,26.171595417215514,235.0699995,218.15499849999998,226.61249899999999,217.8600005,201.82249825,215.034996,100.0,24.0,76.0,217.53098262136461,,0.0,0.0,99.99720400612038,65.73811522588629,0.6478950339715942,0.4197375443906066,0.4170004338269606,25.63033423671196,66.57297174980394,96.68202856185563,81.01685241197809,-3.3179714381443746,19.239324064705897,226.24254419449716,14.647807587500733,-5.213763724086105,-1.978551962200336,-3.235211761885769,3.341461144764657,3.286847596940845,13.260807775973182
123,2020-11-25,240.419998,240.419998,235.029999,237.490005,231.739655,236200,-789711.353972497,-842000,0.18844651662032208,544887.3896766523,57.83172133734188,-2339.0165368325565,3125.090534711719,7213.3956527450455,1019.2684158437197,232.93110652203285,7.202179958564011,225.7760002,253.38498829073632,198.16701210926368,24.456973341966677,0.7121411469609495,0.0,0.0,234.8633346,240.46333760000002,229.26333160000004,4.76873328017543,0.7345240172192741,0.0,0.0,193.619995,242.690002,218.15499849999998,21.733934056999917,0.8940290145057449,2.3070622718865574,8.007643434336785,7.548406596134501,0.4592368382022842,235.65416716666667,221.13307715384613,232.66803956155624,224.66039612721946,26.911545073370274,33.11100214744068,15.62434758553415,1.0556120333536398,0.8100156707521456,0.2455963626014942,0.5330465408520567,25.933393090192524,66.31008814998856,14.423996799999998,146.9166344907682,127.0181170125194,19.89851747824879,235.0699995,218.15499849999998,226.61249899999999,217.8600005,202.24250025,215.034996,96.0,20.0,76.0,219.54370417165543,,0.0,0.0,99.9986020030602,61.461710703736706,0.39502482710304165,0.46749145390982677,0.41552305299066367,25.275585981838006,62.180711067562655,84.99712478386111,86.26999349303213,-15.002875216138897,18.112853697058853,226.36972550668628,2.5033462600600282,-5.908299077357434,-2.764501385231756,-3.143797692125678,-1.6767359929500403,-1.6909523487917077,11.36172304608747
124,2020-11-27,236.559998,236.600006,232.570007,233.449997,227.797455,138500,-867725.6739512371,-980500,0.14086551152353022,387111.8900085591,59.418635757632984,-9136.580953074354,2829.1769831427987,-6316.512128345143,1001.9293595994119,234.56279536940534,6.97396176270761,227.343,252.88113641697487,201.8048635830251,22.466613370083866,0.6195662224582049,0.0,0.0,235.23400109999997,240.6150038,229.8529984,4.57502119152622,0.3342312576799115,0.0,0.0,193.619995,242.690002,218.15499849999998,21.584129267230576,0.8116974998597413,2.3970663312856004,7.476863032580866,7.534097883423774,-0.05723485084290836,235.09166716666664,222.20923084615384,232.7883407059322,225.31147767335133,27.057050523399937,31.46237449213326,17.335936272171455,1.041375039211659,0.80215617914844,0.23921886006321902,0.5331564807041344,25.893544973914853,43.972815890895156,7.686999000000014,148.42637428249418,133.84679535697447,14.579578925519712,235.0699995,218.15499849999998,226.61249899999999,217.8600005,202.03250125,215.034996,92.0,16.0,76.0,221.395407997923,,0.0,0.0,99.9993010015301,57.44710539514672,0.0,0.3476399536915453,0.4116229839973262,23.766530983871213,56.82351412567869,49.89151844994377,77.19022393188685,-50.10848155005623,17.943767614705877,226.47020996571186,-2.810158236596481,-9.437119694585226,-4.09902504710245,-5.338094647482776,-1.7011275906116508,-1.7157629812375674,9.467318049969942
125,2020-11-30,231.190002,233.039993,225.529999,227.330002,221.825653,1072000,-1425849.5733844452,-2052500,0.0941384781968809,-605423.3285640903,39.078944717390776,-3712.9708073635284,181.08201478816122,-30459.016197078752,1001.9293595994119,233.69330914133803,7.068565386436847,228.85550000000003,250.3002198828061,207.41078011719398,18.74083854904606,0.4644318506295076,0.0,0.0,234.8176676,240.5596688,229.0756664,4.890604066284495,-0.15200836252002,0.0,1.0,196.940002,242.690002,219.815002,19.990780208472156,0.6642622950819675,2.8667254607234076,6.487598295791116,7.324797965897243,-0.8371996701061271,234.45000075,222.9896158076923,231.94859628963493,225.46099799384382,25.940731585391166,28.96243150671296,23.021413401687372,0.9390748802650073,0.9418983050567667,-0.0028234247917594546,0.5209162680627799,25.85093602418702,0.964065828288185,1.444502999999969,148.09979574172198,139.05559883304218,9.044196908679794,234.1100005,218.15499849999998,226.1324995,217.8600005,201.44999725,215.034996,88.0,12.0,76.0,223.09897551808916,,0.0,0.0,49.99965050076505,51.915067354335285,0.0,0.13167494236768054,0.3156021166563509,20.735605726307767,54.92057146499942,10.48952613819476,48.459389790666556,-89.51047386180525,16.823118929411777,226.4874792021472,-3.2761762467607363,12.643952903850852,-0.7504294569117897,13.394382360762641,-2.621544261574782,-2.656519345719044,6.597583855331135
126,2020-12-01,231.089996,233.800003,228.869995,230.710007,226.669296,271300,-1494636.613730019,-1781200,0.030971096255460188,-387934.9449835067,37.07111380154677,3725.2234390062586,-742.1962232596215,-24069.191459260997,1016.8263209124759,233.13587234653616,7.008708947793162,230.04100035000002,248.99910230471122,211.08289839528882,16.482367861265644,0.51764434677053,0.0,0.0,234.1833343,239.837335,228.52933360000003,4.828696044405055,0.19284339671199255,0.0,0.0,208.029999,242.690002,225.3600005,15.06688066356254,0.6543567812155121,3.1071046086596787,5.908230615448218,7.041484495807439,-1.133253880359221,234.48416775,223.63153899999998,231.75804409122955,225.84981347578133,25.002530014635642,27.837609438256855,21.517268401470584,0.8734392692686406,0.9856002158532702,-0.1121609465846296,0.5030812481221195,25.76851557802746,11.869161202307003,2.2689976499999887,140.9617926684183,142.17814569803016,-1.2163530296118665,234.1100005,218.15499849999998,226.1324995,217.8600005,204.79000075,212.6900025,84.0,8.0,76.0,224.66625763664203,,0.0,0.0,24.999825250382525,54.51995418139984,0.17483758161416493,0.05827919387138831,0.1791980299768714,18.984933205906334,50.55540333065393,30.186521529162846,30.189188705767133,-69.81347847083717,15.672764661764688,226.65782799469815,0.17803039281766161,9.367582779786366,1.2731729904278415,8.094409789358524,1.4868275063842917,1.4758825809598974,8.182506053233274
127,2020-12-02,229.690002,232.729996,228.649994,232.389999,228.319885,210600,-1319136.2868184156,-1570600,0.034436436596836435,-281971.9078144344,42.40605871036217,-1249.5810113998127,-914.9304049132551,5567.317289764132,1024.2306815066934,232.85925976638597,6.715838253013845,230.87850035000002,248.66135151847757,213.09564918152248,15.404510287029458,0.5424987713072495,0.0,0.0,233.6123336666667,239.1773344666667,228.0473328666667,4.764303932634407,0.3901765956020429,0.0,0.0,208.029999,242.690002,225.3600005,15.0122263214016,0.702827405987241,3.216864760706767,5.520996260587566,6.737386848763465,-1.2163905881758987,234.4908345,224.52692353846152,231.85526792334807,226.3342716627605,24.09247090156754,26.65490670851305,20.83218128524709,0.8476691210911993,0.9878788835205008,-0.1402097624293015,0.48283773977983063,25.594266198139323,6.228821643526373,7.921502649999979,130.9048730705441,142.80223978173106,-11.897366711186947,234.1100005,218.15499849999998,226.1324995,217.8600005,204.79000075,210.760002,80.0,4.0,76.0,225.529999,,0.0,0.0,12.499912625191262,55.80157970893314,0.260859095271022,0.14523222562839566,0.11172878728915485,17.918057363761744,54.564933179267676,39.976682987759325,26.88424355170565,-60.023317012240675,13.222234397058799,226.80856456966166,0.034437174761622426,5.217232888871358,2.061984970116545,3.155247918754813,0.7281834116541042,0.7255449570325645,8.970273116624616
128,2020-12-03,231.880005,234.080002,231.289993,232.570007,228.496735,202400,-1335820.1593077164,-1368200,0.04966429316412153,-236485.40395522906,48.17993528571936,2750.03702076212,284.54801709714445,1690.3321786092602,1025.0240448928548,233.0119280228476,6.32325532771246,231.92500075000004,247.365123658903,216.48487784109707,13.314755079420184,0.5208873418238157,0.0,0.0,233.16600033333333,238.41400133333337,227.9179993333333,4.5015147941788305,0.44321710939714604,0.0,0.0,208.029999,242.690002,225.3600005,14.944487609320396,0.7080209427564103,3.181184536216232,5.169049797257031,6.423719438462178,-1.2546696412051466,233.97166816666666,225.69884665384615,231.96522778129452,226.79617798403748,23.441040283207247,27.314229988351986,20.200164687652343,0.9599013113282916,0.9027760655294989,0.057125245798792745,0.4610811508674885,25.385590653361522,13.231547821520147,6.464998249999951,122.60085380325575,141.3977937039556,-18.79693990069987,234.1100005,218.15499849999998,226.1324995,217.8600005,204.79000075,210.760002,76.0,8.0,68.0,226.90279924,,0.0,0.0,6.249956312595631,55.944833583823055,0.27047416214547637,0.23539027967688778,0.1463005663922239,17.088437896837537,53.414812931888164,41.02568047336591,37.06296166342937,-58.97431952663409,11.270704741176502,226.878229157737,-2.608876014126348,1.5433523926402328,1.9582584546212827,-0.41490606198104985,0.07745944351074119,0.07742945916664468,9.054680883772882
129,2020-12-04,233.139999,236.089996,233.139999,234.639999,230.530472,263500,-1331353.7851046263,-1104700,0.06741749935792897,-124781.36167591122,48.484189617778824,2160.718865275152,157.5463694077601,2502.062669150121,1025.0240448928548,233.1288507214958,6.0429286949412155,233.0655006,245.47142192643236,220.65957927356766,10.645866758052778,0.5634575360656736,0.0,0.0,233.42966706666667,238.2496681666667,228.60966596666668,4.129724520939695,0.6255530764643695,0.0,0.0,208.029999,242.690002,225.3600005,14.871357155294046,0.7677437304318754,3.151529960700498,4.999529282713041,6.138881407312351,-1.1393521245993101,233.65916816666666,227.17730826923076,232.37673104571073,227.3772017629977,23.122806098308466,28.493500565919565,19.40046617448395,0.9401604548942332,0.8949675011970141,0.045192953697219096,0.44020052288143274,25.032456356756377,32.91012159199933,2.064504400000004,117.21967291429212,138.3824373996245,-21.16276448533239,234.1100005,218.15499849999998,226.1324995,217.8600005,204.5275,209.394997,72.0,4.0,68.0,228.1657754608,,0.0,0.0,3.1249781562978156,57.64490375473565,0.3845812911648563,0.3053048495271182,0.22864245161080055,16.84293400751602,49.1496661624147,53.088568807359714,44.696977422828326,-46.911431192640286,10.31082070588235,226.92615190925494,-1.573052567528221,0.10619252695861885,1.58784526908875,-1.481652742130131,0.8900511406012779,0.8861135326718284,10.025323314857992
130,2020-12-07,232.429993,232.490005,229.220001,230.320007,226.286133,230400,-1406743.9549025828,-1335100,0.05114061994456231,-249144.90383649484,42.0178961244732,-5336.457055111987,-773.6039659513456,-1896.643990858634,1006.1521743992619,232.68180077950413,5.980635625447094,234.04750129999996,241.21234179913338,226.88266080086655,6.12255243857493,0.23987597487684492,0.0,0.0,233.36400033333334,237.99700193333334,228.7309987333333,3.9706223696733947,0.17148799027683162,0.0,0.0,224.25,242.690002,233.470001,7.878743373706761,0.3291760488963074,3.3836585804346964,4.46512462564624,5.80413005097913,-1.33900542533289,233.25833500000002,228.26230850000002,232.06031196175522,227.59518733610898,22.0607602026388,26.738220646273312,22.660748903229752,0.8617459705524034,0.9919126709203934,-0.13016670036798994,0.4160892680919139,24.542843976080192,-76.00660175499088,-0.21749929999995743,110.50947621301171,134.52585863313607,-24.01638242012436,234.1100005,218.15499849999998,226.1324995,217.8600005,203.90000125,209.375,68.0,4.0,64.0,,242.690002,0.0,1.0,1.5624890781489078,53.044369664745545,0.0779195146840888,0.2443249893314738,0.26167337284515996,15.338440314102053,46.267541503122956,27.913794653765525,40.676014644830396,-72.08620534623448,9.70408681176471,226.94651628164297,-2.045675965515336,-1.931048315695674,0.8840665521318654,-2.815114867827539,-1.8411149072669386,-1.8582743710930494,7.999630685539505
131,2020-12-08,232.880005,235.300003,230.600006,234.740005,230.628723,293500,-1183184.1752899585,-1041600,0.0519943365540282,-28228.57285985307,48.033233783132204,3354.8554565572526,-426.5148459513263,1390.536404632764,1006.1521743992619,232.55488487666895,5.880571662902384,234.20000145,241.28705061590995,227.11295228409006,6.052134177653264,0.5380979119347382,0.0,0.0,233.4043338666667,238.15733516666668,228.65133256666667,4.072761821736508,0.6405081809396221,0.0,0.0,225.529999,242.690002,234.1100005,7.327072115182512,0.5367135425325974,3.460449252257954,4.348139340187714,5.512931908820847,-1.1647925686331329,233.3341685833333,229.71077015384614,232.4725724291775,228.12443308898978,21.501154688764654,28.443875964683414,21.358805547051514,0.8782274195101208,0.9405266062603338,-0.062299186750212954,0.3939878872069685,24.108844853989424,-10.862402025165144,-3.0999954499999944,103.12118629389091,129.8622954975997,-26.741109203708774,232.9749985,219.815002,226.39500025,217.8600005,203.8824995,209.375,64.0,16.0,48.0,,242.42060198,0.0,0.0,0.7812445390744539,56.839748368792,0.35626593065572204,0.2729222455015557,0.2741840281200493,15.091697834156252,52.252772853522615,53.671354253259736,44.89123923812834,-46.328645746740264,9.061499397058867,226.9970092234215,0.3891729000626656,-1.8383316890262333,0.3395869039002456,-2.177918592926479,1.9190681945403076,1.9008863275722376,10.072217248246673
132,2020-12-09,235.539993,236.75,231.850006,236.0,231.866638,251300,-1008812.8409168961,-790300,0.030475755974149272,21037.90090584035,48.581311232416226,2632.305829689208,-620.3312242861874,6981.347901063483,1011.552816309371,232.46970878777512,5.782513896612145,233.9900016,240.58529353955973,227.39470966044027,5.63724252699841,0.6523813061210888,0.0,0.0,232.92300096666668,237.37800126666667,228.46800066666665,3.825298730920575,0.8453421802612819,0.0,0.0,225.529999,242.690002,234.1100005,7.333647968999369,0.6101398117471193,3.468752078595352,4.307445178188118,5.271834562694302,-0.9643893845061839,233.74250141666664,230.82615476923075,233.0152535939194,228.70780841573128,21.195406674513656,28.509750978531546,20.13311711114354,0.8752443287140856,0.9512956844688827,-0.07605135575479705,0.37450265879063693,23.779216896592377,28.39445320362326,-0.2600055999999995,93.18002181489543,123.89156075583605,-30.711538940940628,231.1399995,225.3600005,228.25,217.8600005,203.8824995,209.375,60.0,12.0,48.0,,242.1565899604,0.0,0.0,0.39062226953722695,57.88479998530046,0.4318680428830307,0.28868449607428054,0.26864391030243673,15.175160193114067,60.78940706662866,61.01398117471194,47.53304336057908,-38.98601882528806,8.843059644117659,227.25827093851615,2.1202915935882722,-2.8972407773617346,-0.30777863235215047,-2.589462145009584,0.5367619379577082,0.5353265053471112,10.66304301470138
133,2020-12-10,234.139999,237.070007,233.320007,235.820007,231.689819,229500,-932312.8409168961,-1019800,0.06656526764257553,12131.287419291859,54.60669660424403,1462.4248366013076,836.7244154355743,1173.8471844097398,1010.781322978583,232.6636314301239,5.579262506950931,234.029502,240.65861202141502,227.400391978585,5.665191751264775,0.6350486712557083,0.0,0.0,232.69866826666666,236.98966866666666,228.40766786666663,3.688031763965783,0.8637075789288378,0.0,0.0,225.529999,242.690002,234.1100005,7.332410167671933,0.5996507110167759,3.4540510346598134,4.212116177439839,5.0598908856434095,-0.8477747082035707,233.91666899999998,231.60230892307692,233.4467541179318,229.23463794049195,20.960153960968334,27.60762398992836,19.223905141668883,0.9880595636694077,0.862613090884017,0.12544647278539067,0.356688480761797,23.467062796302883,45.169737325176115,7.510491000000002,84.84528080552258,116.82699481395032,-31.981714008427744,231.300003,225.3600005,228.33000175,217.8600005,205.887497,209.375,56.00000000000001,8.0,48.00000000000001,,241.897858181192,0.0,0.0,0.19531113476861348,57.66997981825216,0.4163273192275466,0.4014870975887665,0.3210312797215343,15.187521799882031,62.07068610020561,59.96507110167759,58.216802176549756,-40.03492889832241,8.492855279411799,227.3454099143297,0.8941988772378211,-4.334814379763544,-1.1131857818344293,-3.2216285979291146,-0.07626822033898195,-0.07629731934262196,10.578642281221097
134,2020-12-11,233.550003,237.190002,231.600006,231.619995,227.563354,196300,-1127208.9613076812,-1216100,0.03717229399909797,-107382.09015489311,54.87399575967006,-2278.152608246566,609.2769487492503,-3671.1865754606183,992.7790604059849,232.7726016056376,5.580335856255837,234.09550159999998,240.59988382474924,227.5911193752507,5.557033074358969,0.3097047102658995,0.0,0.0,232.62500136666668,237.07200146666668,228.17800126666666,3.8233208587847263,0.3870017602802983,0.0,0.0,225.529999,242.690002,234.1100005,7.330342908221006,0.354894809750324,3.479953443385493,3.754383197623497,4.798789348039428,-1.0444061504159308,233.0900025,232.3707703076923,233.16571425363458,229.41133105601108,20.358808121542943,25.741450352020273,20.004329303032968,0.9451645063173597,0.8528168763268407,0.09234762999051904,0.3363705006287227,23.30078355640508,-13.549881322587511,3.394503400000019,77.92757493213193,109.03008139066255,-31.102506458530613,232.919998,225.3600005,229.13999925000002,217.8600005,205.887497,209.375,52.0,4.0,48.0,,241.64430103756814,0.0,0.0,0.09765556738430674,52.750525806805804,0.06043952536617938,0.30287829582558556,0.3310166298295442,13.851262710771556,51.88681676414728,35.4894809750324,52.15617775047398,-64.5105190249676,7.767238844117628,227.39176830787468,-4.106979501320106,-6.436390962537776,-2.177826817975099,-4.258564144562677,-1.7810244573523426,-1.7970755663035298,8.60920961758438
135,2020-12-14,234.080002,235.399994,229.149994,229.699997,225.676987,247200,-1330901.523995681,-1463300,0.016635503646045866,-159845.14950419383,49.59930869393235,-5360.057645631087,41.132271195097346,-5545.29838844484,992.7790604059849,232.6755916992411,5.647302270630253,233.96500155000004,240.70780175392392,227.22220134607616,5.763939186847048,0.18373639875032308,0.0,0.0,232.9033344,237.22433510000002,228.5823337,3.710552887644715,0.1293292199651808,0.0,0.0,225.529999,242.690002,234.1100005,7.334431597168933,0.24300683397316394,3.6480332274630687,3.1998132653158677,4.478994131494716,-1.279180866178848,232.44083516666663,233.0580778076923,232.63252698384463,229.43271371852876,19.276312084431687,23.804018227092204,21.449107299075205,0.8857480387748191,0.8892981316942487,-0.003550092919429537,0.31294741439895524,23.29723046434176,-70.1380863563464,-0.5150045500000431,72.61251085267135,101.43571674446844,-28.823205891797087,232.919998,225.3600005,229.13999925000002,217.8600005,205.887497,209.375,48.0,60.0,-12.0,,241.39581503681677,0.0,0.0,0.04882778369215337,50.624527018406305,0.0,0.158922281531242,0.28776255831519804,12.127478666985684,46.07867726923966,24.300683397316394,39.91841182467547,-75.69931660268361,7.395648779411772,227.4278116660812,-3.280141410582732,-6.563663338112535,-3.0549941220025865,-3.508669216109949,-0.8289431143455483,-0.8323979534610615,7.708901052914308
136,2020-12-15,230.720001,234.110001,228.779999,233.270004,229.184464,201600,-1192844.9880319054,-1261700,0.0064047682171614415,-34193.92654645177,47.80746398570718,-2194.3798015813127,-1108.6879265249934,1084.1282878586157,1008.2088742561906,232.06541926562488,5.615572243567229,233.68850160000002,240.05880004004482,227.31820315995523,5.451957110794185,0.4671524337565352,0.0,0.0,232.99600103333333,237.3570011333333,228.63500093333332,3.7434119733034357,0.5314151525319486,0.0,0.0,225.529999,242.690002,234.1100005,7.343109687686914,0.45104916356949365,3.6788146879464247,3.013642927863259,4.185923890768424,-1.1722809629051651,232.42583575000003,233.92692438461538,232.73060037094547,229.7169574430822,18.19229325247989,22.264985223509104,20.51114323710503,0.8386029171319497,1.0223667750163723,-0.18376385788442262,0.2909819434226188,23.237695369327483,-47.012843658709706,-6.358499600000016,68.72697631905169,94.52706154985816,-25.800085230806474,232.9850005,233.470001,233.22750075,217.8600005,205.887497,209.375,44.0,56.00000000000001,-12.000000000000007,,240.9059821953441,0.0,0.0,0.024413891846076684,54.31170534637656,0.34023399759859696,0.13355784098825876,0.1984528061150288,11.616660911759883,48.31133148185594,51.981232503776546,37.25713229204179,-48.018767496223454,6.325971555882347,227.52546197495423,-0.07710130748041778,-7.997542540492939,-4.043503805700658,-3.954038734792281,1.5542041996631006,1.5422501473437933,9.382917316489658
137,2020-12-16,233.729996,235.889999,232.25,233.369995,229.282715,242700,-1286191.7676051976,-1019000,-0.03899691951240106,-25842.249082673337,53.81875205587481,3936.957377420859,-660.4040755068921,3237.3088267379926,1008.2088742561906,231.84610220855964,5.4180149192105045,233.43750140000003,239.43151270663307,227.443490093367,5.135431343023312,0.4943688461243526,0.0,0.0,233.2540012,237.57100099999997,228.93700139999996,3.7015440487972255,0.5134345384959279,0.0,0.0,225.529999,242.690002,234.1100005,7.351005257118463,0.4568761439027715,3.663545791385252,2.841415957746676,3.9170223041640746,-1.0756063464173984,232.92916849999997,233.9915395,232.82896877541538,229.9875528176687,17.538866991236784,23.474055088890317,19.580097359277463,0.8947671953106606,0.9811675914464737,-0.08640039613581307,0.2704547070890202,23.116639505412667,13.410789399152812,-2.7274944000000403,63.08566634561146,87.91426294345325,-24.828596597841795,232.9850005,234.1100005,233.5475005,218.15499849999998,214.329994,214.034996,40.0,52.0,-12.0,,240.17842320362345,0.0,0.0,0.012206945923038342,54.414385666260536,0.5219994709751912,0.28741115619126273,0.19329709290358787,11.22056872531868,49.809723533423664,67.23837035033347,47.840095417142145,-32.76162964966654,5.244235458823539,227.57393880070765,2.6569273509265976,-7.801037984248222,-4.795010641410171,-3.006027342838051,0.04286491974339057,0.042855735361158054,9.429804216210357
138,2020-12-17,233.520004,235.960007,232.839996,235.160004,231.041351,291100,-1144373.8523799006,-727900,0.023660960066431893,52288.30362913704,58.84451657360628,353.69627963655637,17.472869686744218,2336.8464226933706,1008.2088742561906,231.96273327401624,5.1882145272894515,233.43900134999998,239.43472081465504,227.44328188534493,5.1368618182747845,0.643519277389925,0.0,0.0,233.45466803333335,237.80466803333334,229.10466803333333,3.7266335572942175,0.6960156283524884,0.0,0.0,225.529999,242.690002,234.1100005,7.350958023621613,0.5611890044541361,3.5537762179756944,2.8168922295043615,3.6969962892321324,-0.880104059727771,233.30000158333334,233.79769361538462,233.1875895791976,230.37069734969324,16.94627039697193,22.62026938300623,18.792672182868593,0.9501179862837954,0.936393398494201,0.0137245877895944,0.252790086005584,22.99252308165082,47.54827557131539,-1.049002349999995,58.690167454295306,81.41098455900915,-22.720817104713845,232.9850005,234.1100005,233.5475005,218.15499849999998,217.4850005,217.1900025,36.0,48.0,-12.0,,239.49451775140605,0.0,0.0,0.006103472961519171,56.30746366110394,0.7827442120442359,0.5483258935393414,0.32309829690628766,11.375437614008495,48.764656625657494,82.59007309003259,67.26989198138087,-17.409926909967417,4.030528447058828,227.7020678528098,1.9288270404326224,-6.061628567495323,-5.048334226627202,-1.0132943408681214,0.7670261980337267,0.7640995082161872,10.269159483005708
139,2020-12-18,235.160004,236.889999,230.639999,232.529999,228.457413,466000,-1328537.0523798985,-1193900,-0.044484882179624236,-130264.6440321671,68.41143733014346,-851.6664431330646,221.85175284606308,-2978.8822178487503,1008.2088742561906,233.135007150164,5.294393074560507,233.37400119999998,239.37953469617204,227.36846770382792,5.1467031162784584,0.4297312886075862,0.0,0.0,233.32766813333333,238.00766843333332,228.64766783333334,4.0115262261358895,0.41477894420932715,0.0,0.0,225.529999,242.690002,234.1100005,7.353005438379564,0.4079253366097899,3.211161599877042,2.555776177696231,3.4687522669249526,-0.9129760892287218,233.31166825,233.70153976923078,233.08642179778258,230.53064562008635,15.860115239739136,20.814474279069607,20.102479111381708,1.0282949021771026,0.8730521352573227,0.1552427669197799,0.23502840539514452,22.996154406060295,-0.9307589721024785,-0.8039941999999769,53.13618162094832,75.03617404877988,-21.899992427831563,232.9850005,234.1100005,233.5475005,218.15499849999998,217.4850005,217.1900025,32.0,44.0,-12.0,,238.8516466263217,0.0,0.0,0.0030517364807595856,52.83566961439941,0.30455364503175125,0.536432442683726,0.45738983080477674,10.588030003183095,43.514953313511796,45.43327125688888,65.08723823241833,-54.56672874311112,2.9089392705882346,227.76771606794554,0.060243556350294915,0.3965470243987374,-3.9593579764220146,4.355905000820752,-1.1183895880525596,-1.1246905882740243,9.035920684514686
140,2020-12-21,232.0,232.0,224.520004,229.139999,225.126801,220300,-1276701.9072541532,-1414200,-0.030375177913829984,-218343.55202757227,61.845881086088916,-18691.491393559652,-1379.3421637657877,-8423.397210044555,993.5104349217952,233.00403484006318,5.565953267104456,233.27600085,239.48721332352244,227.06478837647757,5.325204865387194,0.1670535851388732,0.0,0.0,233.11533446666667,238.21633396666667,228.0143349666667,4.376374048211215,0.11033759494911703,0.0,0.0,224.520004,242.690002,233.605003,7.789055853921114,0.2542650252355554,3.0788148856395754,2.0516450695537287,3.185330827450708,-1.1336857578969792,233.02583425,233.65692423076922,232.47927982889294,230.4276347593392,15.842988983042359,18.748717550226672,25.690236693306417,0.9027060790234321,0.9744199137923886,-0.07171383476895643,0.21460052742513855,23.16987813863362,-158.99074591251772,1.3639981499999863,49.21148631148776,69.04620738406842,-19.834721072580663,230.855003,233.605003,232.230003,218.15499849999998,218.31500225000002,217.1900025,28.000000000000004,40.0,-11.999999999999996,,238.2473477687424,0.0,0.0,0.0015258682403797928,48.670067855452885,0.0,0.36243261902532903,0.4823969850827989,8.739559657019532,44.18853295165611,36.46405469045845,54.82913301245998,-63.53594530954155,1.3353525029411912,227.78004974560577,-1.4748281793705302,-1.5897146087847147,-3.4854293028945547,1.89571469410984,-1.457876409314407,-1.4686078559673632,7.446311719176402
141,2020-12-22,228.440002,230.25,227.5,228.139999,224.144318,173800,-1369606.0336541545,-1588000,-0.06300370343848825,-211980.18745220482,61.42731481991235,973.0981012658226,-1220.5793700039565,-3970.1899934819053,989.1746121092892,232.89228113490617,5.284357940394011,232.996501,239.59204194885604,226.40096005114395,5.661493559387006,0.13183444408435224,0.0,0.0,232.6236673,237.52966709999995,227.7176675,4.217971332790501,0.04304234786148854,0.0,0.0,224.520004,242.690002,233.605003,7.798399513304275,0.1992292459250678,3.0407860944351963,1.5535179042620086,2.8589682428129684,-1.3054503385509597,232.48416758333335,233.49653965384616,231.8116981629094,230.2581802586474,15.827086030395353,18.085097179423002,24.780917730301404,0.9490197502144383,0.984163074295533,-0.03514332408109466,0.1920161886495715,23.251610990413813,-132.05215460102687,-2.676493999999991,42.966132096947376,63.46688630429642,-20.500754207349047,230.855003,233.605003,232.230003,218.15499849999998,221.0875015,217.1900025,24.0,36.0,-12.0,,237.14916026724302,0.0,0.0,0.0007629341201898964,47.480869818239,0.0,0.10151788167725041,0.33346098112876854,6.85464327425489,46.06268041090019,28.57139361821518,36.82290652185418,-71.42860638178482,0.38899942941174004,227.80491475962418,-2.7702011710288152,-4.571054680930253,-3.7025543785016946,-0.8685003024285582,-0.43641442103697914,-0.4373694884857393,6.977400519961563
142,2020-12-23,229.669998,232.580002,228.979996,229.550003,225.529617,133100,-1460557.2529576777,-1454900,-0.12410777063639353,-154887.08461617527,60.636271101022395,5152.522787373425,-1048.9732438174349,64.12738111638305,995.288139618214,232.80914787872183,5.199922446354611,232.3970015,237.85969134915166,226.93431165084831,4.701170681112831,0.23941422828150238,0.0,0.0,232.17400046666666,236.95000146666666,227.39799946666668,4.1141566156419715,0.22529345506139248,0.0,0.0,224.520004,240.419998,232.470001,6.841738016142172,0.31635225774299075,2.9656073073581433,1.2580223769905956,2.538779069648494,-1.2807566926578984,232.4200005833333,233.1407704230769,231.46374506092337,230.20572268393278,15.233686920711294,20.07901789631012,23.34422823560048,0.9208242627522066,0.9577633301247478,-0.03693906737254116,0.1698158318042086,23.31867057911402,-71.82714783374988,2.343003500000009,36.38783046551307,58.082725155406465,-21.694894689893395,230.855003,233.605003,232.230003,218.15499849999998,221.0875015,217.1900025,20.0,32.0,-12.0,,236.13882776586357,0.0,0.0,0.0003814670600949482,49.359725035933245,0.18059091011997036,0.06019697003999012,0.17471582358085655,5.7270622086623,48.63883321898158,39.7000773007226,34.91184186979876,-60.2999226992774,-0.7906181264706049,227.92007021058507,-0.3343191978975583,-8.313782771168572,-4.6248000570350705,-3.688982714133502,0.6180433094505444,0.6161412547800893,7.638567186499268
143,2020-12-24,229.529999,229.919998,226.240005,229.179993,225.166092,77800,-1414046.6543233867,-1532700,-0.1153421087311588,-136872.7550995789,55.99712588513863,-12771.172107991675,-2115.536884765065,697.2103840475353,993.6838418193586,232.557983839417,5.04792950171915,231.9815009,237.0837072072004,226.87929459279957,4.3988044627746605,0.22546113080076746,0.0,0.0,231.47833296666667,236.2473332666667,226.70933266666665,4.120472304150178,0.25903335897602414,0.0,0.0,224.520004,237.190002,230.855003,5.461641532124424,0.367797137773818,2.9679016548479296,0.9826558826669327,2.2275544322521816,-1.244898549585249,231.95666625,232.78653942307693,231.1123985900121,230.12974270734517,15.22103680323443,19.091091257079267,25.859047183006684,0.8619880077205121,1.03479679125471,-0.17280878353419793,0.1481890084713932,23.354346434262094,-123.10769770961919,4.018499100000014,30.494905241067706,52.812428523066,-22.317523281998298,230.70500149999998,233.605003,232.15500225,218.15499849999998,221.0875015,217.1900025,16.0,28.000000000000004,-12.000000000000004,,235.20932186459447,0.0,0.0,0.0001907335300474741,48.86569013852362,0.1331054993687788,0.10456546982958305,0.08876010718227456,4.64667652926226,47.78922154496487,36.7797137773818,35.01706156543987,-63.2202862226182,-2.49079464117645,228.00570194965835,-2.3685830627804583,-13.371884512617582,-6.374216948151573,-6.997667564466009,-0.1611892812739435,-0.16131933096552586,7.465065353677791
144,2020-12-28,230.720001,232.759995,229.800003,230.779999,226.738083,172100,-1472188.7033559517,-1360600,-0.11098192039010638,-77982.21399963889,62.35390305001859,5503.7576990238385,-1341.2358308982207,1076.1002850740151,993.6838418193586,232.6158100616129,4.901136751547236,231.848001,236.92920612398717,226.76679587601285,4.383220991400448,0.3949066241236529,0.0,0.0,231.2426661,235.74866599999996,226.7366662,3.8972045911729585,0.44866099530983367,0.0,0.0,224.520004,237.190002,230.855003,5.4647863882164724,0.49408018848937524,2.759823243496161,0.8833503514142649,1.9587136160845984,-1.0753632646703335,231.52166616666668,232.61923149999998,231.06126019154868,230.17790984013442,14.523996643977389,22.043985299499333,24.591433176034023,0.9744982159421145,0.9616720183348141,0.012826197607300416,0.128959580822563,23.31210902918245,-28.616303801740237,3.9720059999999933,26.382687934954742,47.6757815322086,-21.29309359725386,230.70500149999998,233.605003,232.15500225,218.15499849999998,221.0875015,217.1900025,12.0,24.0,-12.0,,234.35417643542692,0.0,0.0,9.536676502373705e-05,51.142911813560346,0.35198640672495707,0.22189427207123544,0.12888557064693626,4.2821722697419355,49.00648504040334,49.40801884893752,41.962603309013986,-50.59198115106248,-3.6005887294117542,228.02967827301896,-2.211864830508473,-14.160334332246444,-7.931440424970548,-6.228893907275896,0.6981438384108918,0.6957180978766075,8.21532608588873
145,2020-12-29,232.039993,232.039993,227.899994,229.330002,225.313477,127600,-1511639.39665322,-1488200,-0.019055512598292964,-93273.27159969042,56.09430751586428,-4250.330297801358,-1884.4633847809785,399.7912812300656,987.4404992600819,232.4052652661035,4.825022976392514,231.94800099999998,236.74010349389903,227.15589850610093,4.13204897066481,0.226842340774951,0.0,0.0,231.07666623333336,235.3716660333333,226.78166643333333,3.717380789683923,0.2966630599920736,0.0,0.0,224.520004,237.190002,230.855003,5.462430348774592,0.37963683972168033,2.760626668326989,0.6798109254879421,1.7029330779652674,-1.0231221524773253,230.98083241666666,232.44615457692305,230.79491277746428,230.11510185197633,14.259441192119368,20.775659077892342,25.817098051507838,0.9283200606743134,1.019410119462948,-0.09109005878863452,0.11067327787341763,23.311083794571925,-80.24922790573815,-0.3280059999999878,24.525468219163415,42.764502854443236,-18.239034635279822,230.70500149999998,233.605003,232.15500225,218.15499849999998,225.14250175,217.1900025,8.0,20.0,-12.0,,233.56744264059276,0.0,0.0,4.7683382511868524e-05,49.012658048361004,0.1472316908634778,0.2107745323190712,0.17907809140662992,3.417787231408804,45.20086434256261,37.963683972168035,41.38380553282913,-62.036316027831965,-3.2681491647059033,228.03746555521872,-2.7521010971728095,-16.395499177010976,-9.624252175378635,-6.771247001632341,-0.6283027152625964,-0.6302848436452457,7.535406253760812
146,2020-12-30,229.850006,231.0,228.559998,230.360001,226.325439,128600,-1450501.5310285187,-1359600,0.010124118617585092,-61025.96545687744,54.17841341445491,-360.4875272076145,-2098.2343388450377,-224.12794694591685,987.4404992600819,232.08497872898397,4.586520878753262,231.93050069999998,236.74307217907702,227.11792922092295,4.150011718641572,0.3368336234767817,0.0,0.0,230.86866606666666,234.8746658666667,226.86266626666665,3.470371157984026,0.4365120953492481,0.0,0.0,224.520004,237.190002,230.855003,5.462842516081368,0.46093116983917554,2.7619211183012444,0.594760743631241,1.481298611098462,-0.8865378674672211,230.87583291666667,232.41769284615384,230.72800327323898,230.13324252960774,14.013782558251206,20.043689299886292,24.907507869137564,0.9161503282150122,1.0597108762994796,-0.1435605480844674,0.09446855931047674,23.31532383542579,-68.26971034022039,-2.2305036999999857,20.394204960037918,38.02100714493507,-17.62680218489715,230.70500149999998,233.605003,232.15500225,218.15499849999998,225.942501,217.1900025,4.0,16.0,-12.0,,232.84364754934535,0.0,0.0,2.3841691255934262e-05,50.5871490584159,0.3048626661379543,0.26802692124212973,0.23356524187747882,3.0676537810570865,48.138266553598726,46.093116983917554,44.48827326834104,-53.906883016082446,-2.8880315999999766,228.1153745262496,-0.5439918950002471,-18.130453269518508,-11.32549239420661,-6.804960875311899,0.44913399512376273,0.44812839825656425,8.018384320040894
147,2020-12-31,230.720001,234.399994,228.669998,234.089996,229.990112,118600,-1344734.2669676004,-1241000,-0.005998495606032892,10888.802036962225,52.30814826096422,8479.02680439455,-1597.0484840026631,2497.96053668916,1003.4291609593741,231.8254734825634,4.700868390877936,232.01550054999998,236.91676575358053,227.11423534641943,4.224946343638203,0.7116285656695883,0.0,0.0,230.72366586666666,234.93866536666664,226.50866636666666,3.653720986243175,0.8993274653215702,0.0,0.0,224.520004,237.190002,230.855003,5.460841180854454,0.755327033200796,2.6911747682290295,0.8188975442434696,1.3488183977274637,-0.5299208534839941,231.2416661666667,232.43153900000001,231.24523292350992,230.42633537926645,13.07296882920591,23.258346016636462,22.869767241169704,0.897767279376975,1.0104697000914455,-0.11270242071447056,0.08334112061403734,23.337801237710295,13.986270325073889,1.2545034500000156,16.79467421086949,33.36595234010998,-16.571278129240486,230.70500149999998,233.605003,232.15500225,218.15499849999998,225.875,217.1900025,4.0,12.0,-8.0,224.520004,,1.0,0.0,1.1920845627967131e-05,55.89830687229011,0.953644996462075,0.46857978448783566,0.3157937460163456,4.184696637672496,53.17809633593061,75.5327033200796,53.1965014253884,-24.4672966799204,-2.57820840588235,228.16172462142393,1.911188096358581,-19.89147056932491,-13.038688029230268,-6.8527825400946405,1.6192025454974779,1.6062332729831041,9.767420748556255
148,2021-01-04,235.0,235.910004,226.770004,228.110001,224.114838,165100,-1461424.3097028297,-1406100,-0.029692950614669426,-131709.1946111753,52.94621813786218,-1079.4832707449968,-1511.4292456096935,-2297.2223950362677,1003.4291609593741,231.61549026192023,5.144781551790141,231.79250024999996,236.97058618275747,226.61441431724245,4.467863220054733,0.1444150118575871,0.0,0.0,230.28466593333332,235.1016643333333,225.46766753333333,4.183516414761628,0.2742717816417264,0.0,0.0,224.520004,237.190002,230.855003,5.4660948850091176,0.283346295713702,2.584492030345063,0.508134495785896,1.1806816173391501,-0.6725471215532541,230.8116659166667,231.91500084615384,230.76288955066224,230.25475505487634,12.50803803010751,20.392425897162003,22.61321012375375,0.9004378423229823,0.989634920010659,-0.0891970776876767,0.07083832479152782,23.55355942135047,-54.92665898199423,1.577494750000028,9.165566370319597,28.48032842337345,-19.314762053053855,230.215004,232.470001,231.3425025,218.15499849999998,226.61249899999999,217.8600005,36.0,8.0,28.0,224.7176038,,0.0,0.0,5.9604228139835655e-06,47.14856861862613,0.0,0.41950255420000976,0.38536975330999174,2.6497602516238445,47.67728373178927,29.021814479310738,50.21587826110264,-70.97818552068927,-1.9479725529411667,228.15842852965835,-2.2120302274269217,-19.195000112665483,-14.269950445917313,-4.925049666748169,-2.554570935188538,-2.5877666575237157,6.963334121807518
149,2021-01-05,228.080002,229.679993,225.580002,226.229996,222.267761,158600,-1569736.8586328155,-1564700,-0.05778703421123563,-155489.13723815052,54.756583615061444,-9590.790201728514,-1813.624428188081,-5524.723840741588,995.1592392922859,231.37008042406924,5.040302496611125,231.37200009999998,236.9102248428598,225.83377535714015,4.787290372617413,0.035771448546817616,0.0,0.0,229.66566573333336,234.2676632333333,225.06366823333332,4.0075624585029725,0.12671973058076236,0.0,0.0,224.520004,237.190002,230.855003,5.476029076346301,0.13496387292247408,2.448124068578627,0.10889655758367667,0.9663246053880554,-0.8574280478043788,230.21666600000003,231.4819235769231,230.0655213120988,229.95662475451513,12.245088203647205,19.246744338571244,22.973407569140523,0.9162019806091011,1.0562169614697619,-0.14001498086066078,0.05622260481277494,23.737933552259083,-143.7258598365994,3.7880039000000068,2.929166488275042,23.337848443016483,-20.40868195474144,230.745003,230.855003,230.800003,218.15499849999998,226.61249899999999,217.8600005,32.0,100.0,-68.0,225.16529980800001,,0.0,0.0,2.9802114069917828e-06,44.77565866621102,0.0,0.31788166548735836,0.4019880013917346,0.6524911280063385,46.87987218081706,13.823708093657283,39.45940863101588,-86.17629190634271,-2.518855117647064,228.0489984273777,-3.0595188554552566,-18.745469246092476,-15.165054205952346,-3.58041504014013,-0.8241659689440795,-0.827580993255328,6.081778722727615
150,2021-01-06,229.630005,240.509995,229.460007,239.639999,235.442902,309900,-1308635.4202964127,-1254800,0.02333306409640878,460403.5866101561,56.614290186917046,26225.459959650867,216.3641261856457,17062.496621455593,995.1592392922859,231.895474860781,5.964272146950013,231.8379997,238.41477201316505,225.26122738683497,5.673593044863591,1.0931480465259793,1.0,0.0,230.463999,235.4229957,225.50500230000003,4.3034892404170995,1.4251871452142728,1.0,0.0,224.520004,240.509995,232.5149995,6.897053554935413,0.9455912139037468,2.4016203645826777,0.8646061438060713,0.9459809130716587,-0.0813747692655874,230.58999891666667,231.72000057692307,231.53851787946823,230.67391173566216,12.874454234015971,29.096950710266256,18.974850114174092,0.939707707796508,0.8456837643670336,0.0940239434294744,0.05209713737720817,24.031556846136542,142.4883060366079,0.691999299999992,2.184928085164395,18.806603552818373,-16.62167546765398,233.04499850000002,232.5149995,232.779999,218.15499849999998,226.61249899999999,217.8600005,100.0,96.0,4.0,225.580002,,0.0,0.0,50.0000014901057,60.17297841944285,1.0,0.3333333333333333,0.3569058510069005,4.208893342488275,56.266506909202654,94.55912139037468,45.80154798778091,-5.440878609625324,-1.4623242205882434,228.8505223648212,1.9050837403455745,-11.785331759686965,-14.48910971669927,2.7037779570123046,5.927597240464966,5.758562984125426,12.369879310932163
151,2021-01-07,241.240005,241.809998,238.25,241.360001,237.132782,259400,-1114813.6716325083,-995400,0.01639344546526882,458370.00549442036,56.98897273193499,6923.7404741727305,429.7057759536366,20231.45209332624,1002.3019362086768,232.52144546585768,5.723844732255013,232.16899949999998,239.86738019908265,224.47061880091732,6.631704246184395,1.0969438158011091,1.0,0.0,231.64833233333334,236.68832883333334,226.60833583333334,4.351420490908291,1.4634598621910417,1.0,0.0,224.520004,241.809998,233.16500100000002,7.447158766775841,0.9739735595049949,2.3830805103819737,1.5840413792360835,1.0735930063045438,0.5104483729315397,231.32583241666669,232.25961592307692,233.04951528262697,231.4654739033909,13.652164536519994,29.42819957902931,18.12776239819965,1.0103693580704989,0.8519008557685374,0.15846850230196152,0.05651749871594052,24.205179475968514,215.8029435936604,-3.029000499999995,3.0118043389660634,15.098156205424264,-12.0863518664582,233.695,233.16500100000002,233.4300005,218.15499849999998,226.1324995,217.8600005,100.0,92.0,8.0,225.580002,,0.0,0.0,75.00000074505286,61.64992753556592,1.0,0.6666666666666666,0.43929388849578616,7.483963242344226,59.251756255587736,97.39735595049949,68.59339514484383,-2.6026440495005145,0.476646529411795,230.04378763543238,3.7973603569318413,-8.405016072985736,-13.272290987956564,4.867274914970828,0.7177441191693612,0.7151805951195911,13.176407511404097
152,2021-01-08,241.300003,241.860001,236.009995,238.970001,234.784637,209700,-1112304.2283601433,-1205100,-0.025064516212944338,321291.00470950274,47.84116398213793,-3054.726952792554,186.24697363727154,-214.667437355228,992.3769212202208,232.78858339082066,5.736460859029512,232.31749955,240.41022885740975,224.22477024259027,6.966956275859883,0.9110171733971707,0.0,0.0,232.5059988666667,237.77099536666665,227.2410023666667,4.528912394229669,1.1138657578721418,1.0,0.0,224.520004,241.860001,233.1900025,7.463922017750561,0.8333333044982641,2.3958426982725487,1.9389944397098873,1.2466732929856126,0.6923211467242747,232.14499924999998,232.57730800000002,233.96035923914587,232.021364799436,13.845626877543497,27.273521066853057,19.60405144762848,0.9737008541271795,0.857344281173938,0.11635657295324153,0.06432039832165232,24.394143982359573,157.30154146637275,-4.177500550000019,3.8102777398647003,12.133197594179485,-8.322919854314785,233.72000150000002,233.1900025,233.455002,218.15499849999998,226.1324995,217.8600005,96.0,88.0,8.0,226.87840168,,0.0,0.0,87.50000037252643,58.408633839166114,0.807915014185517,0.9359716713951723,0.6453238904650574,9.033445843800148,59.65952503348741,83.33333044982642,91.76326926356688,-16.666669550173584,1.9320881205882756,230.53060848645674,4.289954631622394,-7.598769200168147,-12.137586630398882,4.538817430230735,-0.9902220708061793,-0.9951573769082955,12.05570974528063
153,2021-01-11,237.990005,239.720001,235.919998,237.25,233.094757,215400,-1176924.1206602275,-1420500,-0.05944525498634997,222465.4018367168,52.62365212972978,-1967.0369753925502,106.57764990445109,-3626.850178231676,992.3769212202208,233.10423847527665,5.542815073126561,232.38899920000003,240.62818722392552,224.14981117607454,7.0908589066512855,0.7949927095900882,0.0,0.0,233.4243323,238.7013298,228.1473348,4.5213773971240725,0.8624852674271687,0.0,0.0,224.520004,241.860001,233.1900025,7.461625575949384,0.7341406114430119,2.406815836271895,2.057786707149944,1.408895975818479,0.6488907313314651,232.904166,232.76423111538463,234.4664578177388,232.40867111058887,14.003818579547637,25.94466143974482,18.7642683951167,1.000794463712954,0.8933772134291889,0.10741725028376514,0.07245906934172655,24.562857833360457,117.87377020085277,-2.8389962000000253,3.154426348899549,9.552279640173351,-6.397853291273802,233.72000150000002,233.1900025,233.455002,218.15499849999998,226.1324995,217.8600005,92.0,84.0,8.0,228.376561612,,0.0,0.0,93.75000018626321,56.1218087138084,0.6723935795643831,0.8267695312499667,0.8098026231039354,9.546095057328104,58.489367009612224,73.4140611443012,84.71491584820905,-26.58593885569881,3.029410617647045,230.80945609946332,3.993162549281861,-6.660686394675162,-11.042206583254139,4.3815201885789765,-0.7197560333106368,-0.722358773487386,11.249182013719917
154,2021-01-12,238.600006,241.899994,238.139999,239.419998,235.226761,163400,-1229072.995805008,-1257100,-0.024954442552015416,241338.58346004284,60.604707859988,5062.409865370252,1803.2848826851587,-55.82268036650794,1001.4536585618184,233.9744548465045,5.4535329658139045,232.77899935,241.55650093979156,224.00149776020842,7.5414892359718095,0.8782966361250011,0.0,0.0,234.29499876666668,239.6519965666667,228.93800096666664,4.572865684883901,0.9783462141176629,0.0,0.0,224.520004,241.899994,233.20999899999998,7.466304971037325,0.8573073977602979,2.2880959977119337,2.3005122647494147,1.5872192336046662,0.7132930311447485,233.72666558333336,233.02769230769232,235.22854092270208,232.92802865795267,14.528927527918537,27.207879159323195,17.632139079085903,1.111449675080336,0.7854170501225217,0.32603262495781427,0.08215969395825509,24.711923085916904,142.02026421478308,-3.5990063499999962,3.916173088190358,7.262357958954123,-3.346184870763765,233.739998,233.20999899999998,233.4749985,218.15499849999998,226.1324995,217.8600005,88.0,80.0,8.0,229.7249055508,,0.0,0.0,96.8750000931316,58.33801984616376,0.8037302999588405,0.7613462979029135,0.8413625001826842,10.663839710024279,54.98032789488604,84.80393862938166,80.5171100745031,-15.196061370618333,5.255351829411751,231.19335240732207,4.299714602922479,-7.866695824926024,-10.407104431588516,2.540408606662492,0.9146461538461548,0.9104885979665411,12.266718378193708
155,2021-01-13,238.690002,241.710007,236.919998,238.240005,234.067413,162900,-1302190.6424524358,-1420000,0.007181849949532255,179401.5201514654,53.643815778335764,-2073.006510095761,1585.7059818736168,691.6713137317811,996.517945936312,234.69898617560293,5.387180569232514,233.20599975,242.17169449385545,224.24030500614452,7.689077256560134,0.7807370423496742,0.0,0.0,235.21499946666663,240.63699826666667,229.79300066666664,4.610249186738949,0.7789566767640501,0.0,0.0,224.520004,241.899994,233.20999899999998,7.4526341597692936,0.7894136302725147,2.1359855630004674,2.3703347014470353,1.7438423271731402,0.626492374273895,234.48166658333332,233.16615407692308,235.69184308844024,233.3215083869932,14.699048223972211,25.50104620769515,18.12381319787826,1.0517657220117094,0.770288148442178,0.2814775735695314,0.09131699571569916,24.868969665205146,107.9253679214436,-2.426000749999986,4.995704736972403,5.551413489724622,-0.5557087527522189,233.739998,233.20999899999998,233.4749985,218.15499849999998,226.1324995,217.8600005,84.0,76.0,8.0,231.185916164704,,0.0,0.0,98.4375000465658,56.66207519472568,0.7044107582107688,0.7268448792446641,0.7716535694658481,11.071278287238396,57.82539050722601,77.5735858203852,78.5971951980227,-22.42641417961479,5.931205173529406,231.52484289535326,3.9532298964683186,-8.799491455142935,-10.0855818362994,1.2860903811564661,-0.4928548199219285,-0.49407335467641644,11.71340644549861
156,2021-01-14,239.669998,239.669998,234.130005,235.199997,231.080658,197900,-1423645.991060278,-1617900,-0.05778693115382388,67827.36252982749,46.86624725489008,-6760.529881249569,734.7736484005461,-3328.118940931321,996.517945936312,235.06364986353196,5.4024618123092605,233.3024994,242.31031929207126,224.29467950792872,7.722008907094691,0.6053250188577924,0.0,0.0,235.8509995,241.58299739999998,230.1190016,4.860694177384647,0.4432132991535124,0.0,0.0,224.520004,241.899994,233.20999899999998,7.449551567041632,0.6144993754311712,2.1199439873265695,2.1555187677890615,1.8261776152963247,0.32934115249273677,234.84999975000002,233.35384599999998,235.61617445944944,233.46065569166038,14.166089273296388,23.652892229292156,20.460156132751695,1.0054461886516053,0.8428531036503265,0.16259308500127878,0.0969582344016697,25.004325909289477,53.65174104782066,-3.9724973999999804,7.543946503883244,4.523554855615039,3.0203916482682045,233.739998,233.20999899999998,233.4749985,218.15499849999998,226.1324995,217.8600005,80.0,72.0,8.0,232.4716055049395,,0.0,0.0,98.73760206135015,52.479197625704714,0.4565257919698062,0.6548889500464719,0.7143600423980164,10.154337809498529,56.6914934969572,58.94607668925327,73.77453371300672,-41.05392331074673,5.359617394117663,231.59980524197985,1.9152430969548588,-8.043655046515209,-9.677196478342564,1.6335414318273553,-1.2760275084782724,-1.2842386653568738,10.2879126485959
157,2021-01-15,233.330002,235.059998,230.589996,231.199997,227.150726,268500,-1618864.0245197727,-1886400,-0.08275841009865546,-95290.83211729072,43.51955881318929,-6784.088739295694,1162.422460450259,-7091.585028134699,996.517945936312,234.97646380136962,5.323215731078333,233.19399949999996,242.24811030294424,224.13988869705568,7.7653034146312,0.38988413421274115,0.0,0.0,235.84066626666663,241.44666476666666,230.2346677666667,4.754055853676434,0.08609788544657207,0.0,0.0,224.520004,241.899994,233.20999899999998,7.453017675096736,0.3843496457707973,2.272300125737357,1.6435630503329435,1.7896547023036486,-0.14609165197070517,235.0058326666667,233.21769184615385,234.93676254261106,233.29319949227812,13.415280489295009,22.210401440643615,23.89546303662714,0.9930451640377403,0.8685209300570335,0.12452423398070689,0.09643405106388926,25.07855175560542,-17.917699183186336,-2.83399849999995,8.242642073059692,4.42100771147505,3.8216343615846418,233.739998,233.20999899999998,233.4749985,219.815002,226.39500025,217.8600005,76.0,68.0,8.0,,241.899994,0.0,1.0,89.96857663598308,47.50946768228437,0.1620105165586269,0.4409823555797339,0.6075720616236233,7.807957027029619,43.19545199747234,34.43626075306896,56.985307754235826,-65.56373924693104,4.281734885294156,231.59488504138986,0.8154166413864979,-4.571918915946494,-8.65614096586335,4.084222049916857,-1.7006802938011933,-1.71530794469259,8.412267851736566
158,2021-01-19,230.660004,234.070007,229.729996,232.740005,228.663742,235900,-1527547.746450432,-1650500,-0.09664881553511873,-29779.586500534897,36.27928564728139,-1701.776449745884,647.7414498238502,-2995.012177463719,1003.155686545303,234.97835972052175,5.2248952579705,233.07299955000002,242.08335725337642,224.06264184662362,7.731790229475681,0.4815215687899248,0.0,0.0,236.03233289999997,241.1583325,230.90633329999997,4.343472385346249,0.1788599144642949,0.0,0.0,224.520004,241.899994,233.20999899999998,7.456886912493503,0.4729577519895006,2.392691463140079,1.3465777212680905,1.7010393060965372,-0.3544615848284467,235.20416633333332,233.09230742307693,234.59879984374783,233.25222212247974,12.896243073222227,20.91708597470088,23.657892962714875,0.9437441095558244,0.9276338722194658,0.016110237336358635,0.09292508489999865,25.143829373745742,-17.735063872904266,1.0169964499999935,10.659796864232638,5.279966642137005,5.379830222095633,235.6800005,233.20999899999998,234.44499975,225.3600005,228.25,217.8600005,72.0,64.0,8.0,,241.67379404,0.0,0.0,75.10629160155824,49.49258503021483,0.27953367346007796,0.299356660662837,0.46507598876301426,6.4688359856980835,43.141552242064726,43.87258890813179,45.75164211681801,-56.12741109186821,3.176706020588256,231.62026415118027,1.03316721204563,-3.1061992756161767,-7.546152627813917,4.43995335219774,0.6660934342486158,0.6638848340687176,9.134394849816996
159,2021-01-20,231.660004,237.050003,231.25,236.580002,232.436508,179300,-1377306.758764736,-1471200,-0.013260204569139362,72833.42044239893,42.025133487990956,7278.3082822085935,1471.215634110275,4529.600255289423,1019.706836945368,235.2174325975167,5.2824060321734505,233.2754997,242.40913884424012,224.1418605557599,7.8307744756618405,0.6808973536076195,0.0,0.0,236.81200003333333,242.10800083333334,231.51599923333333,4.47274698854327,0.4780968657205144,0.0,0.0,224.520004,241.899994,233.20999899999998,7.4504137907115116,0.6939013198511629,2.3312162285095575,1.4048758398495238,1.6418066128471347,-0.2369307729976109,235.41166683333333,233.12153800000002,234.9036001754789,233.4987243356294,12.203777616455437,23.272564876673137,21.828550435430273,0.9884267718356786,0.882105833744945,0.10632093809073362,0.09062873729971214,25.185107093031995,30.399134367947823,-5.1654987000000006,14.11896890920768,6.6059711781418144,7.512997731065866,235.814995,233.20999899999998,234.512497,225.3600005,228.33000175,217.8600005,68.0,60.0,8.0,,241.1960421184,0.0,0.0,50.715996720426496,54.1446915209104,0.5552260028115549,0.3322567309434199,0.35753191572866366,6.730360185318886,48.36796847966764,67.40199382450685,48.57028116190255,-32.59800617549316,1.8596186235293999,231.9119995102786,1.0636960325292986,-4.077257049293412,-6.852373512109816,2.7751164628164036,1.6499084461220948,1.636445340825965,10.935012448068381
160,2021-01-21,236.479996,237.940002,231.75,231.800003,227.740204,178400,-1552824.5189205483,-1649600,-0.07594131233949268,-59393.042706515276,36.80623938543017,2411.4620487662337,1669.2120323941217,-646.2107931434202,999.1040910679204,235.36864532517416,5.373165628956104,233.4084999,242.373295084431,224.44370471556903,7.681635577343414,0.41028814005737374,0.0,0.0,236.54133349999998,241.3513357,231.73133129999997,4.066944350763977,0.007138427088457291,0.0,0.0,225.580002,241.899994,233.739998,6.992029856235747,0.38112769908220556,2.4844064312211205,1.0532305613609196,1.5240914025498917,-0.4708608411889721,235.71916699999997,233.12846138461538,234.4261236869437,233.37289312558278,11.751269110223074,22.546603372447898,20.046934102533406,0.9870113265104645,0.8640445474111769,0.12296677909928766,0.08503698991722344,25.19875474969416,6.068058751587477,-7.17850390000001,12.331233485108598,7.6414633054909835,4.689770179617614,235.814995,233.20999899999998,234.512497,225.3600005,229.13999925000002,217.8600005,64.0,56.00000000000001,7.999999999999993,,240.73740027366398,0.0,0.0,25.357998360213248,48.193979923064376,0.20257596245021994,0.3457785462406176,0.3257973126156249,5.0638070394600225,42.85457497703527,38.11276990822056,49.79578421361973,-61.88723009177944,0.8623829705882713,231.9053605105178,1.6176414816639242,-4.8536311078473044,-6.452625031257314,1.59899392341001,-2.020457756188543,-2.041148172354834,8.693617384732665
161,2021-01-22,229.720001,230.070007,225.399994,228.919998,224.91066,229600,-1436304.3182273176,-1879200,-0.01806660289646334,-145372.4863198706,31.482369540101516,-14461.583085804255,30.597040237063993,-6457.167644124003,999.1040910679204,234.9227251138946,5.475849966060495,233.44749984999999,242.3266539892746,224.56834571072537,7.6069815654310755,0.2450488087613114,0.0,0.0,235.30700016666665,240.22800386666668,230.38599646666665,4.182624143365471,-0.14895319695315992,0.0,1.0,225.399994,241.899994,233.649994,7.067970319066152,0.21333357575757578,2.838131321579083,0.5359783852076134,1.3264687990814363,-0.7904904138738229,235.94333383333333,233.09846142307694,233.5790274274139,233.0430490422063,11.81387418172069,20.66828895431252,26.642582895894694,0.9289581980709724,0.9800118287751387,-0.05105363070416635,0.0748975203057697,25.17728993856988,-98.517279079671,6.192499150000003,9.955572530059138,8.324273837734811,1.631298692324327,233.649994,233.20999899999998,233.4299965,225.3600005,229.13999925000002,217.8600005,60.0,52.0,8.0,,240.2971041027174,0.0,0.0,12.678999180106624,44.985938802974005,0.012461585055389796,0.25675451677238825,0.3115965979854753,2.6539783115833226,43.106577687646634,21.333357575757578,42.28270710282833,-78.66664242424243,-0.8837056264705723,231.56729812505213,1.1890562911913736,-3.4170277264300273,-5.8455055702918575,2.42847784386183,-1.2424525292176192,-1.2502355043617186,7.343150786437924
162,2021-01-25,227.270004,232.380005,226.130005,228.25,224.25238,186500,-1496283.0166273182,-2065700,-0.009539080334732684,-142455.64927417462,37.42252214582036,5093.8488605898565,471.54933533241064,-3398.51509275413,996.1799352551665,234.80421576679976,5.553264969454445,233.38249969999998,242.39289274081654,224.37210665918343,7.721567000438253,0.21519002130372894,0.0,0.0,234.30433393333334,239.26533703333334,229.3433308333333,4.234666100040274,-0.11019251664379212,0.0,1.0,225.399994,241.899994,233.649994,7.069938843405062,0.17272763636363683,3.0855154258225252,0.07116868155239331,1.0754087755756279,-1.0042400940232346,234.99416725,232.90538434615385,232.7591770539656,232.6880083724132,11.35665177944867,21.980677764577663,24.49636901756586,0.9592063719445979,0.9693113096692256,-0.010104937724627727,0.06145059150441299,25.239368408767263,-81.16435395062061,7.9775013000000286,7.1755925527439,8.771070082606407,-1.5954775298625066,233.649994,233.20999899999998,233.4299965,233.470001,233.22750075,217.8600005,56.00000000000001,48.0,8.000000000000007,,239.40327749655438,0.0,0.0,6.339499590053312,44.24802443404114,0.0,0.07167918250186996,0.2247374151716253,0.4939309985567803,44.375342031006184,17.27276363636368,25.572963706780616,-82.72723636363632,-1.4968218941176588,231.2391454305594,-4.752962380040733,-3.925343503226915,-5.46147315687887,1.5361296536519546,-0.292677793925189,-0.2931069329147107,7.02898122078639
163,2021-01-26,228.229996,231.410004,225.789993,227.169998,223.191299,266900,-1632107.3534302188,-2332600,-0.05542553925903781,-163283.77563500713,36.12834904651046,-1379.22208133067,1058.0899153608282,-1808.7248471162738,996.1799352551665,234.6177472690429,5.559939572508998,233.28199995,242.51961895669143,224.04438094330857,7.919701484616351,0.16917871663830958,0.0,0.0,233.35366713333332,238.4966710333333,228.2106632333333,4.407904930897364,-0.10117289949296926,0.0,1.0,225.399994,241.899994,233.649994,7.072984629562715,0.1072729696969697,3.3104824842710636,-0.37996350999003425,0.7843343184624955,-1.1642978284525296,233.81166699999997,232.66692292307695,231.89930335335552,232.27926686334555,11.000004383986463,20.390089965530496,23.16153612292082,0.9703718554786688,0.9054846680472329,0.06488718743143584,0.0453476859312633,25.35103891712476,-94.91365762876555,5.688001049999997,5.511410044411314,8.948318633297623,-3.4369085888863085,233.5550005,233.20999899999998,233.38249975,233.605003,233.5475005,218.15499849999998,52.0,44.0,8.0,,238.56308048676112,0.0,0.0,3.169749795026656,43.022942800437114,0.0,0.004153861685129969,0.1108625203197961,-1.6456008701236078,44.875620635406925,10.72729696969697,16.444472727272753,-89.27270303030303,-1.9799107588235358,230.85920272973118,-5.879185839081936,-1.1934891557953606,-4.607876356662168,3.4143872008668077,-0.47316626506024306,-0.47428924039278897,6.5225561878119676
164,2021-01-27,224.029999,224.460007,218.509995,218.929993,215.095612,308600,-1897140.5899346163,-2641200,-0.10439026397235558,-503224.02811572026,26.119911246107407,-13718.18551684054,-1795.0276186742724,-12456.54878709766,996.1799352551665,233.01434344213686,5.869945915258097,232.68949964999996,243.81934230111577,221.55965699888415,9.566261191722674,-0.11813572218923155,0.0,1.0,231.43500059999997,236.7970062,226.072995,4.633703274006865,-0.6660755818680972,0.0,1.0,218.509995,241.899994,230.2049945,10.052021700670666,0.01795630688141512,4.138609385848437,-1.3864069249023316,0.3501860697895301,-1.7365929946918617,232.14166633333335,232.04269173076923,229.90402483745467,231.290431762357,11.927385425158548,18.204085728026552,29.69090328903198,0.8632654073045957,1.139100670768751,-0.2758352634641553,0.021154934553610834,25.393777449793475,-195.54240831820363,4.560500350000041,-0.10175523778609948,8.38193419165779,-8.483689429443888,229.08999649999998,230.2049945,229.6474955,230.5999985,233.5475005,218.15499849999998,48.0,100.0,-52.0,,237.77329529755545,0.0,0.0,1.584874897513328,35.04957947481371,0.0,3.700743415417188e-17,0.02527768139566669,-6.315212317156253,38.08982562569124,1.7956306881415118,9.931897098067397,-98.2043693118585,-4.237322564705892,228.34228482497193,-8.385993185814147,2.370401352548984,-3.212220814819938,5.582622167368922,-3.6272417451885475,-3.6946615025596152,2.6587255617257277
165,2021-01-28,220.820007,220.820007,216.470001,217.100006,213.297668,290800,-2103708.313473387,-2932000,-0.13983677770906178,-507357.7697563312,17.35266643639892,-4248.281977297802,-2593.029222350739,-13624.400390403722,987.8530892794404,230.9898985500248,5.717951923732288,232.07799985000003,245.06749125565577,219.08850844434428,11.194073901060243,-0.07654273682641899,0.0,1.0,229.3523340666667,234.67033936666667,224.03432876666665,4.637411100821154,-0.6519665152145134,0.0,1.0,216.470001,241.899994,229.1849975,10.957519892637938,0.024774092544972835,4.830725481648423,-2.3051133277549525,-0.18087380971936645,-2.124239518035586,230.46250016666667,231.44923046153843,227.93417578553857,230.23928911329352,13.080288642317353,17.206216266830516,30.63403161780388,0.7237474051904017,1.2019517983143568,-0.47820439312395513,-0.008990707330814697,25.303197098934216,-200.60467581913002,7.3419981499999665,-9.216502117467313,6.51966212261884,-15.736164240086152,227.20500149999998,229.1849975,228.1949995,229.58000149999998,233.5475005,218.15499849999998,44.0,100.0,-56.0,,236.232231273751,0.0,0.0,0.792437448756664,33.56195306581836,0.0,3.700743415417188e-17,0.0013846205617100513,-10.581976896485395,33.83382042321182,2.4774092544972834,5.000112304111931,-97.52259074550271,-7.056586655882342,225.92646893197497,-8.493148155953632,4.367709135558245,-1.6962348247443015,6.063943960302547,-0.8358777045226473,-0.8393907524274269,1.8006241630081687
166,2021-01-29,215.710007,215.710007,209.630005,211.080002,207.383102,316800,-2269403.412652631,-3248800,-0.18517974800418624,-707326.2693911411,16.94717774116745,-11467.171650882536,-3193.9181293571664,-11215.3349188393,987.8530892794404,228.60301347188812,5.893156831359059,231.1139999,247.00747598596706,215.22052381403296,13.753797773258174,-0.13025853474837934,0.0,1.0,226.93300119999998,232.30500739999997,221.560995,4.7344424756146815,-0.9755194437415214,0.0,1.0,209.630005,241.899994,225.7649995,13.962801480638465,0.044933297002363315,5.7683575022044415,-3.4788566880781957,-0.8404703853911323,-2.6383863026870635,228.10083383333333,230.75461519230768,225.3412259723788,228.820082660457,14.985755913425098,15.622521512061386,36.24235088957448,0.6724861356650668,1.2458264138140054,-0.5733402781489386,-0.04687977282123518,25.33913712535638,-222.6977495913474,7.126005099999986,-19.746422003284962,3.409766114136099,-23.15618811742106,223.78500350000002,225.7649995,224.7750015,226.16000350000002,232.230003,218.15499849999998,40.0,100.0,-60.0,,234.2560082463759,0.0,0.0,0.396218724378332,29.1750667074364,0.0,3.700743415417188e-17,7.401486830834377e-17,-15.837018326658942,27.233039159020898,4.493329700236331,2.922123214291718,-95.50667029976367,-9.433409173529384,222.49284127305495,-11.836937698078163,6.643008880532471,-0.028386083688946906,6.671394964221418,-2.7729174728811423,-2.8120886508732568,-1.0222231319099495
167,2021-02-01,212.889999,213.169998,209.699997,211.5,207.795746,254900,-2259853.4803903624,-2993900,-0.2007500742399391,-590985.7323066926,16.884534647794595,-1681.23998823402,-3173.504058845843,-8277.41338796266,989.8186772928002,226.65417473227583,5.650841248223153,229.98450010000002,247.94751740668892,212.02148279331112,15.621067766635022,-0.014515456518458553,0.0,1.0,224.8503346666667,230.1223407666667,219.5783285666667,4.689346900742288,-0.7661531885051025,0.0,1.0,209.630005,241.899994,225.7649995,14.031375586601968,0.057948423843590086,6.540677646833082,-4.3253069824843635,-1.5374377048097787,-2.787869277674585,225.87250008333334,230.11461523076923,223.21180659201283,227.5371135744972,16.755118379453723,14.934850671893479,34.64703813121777,0.673150439997193,1.2519837204084505,-0.5788332804112575,-0.08792515655417413,25.34811833555267,-184.7784291410824,5.215496899999977,-27.74921898294016,-0.8579023133275447,-26.891316669612614,223.78500350000002,225.7649995,224.7750015,226.16000350000002,232.230003,218.15499849999998,36.0,96.0,-60.0,,231.3008878568108,0.0,0.0,0.198109362189166,29.863855658118467,0.023618628312623798,0.00787287610420797,0.0026242920347360516,-19.753972435173857,30.698319418787435,5.794842384359009,4.25519377969755,-94.20515761564099,-12.29858686470584,220.33058241299992,-11.223977685863462,6.294293839173827,1.236149900883608,5.058143938290219,0.19897574190850253,0.1987780473785783,-0.8252813660621139
168,2021-02-02,213.830002,217.220001,211.669998,214.110001,210.360046,294200,-2295369.3382016085,-2699700,-0.1779044774508873,-396864.585662879,19.500828743304524,5678.286923863362,-3129.512840382049,4137.743748630712,989.8186772928002,224.94081245827402,5.6577572234008375,229.2845001,248.53046554007096,210.03853465992904,16.787846916539966,0.10577454149413557,0.0,0.0,223.06566773333333,228.45867303333335,217.67266243333333,4.835352167638051,-0.3303039061850458,0.0,1.0,209.630005,241.899994,225.7649995,14.074213034865318,0.13882855677453135,7.075439412303716,-4.730983834426723,-2.1761469307331676,-2.554836903693556,224.11500041666667,229.52076900000003,221.81152880862624,226.54251264305296,17.395981660603443,18.984140597059234,32.13589715596631,0.6834992821807427,1.2340613314338102,-0.5505620492530675,-0.1270216796603767,25.401038628449353,-131.88982310105757,1.9154968999999937,-34.90658395244289,-6.305185964622052,-28.601397987820835,223.78500350000002,225.7649995,224.7750015,226.16000350000002,232.230003,218.15499849999998,32.0,92.0,-60.0,,228.70038191399348,0.0,0.0,0.099054681094583,34.14969533383368,0.18098108525333617,0.0681999045219867,0.025357593542064936,-21.7233099689605,29.638436189750575,13.96507394232707,8.08441534230748,-86.03492605767293,-14.542821826470572,219.27941873609342,-8.966835148386497,7.182348645997312,2.4253896499063488,4.7569589960909635,1.2340430260047386,1.2264907835248806,0.3985773327997988
169,2021-02-03,212.990005,215.740005,211.570007,214.279999,210.527054,177100,-2242282.3773445524,-2522600,-0.1429093131705101,-335868.6954538965,19.527889567085253,-1860.1193196007735,-3114.30661248955,3771.167564895285,990.6045686323757,223.6868973825939,5.508981301060753,228.68700025000004,248.98823600130353,208.38576449869655,17.754604091277805,0.14516935258300726,0.0,0.0,220.95600126666668,226.1860060666667,215.7259964666667,4.733978502523705,-0.1382405487148579,0.0,1.0,209.630005,241.899994,225.7649995,14.110985305121195,0.1440965474143792,7.502590263667014,-4.981346384131712,-2.7371868214128767,-2.244159562718835,222.70500058333332,228.9476923076923,220.65283191499142,225.63417829912314,18.005191357511013,17.962059098414905,30.534840188504447,0.6952536479177264,1.2523222917306063,-0.5570686438128799,-0.16281313499431907,25.464089770190107,-118.84094918002947,4.053004749999957,-43.79144913156381,-12.541039588696764,-31.250409542867047,221.005005,225.7649995,223.38500225,226.16000350000002,232.15500225,218.15499849999998,28.000000000000004,88.0,-60.0,,226.41193668431427,0.0,0.0,0.0495273405472915,34.4307443754185,0.21048284494631464,0.1383608528374249,0.07147787782120656,-23.223205627858203,31.96111572990781,15.479344485865877,11.746420270850662,-84.52065551413412,-15.56117412058822,217.86239133566184,-7.318338330255251,4.069627884764671,2.754237296878013,1.3153905878866579,0.07939750558405567,0.07936600243869663,0.47829129884393584
170,2021-02-04,215.839996,222.080002,212.619995,220.929993,217.060577,272200,-2036262.550319055,-2250400,-0.15586220761345276,-29297.686560483067,26.93114783735132,12841.533767431134,-1714.159209012357,8588.103999971443,990.6045686323757,222.5588201746876,5.904083870954679,227.75149995,247.66833016358103,207.834669736419,17.489966228941203,0.32875018572612724,0.0,0.0,219.4273341,224.9843394,213.87032879999998,5.065007349966264,0.6352040189704332,0.0,0.0,209.630005,241.899994,225.7649995,14.168946859662594,0.3501701844397899,7.677843225428966,-4.590248046901905,-3.1077990665106827,-1.4824489803912226,221.7208329166667,228.5688459230769,220.69547208191582,225.28572012881773,17.1874160633653,23.66458969419338,26.98537199414364,0.7562715569183849,1.1387711247892285,-0.3824995678708436,-0.18899974754221352,25.651478702838105,-72.5196287880778,8.828502049999997,-50.52756393753695,-19.26138808509633,-31.266175852440618,221.005005,225.7649995,223.38500225,226.16000350000002,232.15500225,218.15499849999998,24.0,84.0,-60.0,,224.39810488219655,0.0,0.0,0.02476367027364575,44.42335121834192,0.6106733531165157,0.33404576110538886,0.1802021728216002,-21.449442586512234,42.16323819512604,39.915186144315,23.11986819083599,-60.084813855685,-15.405616352941138,218.1005392963717,-5.0743369194307615,4.6448441945510135,3.1323586764126135,1.5124855181384,3.103413305504077,3.0562311232723793,3.596547960155383
171,2021-02-05,222.110001,223.729996,218.919998,219.399994,215.557373,201400,-2197466.610778124,-2451800,-0.23482841817317723,-69132.55970898559,33.482761121084195,9493.413522841618,-551.480476002549,7052.74241683415,983.7443683543494,221.67785724565232,5.7946752838592115,226.65349960000003,245.85685807822517,207.4501411217749,16.945124175991445,0.31113966059049375,0.0,0.0,218.68266706666668,224.25367086666665,213.11166326666665,5.095057486473445,0.5643804024450082,0.0,0.0,209.630005,241.899994,225.7649995,14.237586914365021,0.3027577418758955,7.83902387037958,-4.353572653950891,-3.356953783998725,-0.9966188699521665,220.28916558333333,228.18692253846154,220.49616776162108,224.84974041557197,16.113506091957735,24.30123950249594,25.370511597513314,0.877523518876805,1.0644422042491546,-0.18691868537234957,-0.20857917995392145,25.832901153473856,-48.826843630551814,5.146503399999972,-56.019206826318126,-26.283032460547663,-29.736174365770463,220.5200045,225.7649995,223.14250199999998,226.16000350000002,232.15500225,218.15499849999998,20.0,80.0,-60.0,209.630005,,1.0,0.0,0.012381835136822875,42.80695631101853,0.545938903984899,0.4556983673492431,0.30936832709735235,-20.48625413442503,44.21694897043663,34.51073837980268,29.96842300332786,-65.48926162019733,-13.299765138235301,218.18885573784368,-7.261817505606419,2.7366730583171144,3.053221552793514,-0.31654849447639943,-0.6925266140754394,-0.6949357084874208,2.8791142942678816
172,2021-02-08,219.990005,225.419998,219.25,225.190002,221.245987,236800,-1978320.7665169104,-2215000,-0.1867421106537504,136611.21944944092,40.61576233485394,2631.6344256739835,-241.95112775827275,4854.448901053274,983.7443683543494,221.06006144959483,5.83220755547329,225.96449964999996,244.32094856629703,207.6080507337029,16.247197187814606,0.47890393579031604,0.0,0.0,218.11933340000002,223.68233700000002,212.55632980000001,5.100880800692931,1.135508181227851,1.0,0.0,209.630005,241.899994,225.7649995,14.280999471148558,0.4821816642081902,7.886371004238367,-3.6566488713943954,-3.416892801477859,-0.23975606991653642,219.7383321666667,227.98807642307696,221.21829610598706,224.87494497738146,15.126895406340632,24.537130243606022,23.4333503553875,0.8942508873724427,1.0313463899791482,-0.13709550260670544,-0.21760876002908475,25.92113699009996,-23.541691375648224,2.9554983500000276,-57.65559320932846,-33.30158837762986,-24.354004831698596,217.5250015,225.7649995,221.64500049999998,226.16000350000002,232.15500225,218.15499849999998,16.0,76.0,-60.0,209.91200482000002,,0.0,0.0,35.169041473977906,50.192812906021004,0.8417325592831134,0.6661149387948427,0.485286355749825,-17.2205065977817,51.437431211765734,54.96290585972153,43.129610127946414,-45.03709414027846,-10.764911823529417,218.28662588114705,-2.851596598124294,2.367980602479256,2.9161733627306625,-0.5481927602514065,2.6390192152876635,2.6047978693818585,5.594113889011387
173,2021-02-09,228.199997,240.399994,228.199997,233.039993,228.958496,430500,-2067243.9156373558,-1784500,-0.18347273523000632,599869.7774566647,44.915575316069,33907.763392569206,1660.1528086960568,21256.17425692379,983.7443683543494,221.89050619649538,6.769985999925962,225.75399929999998,243.67945585838174,207.8285427416182,15.88052181929321,0.7032303522164175,0.0,0.0,218.6949997,224.9160019,212.4739975,5.6892038762054975,1.6529487403171157,1.0,0.0,209.630005,241.899994,225.7649995,14.294315538178811,0.7254414620345861,7.868589042488163,-2.442744644361312,-3.22206317005455,0.7793185256932378,220.08166508333332,227.94769169230767,223.03701870506598,225.4797633494273,16.261540438785065,37.000871682224926,19.48386654169114,0.9518889334645962,0.9276213938714462,0.02426753959315009,-0.2120771510699,25.989438107035216,64.53693332245004,2.4960007000000246,-56.70372681597699,-39.590696330762185,-17.113030485214807,225.0149995,225.7649995,225.3899995,226.16000350000002,232.15500225,218.15499849999998,12.0,72.0,-60.0,210.53232454720003,,0.0,0.0,67.58452073698895,58.094248025062285,1.0,0.7958904877560041,0.6392345979666967,-11.487283027613326,53.42496447375565,76.080586184155,55.18474347455975,-23.919413815845,-6.809647814705897,218.62077443116937,1.7997532046108167,8.12017740974994,3.956974172134518,4.163203237615423,3.4859411742445,3.426558342578012,9.275062582647076
174,2021-02-10,233.729996,236.389999,231.199997,234.690002,230.57959,238100,-1985124.3124464513,-1546400,-0.1534412998277847,570297.9725199977,50.92464281537249,-1100.771959258717,1409.2789509799888,16692.812468737608,990.7096408837043,222.09984832765542,6.611987599933366,225.51749950000004,242.8298300468107,208.20516895318937,15.35342541948561,0.7649124124333953,0.0,0.0,220.0409998,226.18600099999998,213.89599859999998,5.58532383109086,1.6919446167073182,1.0,0.0,209.630005,241.710007,225.670006,14.22506105784486,0.7811719276077351,7.79705567069117,-1.3322178836446597,-2.844094112772572,1.5118762291279122,220.61833191666665,228.20076865384615,224.82978536582505,226.1620032494697,17.31513939748347,34.84291062835628,18.347530470021177,0.9782675049680193,0.9795591452598502,-0.001291640291830931,-0.19513548587702212,26.02856172916507,70.89321491439912,1.6524984999999504,-53.4633901417603,-44.50701722235029,-8.956372919410008,225.0149995,225.7649995,225.3899995,225.7649995,231.3425025,218.15499849999998,8.0,68.0,-60.0,212.32438471436802,,0.0,0.0,83.79226036849448,59.5469194701041,1.0,0.9472441864277045,0.8030832043261839,-6.478557091737063,55.370608144691005,81.44298329128424,70.82882511172026,-18.557016708715764,-2.944443414705887,220.47211413769128,2.821468565169767,6.520039921300745,4.469587321967763,2.0504525993329814,0.7080368389815295,0.7055420273561985,10.048770281552333
175,2021-02-11,235.660004,245.029999,235.130005,244.949997,240.659882,365500,-1625531.5344104248,-1180900,-0.06303064230452628,1024545.1439457126,59.07966855861035,17023.66672776364,3658.2253662348385,17664.480481362745,990.7096408837043,223.6050825916378,6.98478853994003,225.85299909999998,244.357552907472,207.34844529252794,16.386369790271285,1.0160080620881753,1.0,0.0,222.3983327,229.0983327,215.69833269999998,6.025225026338521,2.18296002238806,1.0,0.0,209.630005,245.029999,227.330002,15.67390919804704,0.9977400561141336,7.674410382569515,0.3714960500637403,-2.2009760802053098,2.57247213026905,222.0999985,228.92076869230766,227.92520254031348,227.55370649024974,19.103014938490414,40.26090103347908,16.30699914458876,1.063886717325826,0.8233050123895632,0.24058170493626274,-0.16208290253567,25.943356801007745,132.21732705866782,-6.923006099999981,-44.18770626735648,-47.222715473913794,3.035009206557312,227.364998,227.330002,227.34750000000003,227.330002,230.800003,218.15499849999998,100.0,64.0,36.0,214.00892127150595,,0.0,0.0,91.89613018424724,67.16828583580379,1.0,1.0,0.914378224727903,0.9577808062160862,61.97865160278247,99.77400561141336,85.76585836228419,-0.22599438858664064,1.2719984029411364,225.53892488499346,7.826737314141282,8.942406511500607,5.364151159874332,3.578255351626275,4.371722234677899,4.278859295020698,14.859796840940565
176,2021-02-12,243.600006,247.619995,240.649994,243.539993,239.274582,305100,-1677621.9021592943,-1486000,-0.04849552445036699,816725.5204677543,60.537891708553765,9263.619069155151,3956.066095418074,14222.39971500744,985.0068257230878,224.9215926707924,6.983309785946025,226.26999890000002,245.9376279634137,206.60236983658635,17.38421280684743,0.9390461616984166,0.0,0.0,225.5779983,232.36699819999998,218.7889984,6.019203957090875,1.82287486850604,1.0,0.0,209.630005,247.619995,228.625,16.789671712859132,0.8926032357471012,7.537429488146501,1.589602134307512,-1.4428604373027456,3.0324625716102576,224.1508318333333,229.07076846153845,230.32747799564987,228.73787586134236,20.970591544820024,40.029191107443715,15.088802150218386,1.112488077043241,0.8217398304698567,0.2907482465733844,-0.12044131974210891,25.951086661210976,141.6257608207328,-9.169992900000011,-32.07646235163731,-47.70352029265793,15.627057941020617,229.595001,228.625,229.1100005,228.625,232.779999,218.15499849999998,96.0,60.0,36.0,216.49060748978548,,0.0,0.0,95.94806509212361,65.34623826759915,0.9520428221139015,0.9840142740379672,0.9770861534885573,6.061173694543223,60.54377771030289,89.26032357471013,90.15910415913591,-10.739676425289876,5.441203917647044,231.47641753387686,11.241036306980568,8.917021048996482,6.074725137698762,2.84229591129772,-0.5756293191544692,-0.5772924501036947,14.198630174402837
177,2021-02-16,244.770004,244.770004,238.919998,240.440002,236.228882,260600,-1802798.7786958313,-1746600,-0.03517454948673968,584642.2097437889,60.401097392004985,-5140.627672663462,3687.3942674657314,-5073.3908103982585,972.4687934390836,225.79029896355985,6.869979407351423,226.73199915,247.25658629248923,206.20741200751078,18.10471148266169,0.83394101315739,0.0,0.0,228.56999860000002,235.59699899999995,221.5429982,6.1486638168094006,1.344599596152012,1.0,0.0,209.630005,247.619995,228.625,16.755460253701017,0.8110030300086943,7.388238533325482,2.2785508996346096,-0.6985781699152747,2.977129069549884,226.09583150000003,229.03538388461538,231.88325091939603,229.60470001976142,22.342045247238755,37.49726393621417,16.0049285045009,1.0980169452352166,0.8413738117834018,0.2566431334518149,-0.07720180337324854,25.917484717784852,111.9732010173957,-15.65199715,-20.795826160216453,-46.13565831574388,25.33983215552743,229.595001,228.625,229.1100005,228.625,233.4300005,218.15499849999998,92.0,56.00000000000001,35.99999999999999,219.60354624080693,,0.0,0.0,97.9740325460618,61.402515472360996,0.8482421206804818,0.9334283142647944,0.9724808627675873,8.896376145153173,55.98511402671094,81.10030300086943,90.04487739566433,-18.899696999130562,8.93835139117644,233.6227733274527,10.750803940558152,7.531385426833473,6.366057195525705,1.1653282313077682,-1.272887857888716,-1.2810584847104067,12.745009677037643
178,2021-02-17,241.220001,244.059998,239.539993,242.720001,238.468948,177400,-1730582.4976518953,-1569200,-0.03926639549799134,558903.5830089621,67.10371182635984,-114.67028468288886,4659.073926905564,-1634.9305720167804,981.6903366853371,226.96420466965859,6.63498196661628,227.23099895000001,248.7755269777946,205.68647092220542,18.962666297599004,0.8594648727049768,0.0,0.0,231.34733166666666,238.27133226666666,224.42333106666666,5.985805455475355,1.32124988069277,1.0,0.0,209.630005,247.619995,228.625,16.718665224175382,0.871018813113665,6.962504990238045,2.974239443413552,0.03598535275049064,2.938254090663061,228.73249808333333,229.17961465384616,233.55044323948894,230.5762037960754,23.61553797091329,35.62242008340685,15.204690335862036,1.1871930476679868,0.7966917251121401,0.3905013225558467,-0.03265019178728747,25.88917181729072,108.22100166555789,-15.730998950000014,-9.525702508517886,-42.32835313540544,32.802650626887555,230.119995,228.625,229.3724975,228.625,233.455002,218.15499849999998,88.0,52.0,36.0,222.40519111672623,,0.0,0.0,98.9870162730309,63.16337429214059,0.89458878095768,0.8982912412506877,0.9385779431844833,11.754477920652928,60.060987157806,87.1018813113665,85.82083596231536,-12.898118688633494,10.12893972941174,235.78834493385568,14.989576795626517,3.909328606484632,5.87471147771749,-1.9653828712328578,0.9482610967537664,0.9437933231150275,13.814126742336263
179,2021-02-18,240.610001,243.300003,240.070007,240.899994,236.680832,158100,-1807431.0380835254,-1727300,-0.08352738699267699,437954.0559076817,69.11693802093978,-234.92653702594245,4945.742172639269,496.72117808308167,974.3292486940774,228.2803794232024,6.294483369954652,227.44699855,249.44398875687213,205.45000834312785,19.342519661376418,0.8057917315841945,0.0,0.0,234.10333143333332,240.93333183333328,227.27333103333336,5.835030503993465,0.9975594559750471,0.0,0.0,209.630005,247.619995,228.625,16.702788008718695,0.8231112722061785,6.516434701930938,3.34021436012452,0.6968311542252966,2.6433832058992235,231.18249758333332,229.31999903846156,234.68114335649062,231.3409289963661,24.79806692861107,34.30252513313832,14.641320583113284,1.2172175237453815,0.7631238681208509,0.45409365562453063,0.009354166868407334,25.83293808694725,97.81139900349037,-13.336997549999978,2.0890080949002443,-36.48206735402353,38.57107544892377,233.2699965,228.625,230.94749825,228.625,233.455002,218.15499849999998,84.0,48.0,36.0,224.9266715050536,,0.0,0.0,99.49350813651546,60.77969862752082,0.8318492785068331,0.8582267267149982,0.8966487607434935,13.34349466752244,56.56910749906018,82.31112722061785,83.50443717761793,-17.688872779382148,11.362381967647082,236.79195435900215,13.90070638297872,0.28749269297910107,4.757267720769812,-4.469775027790711,-0.7498380819469408,-0.752663500596995,12.96070507738687
180,2021-02-19,242.330002,242.330002,237.589996,239.300003,235.108856,351400,-1905288.548981192,-2078700,-0.06622151809500132,295069.6425780135,67.74612397743297,-2326.8465537950933,5598.622536716942,-3519.3954247578054,974.3292486940774,230.73523976502025,6.139035632959187,227.82199855,250.3522913024528,205.29170579754717,19.778856208662493,0.7547238195284974,0.0,0.0,236.2229984666667,242.58099876666665,229.86499816666668,5.383049356980506,0.741978954714216,0.0,0.0,209.630005,247.619995,228.625,16.675294853785743,0.7809951516175712,5.730259056810387,3.461247114127417,1.2497143462057207,2.211532767921696,233.28166441666667,229.31538384615382,235.39173714779974,231.93049003367233,25.306314958709713,32.404991639183486,16.725661361046914,1.2708958579057665,0.7253200801050566,0.54557577780071,0.04642382446612257,25.765018811343232,81.58903793641532,-13.541999549999986,11.625601373218949,-28.965977554074968,40.59157892729392,233.4349975,228.625,231.02999875,228.625,233.4749985,218.15499849999998,80.0,44.0,36.0,227.19600385454825,,0.0,0.0,99.74675406825773,58.68305918965537,0.772541046579929,0.8329930353481475,0.8631703344379446,14.021767263891583,57.06972516753994,78.05909166978336,82.4907000672559,-21.940908330216647,11.038969602941194,237.11907919922177,11.76498149659062,3.4757618792353138,4.500966552462913,-1.025204673227599,-0.664172287193987,-0.6663877263332729,12.210451378843935
181,2021-02-22,238.300003,243.289993,237.270004,241.809998,237.574875,298500,-1753559.085438983,-1780200,-0.058844598288323266,359950.19470972597,74.55264622975415,645.3579464004923,5764.808103476551,797.0367278366134,984.5488956306297,232.8365575967241,6.127130969663269,228.46649855,251.80839812298737,205.12459897701265,20.43354252910649,0.7858271968885062,0.0,0.0,238.23366536666668,244.71266476666665,231.75466596666666,5.439197176459616,0.7759942093321814,0.0,0.0,209.630005,247.619995,228.625,16.628254138400887,0.8470650558212839,4.8207475217720175,3.7168564557066475,1.7431427681059062,1.9737136876007413,235.57583100000002,229.4526912692308,236.3791618942921,232.66230543858546,25.894827779913637,31.2473501895476,15.549212011125826,1.2591992644675005,0.6950217075766971,0.5641775568908034,0.08061005712050363,25.701798327141088,79.51788714348989,-7.536505550000015,24.323295739350364,-19.857212115332874,44.18050785468324,237.90999599999998,228.625,233.267498,228.625,233.4749985,218.15499849999998,76.0,40.0,36.0,229.2384029690934,,0.0,0.0,99.87337703412886,60.958332471740015,0.8119255464980177,0.8054386238615933,0.8322194619749131,15.264003923958175,58.40385288576887,83.88349810269013,81.41790566436379,-16.11650189730988,10.010764447058847,237.9352529587243,12.84767553130332,4.235380073727053,4.447849256715741,-0.21246918298868778,1.0488905008496863,1.043427809665598,13.387416144317177
182,2021-02-23,242.970001,245.570007,238.910004,239.979996,235.776947,299000,-1956484.7719589432,-2079200,-0.08361375666920283,230361.51003690768,74.81531633842319,4365.770066896645,5671.056899407499,868.1260093693445,984.5488956306297,234.9655794934468,6.180418172696944,229.05299835,252.92706582907923,205.17893087092077,20.845889511211656,0.7288465855174301,0.0,0.0,240.0536656,246.58166549999996,233.5256657,5.43878376835749,0.4943574141292516,0.0,0.0,209.630005,247.619995,228.625,16.58567679692632,0.7988944192930824,4.025684610212446,3.72877978081047,2.140270170646819,1.5885096101636509,237.16333124999997,229.63653738461542,236.93313637209332,233.20435659128285,26.715498186609697,31.47831731098908,14.346914737268943,1.2548747429799598,0.7188771527507424,0.5359975902292174,0.10963162403633211,25.69533109350893,75.37753683393807,-9.653004350000003,34.21057209064367,-9.755623347930577,43.966195438574246,239.40999599999998,228.625,234.017498,228.625,233.4749985,218.15499849999998,72.0,36.0,36.0,231.07656217218408,,0.0,0.0,99.93668851706443,58.43183802451432,0.7331367163945045,0.7725344364908171,0.8036553652335194,15.573383892843376,47.075182847494595,78.80720792472943,80.24993256573431,-21.19279207527057,9.769177067647064,238.15001450593348,8.622642286509286,4.776003803459642,4.513480166064522,0.2625236373951205,-0.7567933564103568,-0.7596715679361488,12.529307711931615
183,2021-02-24,241.0,248.059998,240.830002,244.720001,240.433929,207100,-1940730.2107945946,-1872100,-0.05668941741782412,337689.1565316351,79.3861074583542,7697.779534052191,6353.763960382711,1827.7581279478472,1003.99537769505,236.47000629414032,6.370376555427251,229.93049850000003,254.73519419025249,205.12580280974757,21.575820391006072,0.7981190070759833,0.0,0.0,241.11933283333337,247.15033263333333,235.08833303333336,5.002502063298873,0.7985133714203287,0.0,0.0,209.630005,248.059998,228.84500150000002,16.713743174875077,0.9130887949940555,3.1401259693434533,4.0737482573925945,2.5269657879959744,1.5467824693966201,239.27333183333334,230.15653753846152,238.13111554561743,234.05736728822484,27.762072017768812,31.4176119700173,13.030517759502287,1.2566579998630742,0.6806169834320412,0.576041016431033,0.13773911692742744,25.745231826606517,84.00915622482755,-4.7404965000000345,43.36352355929489,1.002922618853332,42.36060094044156,241.59500150000002,228.84500150000002,235.22000150000002,228.84500150000002,233.4749985,219.815002,68.0,32.0,36.0,232.73090545496567,,0.0,0.0,99.96834425853221,62.739537789625054,0.8182058150121521,0.7877560259682248,0.7885763621068785,17.137172960057693,49.18276598447467,90.5756300302796,84.42211201923305,-9.4243699697204,9.803619070588212,238.70230939758974,11.540568683880641,2.4175965816318237,4.094303449177982,-1.6767068675461583,1.9751667134789042,1.9559134060763483,14.75194914076594
184,2021-02-25,246.160004,246.160004,237.990005,238.970001,234.784637,221700,-2109244.130061904,-2093800,-0.03959223850654972,107337.13416997294,73.26189496178162,-8733.81184709274,4812.667845059577,-1118.5462564525542,1003.99537769505,238.0409195034744,6.550338799884526,230.9324989,255.49664362189134,206.3683541781087,21.273874261004952,0.6636023193764414,0.0,0.0,241.8139999,248.1429994,235.48500040000005,5.2346013900082555,0.2753200249107272,0.0,0.0,209.630005,248.059998,228.84500150000002,16.64122338044816,0.7634660771340757,2.675896469153938,3.838908764601996,2.7893543833171788,1.0495543812848172,240.42166508333332,230.39615276923075,238.26017484629165,234.42126608168965,28.00205589800239,28.563715128531904,15.004486396391192,1.2195707306942931,0.762192482004532,0.45737824868976107,0.1588063458850645,25.80632374360249,58.63170859927903,2.1074940999999967,50.671830335521015,11.542871130284166,39.12895920523685,242.66500100000002,228.84500150000002,235.75500125000002,228.84500150000002,234.44499975,225.3600005,64.0,28.000000000000004,36.0,234.57039656036977,,0.0,0.0,99.98417212926611,55.25856711418667,0.5111219726534156,0.6874881680200241,0.7492595434930222,16.169914081834925,44.93260799477048,68.80577556623196,79.39620450708034,-31.19422443376804,9.673089455882376,238.70737226446707,6.119276556514265,0.9456773047237617,3.4645782202871382,-2.5189009155633766,-2.349624050549104,-2.3776678704039433,12.05570974528063
185,2021-02-26,238.860001,243.860001,236.580002,241.809998,237.574875,391200,-1938363.1640617717,-1702600,0.030296311457713096,250718.51877426315,64.68173675115776,-3452.0500984143346,3887.9918721127237,-559.9688373002455,1003.99537769505,239.19687258160366,6.623304819896075,232.16799849999998,256.3069254488105,208.02907155118947,20.794361931677255,0.6997188922367396,0.0,0.0,241.71866656666666,247.78566656666666,235.65166656666665,5.019885378464731,0.5075269023680032,0.0,0.0,209.630005,248.059998,228.84500150000002,16.552665848992966,0.837366611021761,1.8737884696158118,3.8377219282036776,2.999027892294479,0.8386940359091986,241.1524988333333,230.59730646153847,238.80630148532373,234.96857955712005,27.87550529354267,26.27349635949442,15.354363966098989,1.1357309832231526,0.8082900339474768,0.3274409492756758,0.1763351305333962,25.836024051852743,52.62656486276179,2.522003500000011,53.94107878458574,21.100375700975615,32.84070308361012,242.32,228.84500150000002,235.58250075,228.84500150000002,234.512497,225.3600005,60.0,24.0,36.0,236.1891487331254,,0.0,0.0,99.99208606463307,57.92699164250466,0.4556090288898138,0.5949789388517939,0.6900743776133478,16.187084068240342,47.389640647192216,78.30614219410914,79.22918259687357,-21.693857805890854,9.71950164705882,238.76170605735695,3.7633046959454712,4.874026614669718,3.7464678991636546,1.1275587155060638,1.188432434245179,1.1814260322637438,13.387416144317177
186,2021-03-01,244.610001,246.809998,240.5,242.639999,238.39035,205100,-2004346.227764804,-1497500,0.0495813960021374,239220.61682079645,64.5701097197886,10567.931426136027,4454.870229288584,5353.143408783354,1007.4415427600786,240.37675294954767,6.591974137906467,233.74599834999998,256.23420191878705,211.2577947812129,19.241573098602803,0.6977481354345397,0.0,0.0,241.65666706666667,247.65766676666667,235.65566736666665,4.966550083507103,0.5819306767615178,0.0,0.0,209.699997,248.059998,228.8799975,16.410976560360872,0.8587070161963756,1.3852715792185957,3.859268253780982,3.17107596459178,0.6881922891892023,241.81499858333333,231.0142293846154,239.3961011029662,235.53683284918523,28.16655070171271,27.699368511699923,14.285230064874025,1.171958982041137,0.7957795777508152,0.3761794042903217,0.19107024389123062,25.867908345474817,64.96278008695765,11.203998650000017,58.494383636101986,29.91039901167766,28.583984624424325,242.32,228.84500150000002,235.58250075,228.84500150000002,234.512497,225.3600005,56.00000000000001,20.0,36.00000000000001,236.580002,,0.0,0.0,99.99604303231655,58.70219811409921,0.28914461209416054,0.4186252045457967,0.5670307704725384,16.429321033270693,46.09718836663494,72.7089691485916,73.27362896964425,-27.291030851408394,10.255678188235294,238.78931101461797,3.387445963718555,2.36125576014925,3.4694254713607737,-1.1081697112115236,0.34324511263590374,0.3426573711444725,13.77661290857668
187,2021-03-02,242.279999,244.529999,240.779999,241.919998,237.682968,186400,-2077415.1271781384,-1683900,0.03456974139012084,185873.64493211138,57.23596511532489,-2011.8025751072962,1889.1869458831195,150.87922851741394,1004.4520978160535,241.24324084719342,6.30777672411582,235.26699825,255.5364704312386,214.9975260687614,17.231037359264302,0.6641137887191262,0.0,0.0,241.76000013333334,247.55099923333336,235.96900103333337,4.790700774988578,0.5138143577562142,0.0,0.0,211.570007,248.059998,229.8150025,15.510033821753835,0.831734680340151,1.42417442469215,3.7747330358853617,3.2918073788504967,0.482925657034865,241.56249866666667,231.51422938461536,239.7843929332791,236.00965989739373,28.436807152156316,26.5176291745475,13.675778686919196,1.129606160155912,0.9377796600466191,0.19182650010929292,0.20228688378934,25.786247105791347,55.217871436767936,8.27299475000001,62.46422118378155,37.90927942193316,24.55494176184839,242.32,228.84500150000002,235.58250075,228.84500150000002,233.4299965,225.3600005,52.0,16.0,36.0,236.580002,,0.0,0.0,99.99802151615827,57.708863629006245,0.20573924305803187,0.31683096134733546,0.4434783682483088,16.345629296771293,45.38990040792784,63.58244581361526,71.53251905210534,-36.41755418638475,10.196471020588234,238.82079205742255,-1.2369867471359894,-0.27777169519875267,2.719986038048869,-2.9977577332476217,-0.29673631840065884,-0.29717745350206215,13.438996376230804
188,2021-03-03,240.080002,244.940002,240.080002,242.229996,237.987534,271600,-2108711.2710464513,-1412300,0.03552144080748213,171348.18948466718,57.71905859031033,-259.45707658321624,1949.2808660742267,-205.08633258455006,1004.4520978160535,241.789674888979,6.162999051704237,236.672998,254.64845689049855,218.69753910950146,15.19012227199534,0.6545717979677644,0.0,0.0,241.79100039999997,247.61599900000002,235.96600180000002,4.818209602808692,0.5376820348076979,0.0,0.0,211.570007,248.059998,229.8150025,15.417893595111346,0.8402301058391599,1.4547674424835935,3.6902140243046233,3.3714887079413223,0.31872531636330104,241.45333225000002,232.05192153846153,240.16063955892844,236.4704255346238,28.490853516127174,25.027386454918204,13.716660158285402,1.087462501872983,0.8866096809563297,0.20085282091665335,0.21051036919020805,25.682151556487824,51.93277094362601,3.767003999999986,63.819305504158265,44.76820135629516,19.051104147863107,242.32,228.84500150000002,235.58250075,228.84500150000002,233.4299965,233.470001,48.0,12.0,36.0,237.95760152,,0.0,0.0,99.99901075807914,58.03809922015471,0.23338352239360327,0.24275579251526525,0.32607065280279923,16.365309263611287,42.82116151477068,54.91101967340578,63.734144878537556,-45.08898032659422,9.736235964705884,238.84120134086936,-0.5378981020172772,0.28146650919885663,2.2322821322788666,-1.95081562308001,0.128140708731328,0.1280586785936677,13.584357910165012
189,2021-03-04,241.059998,245.960007,238.360001,239.679993,235.482193,222700,-2254052.853592571,-1635000,-0.002220676976835439,65743.35268685748,49.766010202274,-1194.4260889034522,647.9885220265771,-1996.376710690016,993.8780322375394,241.7699697585047,6.306699746533811,237.94299769999998,252.71407241767733,223.17192298232263,12.415641443923317,0.5587971875168047,0.0,0.0,241.78200030000002,248.04399990000002,235.5200007,5.179872440653317,0.3321616548809738,0.0,0.0,212.619995,248.059998,230.33999649999998,14.894324835178802,0.763543896991205,1.555414871299155,3.3785226616780903,3.372895498688676,0.005627162989414458,241.38999816666663,232.53307519230768,240.08669393447792,236.70817127279983,28.057604702483946,22.863532268987452,14.487438768503097,1.0283197253308274,0.9788194456426172,0.049500279688210136,0.21379330051394338,25.629153708970406,38.16599803777601,4.777003300000018,63.85047915853438,50.570965554663545,13.279513603870832,242.32,228.84500150000002,235.58250075,228.84500150000002,233.38249975,233.605003,44.0,8.0,36.0,,248.059998,0.0,1.0,51.280233270556074,54.293770991848504,0.0,0.14637425515054509,0.23532033633771532,15.35149519059762,39.877156061852716,27.003415332200365,48.49896027307381,-72.99658466779964,9.669559350000014,238.84885759949879,-0.3160909140235312,-0.8147057966084038,1.6228845465014126,-2.4375903431098163,-1.0527197465668103,-1.058300038666271,12.388632945433574
190,2021-03-05,242.369995,248.449997,240.399994,246.899994,242.575745,219400,-2119142.4266275126,-1415600,-0.015793863158102352,282646.90507444914,48.53171791728556,8310.477834992915,579.9070053007032,4264.6896934197175,1023.8171201723135,241.79949547515034,6.55303017188043,239.24149775,252.26445169889362,226.2185438011064,10.886868767643481,0.794038367948411,0.0,0.0,242.33299976666663,248.9259990666667,235.74000046666666,5.441272386631757,0.8463517911592457,0.0,0.0,218.919998,248.449997,233.6849975,12.343175944692481,0.9475109023877717,1.5477879790422964,3.6717728401139595,3.432670966973733,0.23910187314022657,241.73833091666665,233.60884446153844,241.13489394455823,237.46312110444427,28.07368578261717,23.39991566514768,13.08186777226249,0.9787976849444325,0.9720409059117918,0.006756779032640714,0.2192908100804464,25.670457361654087,88.14362505483383,1.6584962499999847,63.92727797867369,54.97140802569946,8.955869952974233,242.5149995,229.04000100000002,235.77750025,229.04000100000002,229.6474955,230.5999985,100.0,4.0,96.0,238.360001,,1.0,0.0,50.74073309714558,61.80698738555413,0.8470746818471813,0.3601527347469282,0.24976092747091294,16.657044575425715,44.094953700203504,86.9418394868742,56.28542483082679,-13.058160513125786,10.28923479705881,239.24103458438773,1.7221460871697984,-1.788080750486864,0.9406914871037573,-2.728772237590621,3.0123503049334532,2.9678700926550228,15.77417227267588
191,2021-03-08,248.160004,254.0,247.490005,251.039993,246.643234,240100,-2097382.895614047,-1175500,0.01893265897964105,384270.74147809984,55.88759623996888,17135.865876703476,2171.08511596977,10635.073823199256,1023.8171201723135,242.4608904224522,6.607727754692388,240.82349769999996,251.2489606637443,230.39803473625562,8.658177514497863,0.9899780151504544,0.0,0.0,243.3383332,249.9803331,236.69633330000002,5.459065830405703,1.0797696413696134,1.0,0.0,219.25,254.0,236.625,14.429655051056924,0.9148199424460435,1.4674829264277538,4.189940018773228,3.584124777333632,0.6058152414395961,242.58333083333332,234.91422857692308,242.6587553377031,238.46881531892987,28.87461238421755,27.6713693264804,12.061609672483913,1.0736018836051844,0.8692156125869449,0.20438627101823947,0.2290430153717086,25.6783779982541,208.3557662398893,-1.523494699999958,64.67990137125801,58.356889056878835,6.323012314379177,245.29000100000002,231.8150025,238.55250175,231.8150025,228.1949995,229.58000149999998,100.0,4.0,96.0,238.360001,,0.0,0.0,63.02129124137384,65.32659802967333,1.0,0.6156915606157272,0.3740728501710669,18.88632119709294,49.46427563525195,83.00799460482148,65.65108314129868,-16.992005395178527,11.180176511764728,239.94469098303534,4.209215131819397,-1.8727347985295437,0.3780062299770971,-2.2507410285066407,1.676791859298321,1.6628889050922524,17.715464168514128
192,2021-03-09,248.949997,252.850006,245.699997,247.149994,242.82135,320600,-2287949.7618935164,-1496100,-0.05765795709141484,151212.96706694196,48.61706347011029,-3278.390636309729,1945.1050908535672,-941.8912694667456,1023.8171201723135,243.02320813534098,6.661955879223152,241.9214973,249.85821822544534,233.98477637455466,6.561401953959669,0.8293864524855152,0.0,0.0,244.04633286666666,250.7373333666667,237.3553323666667,5.483385405881588,0.7319280302948195,0.0,0.0,228.199997,254.0,241.0999985,10.66461777392447,0.7344959223454351,1.5052620851659202,4.237849540300886,3.7148697299270834,0.5229798103738021,243.23749675,236.30153596153846,243.34971513190263,239.11186559160174,29.1149424784306,25.51341867831789,13.0733425480525,1.0445829830816904,0.8779533668612657,0.16662961622042471,0.23745007787909175,25.759717297302345,174.24249091519496,-0.11149929999999131,65.05543032101505,60.76710091929218,4.288329401722869,245.29000100000002,231.8499985,238.56999975000002,231.8150025,224.7750015,226.16000350000002,96.0,4.0,92.0,238.98560096,,0.0,0.0,75.43672442895499,59.754540941727775,0.4949565447874442,0.7806770755448752,0.5855071236358436,19.041319312673824,44.00314253495838,60.67734336134819,76.8757258176813,-39.3226566386518,11.993147599999986,240.21976014692453,3.2803973679849845,0.6380910856748769,0.4300232011166531,0.20806788455822384,-1.5495535008240746,-1.5616845624506048,15.8914000724796
193,2021-03-10,246.669998,252.759995,246.220001,250.220001,245.837601,206300,-2241894.790314032,-1289800,-0.03393981124325716,220088.60664309323,53.69644122931844,681.5685021914633,2010.569022226239,-2405.2852362638773,1036.5346026807242,243.47286307957302,6.649759691300838,242.78049769999998,250.3986878594276,235.16230754057236,6.275784283827693,0.9882723550024223,0.0,0.0,244.56599939999995,251.18799969999995,237.94399909999998,5.415307374079721,0.9269104004721991,0.0,0.0,231.199997,254.0,242.5999985,9.391200370704244,0.8342105919898343,1.4415853472678088,4.471991751864721,3.8662941343146113,0.6056976175501094,243.93833033333337,237.79076676923074,244.406682188533,239.9346904366683,29.338106137342713,23.69333055539706,12.140710359532534,1.0428891256225208,0.8750939683283937,0.16779515729412708,0.24666510791195745,25.806362862301437,174.77030879675942,-2.800501699999984,63.42949260384152,62.18461894910557,1.2448736547359474,245.29000100000002,232.78500350000002,239.03750225000002,231.8150025,224.7750015,226.16000350000002,92.0,4.0,88.0,239.58617692159999,,0.0,0.0,84.7820180804788,62.47487490143641,0.7415238072290893,0.7454934506721779,0.7139540289442602,20.019144207040735,46.91255592876576,78.30080692316953,73.99538162977974,-21.699193076830465,12.937970432352955,240.50964411628757,3.4779384928492445,-1.0134621780626405,0.14132612528079438,-1.154788303343435,1.2421634936394144,1.2345119409523875,17.33096073644753
194,2021-03-11,248.229996,250.789993,246.449997,249.419998,245.05162,192800,-2170816.117246132,-1482600,-0.03640587475976967,166613.0087797941,55.986350392581535,-1958.4074377531113,2036.8861019435237,1946.1634257220462,1033.220595852995,244.1492474383441,6.418783322170756,243.51699749999997,250.69978680471965,236.3342081952803,5.8992098116023115,0.9109128257542838,0.0,0.0,245.35066533333332,251.58966533333333,239.1116653333333,5.085782010432876,0.8261205855639261,0.0,0.0,235.130005,254.0,244.5650025,7.748943685132284,0.7572865281628315,1.3144913459636989,4.540655732413427,4.001166453934375,0.5394892784790519,244.72499716666667,239.14884357692307,245.17796154414333,240.6373058117299,29.54532953490396,22.54398376981411,11.5517730468235,1.07233059093541,0.885350227499178,0.18698036343623192,0.25482462331512196,25.816765205511988,132.5569466579098,1.2030035000000225,63.20873580457168,63.21435861799291,-0.005622813421226169,246.1800005,232.78500350000002,239.482502,231.8150025,224.7750015,226.16000350000002,88.0,8.0,80.0,240.162729844736,,0.0,0.0,91.0234534351076,61.311856102611664,0.6361094111873982,0.6241965877346439,0.716789037983899,20.462445755418667,49.51659107922999,73.70836667145421,70.89550565199066,-26.291633328545785,13.824821750000012,241.32844225678832,3.9336620373974807,-2.77886427796818,-0.4427119553690005,-2.3361523225991796,-0.3197198452572936,-0.3202320411739734,16.955830370342074
195,2021-03-12,251.929993,254.169998,250.699997,252.820007,248.392075,216800,-2122706.586672508,-1265800,-0.10040086679094573,248114.2862683953,55.08190851335423,6106.117384687479,2426.9403475354516,2338.9243653934527,1033.220595852995,244.98049591647063,6.2519049899536805,243.91049800000002,252.1489196485934,235.67207635140664,6.755282545151766,1.0407291214283256,1.0,0.0,246.53199869999997,252.3899989,240.6739985,4.752324429193858,1.0367026361658378,1.0,0.0,236.580002,254.169998,245.375,7.211660073770168,0.9232523418424888,1.2690596373066227,4.8139327230722415,4.163719707761948,0.6502130153102934,245.39999766666665,240.63115157692306,246.35366084504437,241.53972812197213,30.25372877472029,25.173211070973274,10.927010078717931,1.1093473538796226,0.8432572297272803,0.26609012415234223,0.2642191679417599,25.6183961032999,178.56695541691428,-4.940497000000022,65.00669628241982,63.93794891202822,1.0687473703916055,246.2649995,233.3949965,239.829998,231.9000015,223.38500225,226.16000350000002,100.0,4.0,96.0,240.71622065094655,,0.0,0.0,94.92856537685545,64.34939197213058,0.9114274107449962,0.7630202097204947,0.7109034160424389,21.75731848477435,51.029084500516454,92.32523418424888,81.44480259295756,-7.6747658157511225,14.700351650000016,242.43776028607493,3.3099076360333974,-3.374049650381022,-1.0289794943714048,-2.345070156009617,1.3631661563881625,1.3539586281096305,18.55013266787331
196,2021-03-15,251.759995,256.600006,250.369995,255.970001,251.486893,206700,-1957811.3390236683,-1059100,-0.057729357549062485,305684.2110586244,53.99757155509204,3164.7461248345635,2341.1529231024456,5530.709078613653,1046.093938893498,245.87931770274545,6.249715590958314,244.53199839999996,254.29854374631395,234.76545305368597,7.987948743082772,1.0855705469240908,1.0,0.0,247.63166553333332,253.48166703333337,241.78166403333336,4.72476045210183,1.212678062276277,1.0,0.0,236.580002,256.600006,246.59000400000002,8.187069230609128,0.9685312250686857,1.1473693245377465,5.224460567912331,4.3758678797920245,0.8485926881203065,246.8166643333333,241.97884419230772,247.8330977919606,242.60863722404827,31.241218023612813,26.154847305407046,10.151517764841165,1.088199404852241,0.8408664667239062,0.2473329381283348,0.276075722599224,25.506101608239128,171.22287349308652,-2.7220003999999562,67.31278388004509,64.47667810050194,2.8361057795431464,247.4800035,237.760002,242.62000275,233.1150055,223.38500225,226.16000350000002,100.0,4.0,96.0,241.52344729188977,,0.0,0.0,97.27331847994637,66.93922018196324,1.0,0.8491789406441316,0.7454652460330902,23.6490956664144,59.098661902236344,96.85312250686857,87.62890778752389,-3.1468774931314263,14.535704323529416,243.99227503163283,7.113863635126319,-4.158607155251942,-1.6549050265475123,-2.50370212870443,1.2459433244141893,1.2382453264184967,20.027200131932844
197,2021-03-16,251.130005,253.800003,249.889999,253.369995,250.44899,184800,-1813658.6009702047,-1243900,-0.002273023060128117,193374.8796502493,48.00869140161127,-3469.9159117954714,1543.4603912561838,698.2655550727404,1035.4682776556144,246.32800033443897,6.232744231862484,245.17849805,255.47348278454945,234.88351331545056,8.39795073094049,0.8978391984647506,0.0,0.0,248.6259989,254.4920008,242.75999699999997,4.718735712236902,0.9043636688900486,0.0,0.0,236.580002,256.600006,246.59000400000002,8.165481132818286,0.8386608214463884,1.1787800456237434,5.279153294577242,4.5565249627490685,0.7226283318281732,247.77999741666667,243.2853826923077,248.68492813165898,243.40577483708174,31.993920239565508,24.339392350331405,9.994865798446764,1.0483524889187028,0.881929481993618,0.16642300692508483,0.286300935164366,25.35089814754304,116.52482744625145,-2.538499050000013,69.8194068116014,65.14335602355118,4.676050788050219,247.4800035,237.925003,242.70250325,233.1150055,223.14250199999998,226.16000350000002,96.0,4.0,92.0,242.7295719885386,,0.0,0.0,98.63665923997318,62.87891776902894,0.6789119665192803,0.8634464590880923,0.8252152031509062,24.030494538950997,56.27169799335155,83.86608214463884,91.0148129452521,-16.13391785536116,14.366027679411758,244.75930481483695,4.78061167677607,-5.512402202896985,-2.426404461817407,-3.085997741079578,-1.0157463725602778,-1.020940277225879,18.80802820050709
198,2021-03-17,255.600006,255.600006,248.679993,251.279999,248.383087,225400,-1869682.8057513228,-1469300,-0.028824897548423663,98452.02564307132,47.812054093239354,905.675889521092,2231.9952295857433,-3736.376668304882,1035.4682776556144,247.06290377917261,6.301471108676237,245.60649795,256.16541817162323,235.04757772837675,8.598241748288597,0.7686591493693384,0.0,0.0,249.5696655,255.6416687,243.4976623,4.865978553791825,0.6408376645783063,0.0,0.0,236.580002,256.600006,246.59000400000002,8.151251765364785,0.734265437709203,1.0970881178731846,5.095119102709816,4.664243790741218,0.43087531196859796,248.49999741666667,244.2888441153846,249.08416980371143,243.98905070100162,32.94467415581152,24.470503148937688,9.211189225165306,1.0676320304514466,0.8380473899885854,0.2295846404628612,0.2926600423136902,25.090939926297704,94.23564669888194,-3.6864999500000124,70.86837748169556,65.92312250390242,4.945254977793141,248.5,242.4000015,245.45000075000002,233.1150055,221.64500049999998,226.16000350000002,92.0,4.0,88.0,243.8392067094555,,0.0,0.0,99.3183296199866,59.74193038514287,0.4308395305999357,0.7032504990397387,0.8052919662573209,23.42069955453002,54.72138435415781,73.4265437709203,84.71524947414258,-26.573456229079692,13.994410376470626,245.1045583228789,3.5608308752094975,-5.112283248006936,-2.963580219055313,-2.1487030289516227,-0.8248790469447598,-0.828299999625326,17.82800566979288
199,2021-03-18,253.710007,256.059998,250.610001,251.949997,249.04538,209900,-1976366.1763109774,-1259400,-0.03463559984160995,104477.81915120376,57.23664838763041,3102.7853334921565,2700.197760436207,-1299.6125327508357,1038.2291885034876,248.24968133548865,6.216323697808614,246.15899810000002,256.8308081965488,235.48718800345122,8.670664228340295,0.7713222427876961,0.0,0.0,250.72366533333334,256.5806676333333,244.8666630333333,4.672077757169986,0.6046893618828438,0.0,0.0,236.580002,256.600006,246.59000400000002,8.132956404001549,0.7677318645890375,1.1235671865788635,4.94631586859478,4.7206582063119304,0.2256576622828499,249.33583066666665,245.0161519615385,249.52506629544814,244.57875042685336,33.89155542534967,23.470932787647023,8.63682416685311,1.1079788714357675,0.8024461399177516,0.30553273151801585,0.2961123525892081,24.931143757586177,96.55554210754802,-3.9290021000000195,74.65010501973252,67.11454773068674,7.535557289045784,251.1500015,243.9000015,247.5250015,233.1150055,225.3899995,226.16000350000002,88.0,40.0,48.0,244.86007065269908,,0.0,0.0,99.6591648099933,60.42357345955794,0.48474375054238966,0.5314984158872019,0.6993984580050109,23.11143040036958,54.98491625615744,74.50653659360285,77.26638750305399,-25.49346340639716,13.917117291176453,245.7314589652508,4.14599829816467,-5.289678453648643,-3.4287998659739793,-1.860878587674664,0.2666340348083107,0.2662791968715439,18.142175235444412
200,2021-03-19,251.75,251.75,245.669998,245.830002,242.995941,450800,-2403439.2751685083,-1710200,-0.10009257292437401,-304575.26158468175,47.006671011550075,-6237.802193877797,1499.7882161495052,-10390.49899840703,1038.2291885034876,248.48415802738774,6.222691228027752,246.48549805,256.6871453090361,236.2838507909639,8.277685575616855,0.4678730290630569,0.0,0.0,250.97366583333337,256.6336680333333,245.31366363333336,4.51043513366751,0.045612912188147794,0.0,0.0,236.580002,256.600006,246.59000400000002,8.122183316415194,0.46203786972270333,1.5230843825238958,4.285159136811274,4.6335583924118,-0.3483992556005262,249.63583116666666,245.4446135,248.9565948653792,244.67143572856793,33.10658904903348,21.785224788195688,13.666143215094998,1.0024468877821622,0.8846422310444823,0.11780465673767992,0.29184537963544394,24.73632420042831,16.922571964379078,-6.805505049999994,74.3605149652793,68.19017146335577,6.170343501923526,251.135002,245.8650055,248.50000375,233.1150055,225.3899995,225.7649995,84.0,36.0,48.0,,256.600006,0.0,1.0,49.82958240499665,51.79644477808778,0.0,0.3051944270474419,0.5133144473247943,20.163059933623874,48.614816912914236,40.953941624467745,62.96234066299697,-59.04605837553225,12.11211779705883,245.732188516775,1.4861933119133635,2.6563128581306534,-2.2117773211530527,4.868090179283707,-2.4290514280101316,-2.459039495187554,15.272441040805607
201,2021-03-22,244.270004,245.130005,241.779999,243.880005,241.06842,242500,-2341909.100297179,-1952700,-0.11956146535353232,-328617.9774297271,46.23631746918694,-7259.493393807012,1124.953157670954,-12873.746267005681,1029.9936444835423,248.46861949154547,6.005422405224978,246.58899839999998,256.63969072297994,236.53830607702005,8.151776752567354,0.36523349273133504,0.0,0.0,250.24899953333335,255.59300283333332,244.9049962333333,4.270948782984594,-0.09590106665290414,0.0,1.0,236.580002,256.600006,246.59000400000002,8.11877420724379,0.3646354416312806,1.950376588410358,3.562769809780775,4.419400675885595,-0.8566308661048199,249.98583216666668,245.4034599615385,248.17558103993628,244.6128112301555,31.332552770433743,20.750190947940123,17.58023372303339,0.95842991944732,0.9273106584715939,0.03111926097572615,0.28046048322261624,24.52671036228925,-50.98878959984462,0.3109956000000125,71.2422124436278,68.87759169920163,2.364620744426176,249.1900025,246.59000400000002,247.89000325,233.1150055,227.34750000000003,227.330002,80.0,32.0,48.0,,256.38140584,0.0,0.0,24.914791202498325,49.37733766119278,0.0,0.16158125018079664,0.33275803103848023,16.97503791543346,47.8209036039895,30.26317152873588,48.57454991560217,-69.73682847126412,9.164353258823525,245.64259372797267,1.752341506451903,1.977386480172989,-1.3739445608878444,3.3513310410608335,-0.7932298678498984,-0.7963926726104908,14.358065609070291
202,2021-03-23,242.75,244.149994,240.789993,241.360001,238.577469,282700,-2528691.7112249727,-2235400,-0.11666740188109748,-383444.71362548036,38.348694588525824,-1170.7214520723396,1059.8628451360166,-4844.712149867108,1029.9936444835423,248.4228210189975,5.740880264702478,246.65799865,256.54385077565956,236.77214652434043,8.015837458964615,0.2320414273520953,0.0,0.0,249.60233256666666,254.56733506666666,244.63733006666666,3.978330209453381,-0.3300430429457643,0.0,1.0,236.580002,256.600006,246.59000400000002,8.116503056690961,0.2387611411066653,2.458227393496873,2.755167940343398,4.086554128777156,-1.3313861884337577,249.52416608333337,245.3196141153846,247.12703026456145,244.37186232421806,29.440861191065743,19.90524528254026,18.064158026007735,0.9542658458414122,0.9424486806854657,0.01181716515594644,0.26224058233279707,24.338317007502884,-75.90515686629817,4.381994350000014,68.03009466854668,69.38876970639109,-1.3586750378444066,248.6949995,246.59000400000002,247.64250175,233.1150055,229.1100005,228.625,76.0,28.000000000000004,48.0,,255.79734956640002,0.0,0.0,12.457395601249162,46.36373798355315,0.0,7.401486830834377e-17,0.15559189240941293,13.360536397265395,44.12401405764977,16.44736391245507,29.221492355219578,-83.55263608754493,6.4650872294117505,245.4768480018713,-2.243820629659465,2.672214568996254,-0.5647127349110248,3.2369273039072786,-1.0332966821121725,-1.038672254750761,13.176407511404097
203,2021-03-24,245.5,246.179993,242.779999,242.949997,240.149124,378700,-2869522.0899256426,-1856700,-0.1829699143317933,-242648.11379326967,47.07802264936529,1804.5937259004438,1274.0785461934377,-426.3854267230149,1029.9936444835423,248.3927844361612,5.648791438232228,246.56949845,256.554358558074,236.58463834192602,8.099022929309113,0.3187505177426971,0.0,0.0,249.0259989666667,253.6770014666667,244.3749964666667,3.73535495835723,-0.1531927220708535,0.0,1.0,236.580002,256.600006,246.59000400000002,8.119416280541978,0.3181815048588396,2.7546278832004334,2.2178707954526544,3.7128174621122554,-1.494946666659601,248.84999974999997,245.41615238461537,246.48440976232123,244.26653896686858,28.127599446851843,21.21977648733704,16.99505200175806,0.9806938357926003,0.9108017523014749,0.06989208349112541,0.24106508787179828,24.199918367787188,-45.096989727507925,0.5804955499999949,64.57429566878976,69.5404985801931,-4.966202911403343,248.6949995,246.59000400000002,247.64250175,233.1150055,229.1100005,228.625,72.0,24.0,48.0,,254.896908172416,0.0,0.0,6.228697800624581,48.49948093685189,0.10380038400576448,0.03460012800192157,0.06539379272757283,10.960602749537376,38.864606438028304,15.740747599446232,20.81709434687907,-84.25925240055376,4.026469176470641,245.3308213097944,-3.2225925054100895,6.007419421761486,0.7497136964234774,5.257705725338008,0.6587653270684113,0.6566049509697969,13.921974442510887
204,2021-03-25,243.199997,248.860001,242.0,247.860001,245.002533,314000,-2647067.2660852377,-1542700,-0.10405787675792487,12264.653320055222,48.44215553873424,2075.48784076578,828.7221180343568,8840.664339040344,1050.8097505828923,248.39647548451842,5.7699123944090065,247.01399845,256.3782772500789,237.6497196499211,7.581982283465112,0.545171794222577,0.0,0.0,248.7613327666667,253.66433576666668,243.8583297666667,3.9419333748295244,0.4080837023078826,0.0,0.0,236.580002,256.600006,246.59000400000002,8.104805446502823,0.5634364009118082,2.881840004708634,2.163317843809466,3.402917538451698,-1.2395996946422319,248.909167,245.61384469230768,246.6960391835026,244.53272133969313,27.447308886944647,22.704105394004433,15.581610193311313,0.9539596284870374,0.9153008636654483,0.03865876482158914,0.22236822157931968,24.238144385245118,-13.885788463085534,3.206002549999994,64.42983718358602,69.47640312476713,-5.046565941181115,248.6949995,246.59000400000002,247.64250175,233.1150055,229.3724975,228.625,68.0,20.0,48.0,,254.05049326207106,0.0,0.0,3.1143489003122906,54.52180590815067,0.3964946165503674,0.16676500018537735,0.06712170939576641,10.640784430825782,42.20279341372959,44.71854640473732,25.63555263887955,-55.28145359526268,1.6195869647058885,245.35457305290223,0.28727777351271905,6.56219883351551,1.9122107238418842,4.649988109673626,2.020993645042113,2.0008426167572146,16.224330306300526
205,2021-03-26,250.0,250.369995,248.020004,250.149994,247.266113,178000,-2502395.204787981,-1364700,-0.11382399465748001,68743.81056004687,47.53250370044584,4970.625710679175,-40.22360811023613,7990.472423207785,1060.518243132953,248.28880508903967,5.443920554968104,247.43099825,256.5712789674621,238.29071753253785,7.388145205821736,0.6487369936464584,0.0,0.0,248.45633246666665,253.2473344666667,243.66533046666663,3.8566149249931505,0.6767544172736011,0.0,0.0,238.360001,256.600006,247.4800035,7.371754197738237,0.6463810179876587,2.9452112151342327,2.2786012367521664,3.1780542781117918,-0.8994530413596253,248.90333308333334,245.9696139230769,247.22741684757912,244.94881561082695,27.100335266152424,23.892597499963138,15.087189137198093,0.9426598578189767,0.9694719055792033,-0.02681204776022661,0.20754916645591304,24.21351497488024,36.5650061906837,1.988999750000005,61.90201089612247,68.8752061265535,-6.973195230431024,248.42499550000002,246.59000400000002,247.50749975000002,233.1150055,230.94749825,228.625,64.0,16.0,48.0,,253.2548632463468,0.0,0.0,1.5571744501561453,57.04474010749476,0.5191130891098609,0.33980269655533096,0.18038927491421006,11.137456129327742,44.877739729983965,59.20299369772804,39.88742923397054,-40.79700630227196,0.8968811088235782,245.4261380884871,-0.027978179090489226,2.9854957936393465,2.1268677378013767,0.8586280558379698,0.9239058302109804,0.9196639277340601,17.298133670124116
206,2021-03-29,251.419998,255.830002,250.710007,254.089996,251.16069,458200,-2355629.3953291806,-906500,-0.06744550486989827,316824.53996575583,58.12766156838671,4553.471240719138,519.1950973918258,8861.458073164078,1060.518243132953,248.90747930827732,5.467529299471295,248.00349810000003,257.3046497881089,238.70234641189117,7.500822979810116,0.8271905514551116,0.0,0.0,248.3793325666667,253.05933296666666,243.6993321666667,3.7684298058445256,1.110113562525909,1.0,0.0,238.360001,256.600006,247.4800035,7.354736985461898,0.8623898403536625,2.922548878982342,2.6572581715448393,3.073895056798402,-0.41663688525356246,249.29249958333332,246.5384598076923,248.28319825564387,245.62594008409903,27.663707329180138,29.077487698841715,14.004246815632929,0.9945849608713336,0.8810075038434749,0.11357745702785871,0.1987258249988673,24.202221912897038,99.82714021146731,4.816508899999974,58.81397054828259,67.65237987507365,-8.838409326791059,248.42499550000002,246.59000400000002,247.50749975000002,233.1150055,231.02999875,228.625,60.0,12.0,48.0,240.789993,,1.0,0.0,3.1551029881011705,61.048548870281785,0.7137043372846622,0.5431040143149636,0.3498905703518907,12.814499037044689,50.40459358939789,84.12392197273972,62.681820691735034,-15.876078027260284,1.9500285058823295,245.5198243195043,1.8723430508567407,8.169050581644925,3.3353043065700865,4.833746275074838,1.575055804318759,1.562780527583918,19.14564473285296
207,2021-03-30,254.770004,256.920013,253.440002,254.289993,251.358398,288700,-2503299.725193077,-617800,-0.08019368407459286,279812.3390992191,59.095233755219525,2302.331641854154,634.9638930820181,7444.144606046005,1061.3529885790974,249.31344702311577,5.2687774695241645,248.62199784999999,257.8677246410324,239.37627105896757,7.4375774235476895,0.80651971868223,0.0,0.0,248.63233293333332,253.26933403333337,243.99533183333332,3.7300065082391005,1.110055933205045,1.0,0.0,238.360001,256.920013,247.640007,7.465152786358713,0.8582964278255867,2.926506498943778,2.939598742433162,3.047035793925354,-0.10743705149219185,249.4149984166667,247.01845961538461,249.20732052400635,246.2677217815732,28.3414126371915,29.178983983147827,13.370994127134377,1.0255610970807694,0.8592007476681136,0.16636034941265576,0.19403518872339948,24.129162151366856,114.42211142290265,7.348003150000011,57.08749806059379,66.12117105050677,-9.033672989912986,248.855003,246.75000749999998,247.80250525,233.275009,233.267498,228.625,56.00000000000001,8.0,48.00000000000001,241.09079318000002,,0.0,0.0,8.30920910491539,61.24601158442638,0.7233013281226145,0.6520395848390459,0.5116487652364469,14.217370697546169,53.632470405214825,83.69487452588417,75.67393006545065,-16.305125474115826,3.877913305882288,245.58408042050286,0.5814357880308126,7.303937721824793,4.129030989621028,3.174906732203765,0.07871108786194903,0.0786801269305748,19.239425565962343
208,2021-03-31,254.229996,254.339996,247.630005,247.809998,244.953094,281700,-2769886.7308239345,-899500,-0.12426241538443183,-20934.36527209793,57.73959076673273,-9992.353288937467,61.11061799742116,-6951.2370095491215,1034.3068513005942,249.37852342302688,5.412898822571749,248.90099795,257.68350504606394,240.11849085393607,7.057028431704556,0.4378878981783601,0.0,0.0,248.4396663,253.05566520000002,243.82366740000003,3.715991869370816,0.4317950119095543,0.0,0.0,238.360001,256.920013,247.640007,7.456784887511124,0.5091589919230661,3.0431219854218208,2.610383363585754,2.9597053078574342,-0.3493219442716802,248.73499816666666,247.3196135384615,248.99234782800536,246.3819644644196,27.39914469465713,26.674387606761595,19.655557740519136,0.9421971895253437,0.8720964599860817,0.07010072953926205,0.18668781234107804,24.11083994744714,18.43152642291263,4.4689970499999845,53.333570315187195,63.752667194446175,-10.41909687925898,248.855003,246.75000749999998,247.80250525,233.275009,234.017498,228.625,52.0,4.0,48.0,241.72396197280003,,0.0,0.0,9.572645832680333,52.04066452698927,0.27590733906954495,0.570971001492274,0.5887048668820946,12.608044286625564,46.02362551990618,43.52136575156143,70.44672075006179,-56.47863424843857,4.673325897058845,245.62324383546311,-3.187874738493277,6.3540657246673335,4.5740379366302895,1.780027788037044,-2.5482697622316586,-2.5813005058552108,16.200883339606186
209,2021-04-01,246.179993,251.639999,245.600006,251.110001,248.215057,235400,-2575798.543337623,-664100,-0.06032543165745824,93030.6449382019,51.92611405696319,-6068.212134670366,-808.4843476709963,-4043.732719893895,1048.080370285944,249.20744002593017,5.475608240314572,249.47249835000002,257.20532011834626,241.73967658165378,6.199338058896895,0.6058800201954084,0.0,0.0,248.0973333,252.77233180000002,243.4223348,3.768680975177588,0.8222105525809258,0.0,0.0,240.399994,256.920013,248.6600035,6.621980021550536,0.6483047628456132,3.085139376553737,2.5859512307157217,2.8849544924290917,-0.29900326171337,248.54666533333332,247.56538276923078,249.31814062369685,246.73218939298113,26.05596717329118,24.625353284577127,20.727435557246693,0.8760573517266332,0.9731437817872907,-0.09708643006065742,0.18017422875794414,24.08254864145594,0.9104935158584815,1.8075006499999802,49.30843842748058,60.96910313469076,-11.66066470721018,248.855003,246.75000749999998,247.80250525,233.275009,235.22000150000002,228.84500150000002,48.0,20.0,28.0,242.33180401388802,,0.0,0.0,10.337219090919422,55.692909765934694,0.45341206064674533,0.484206909279635,0.5690724985369849,12.404055834653416,52.56620032478106,63.98013145674971,63.732123911398446,-36.0198685432503,5.060149811764717,245.658100973972,-0.8919738108689538,4.254219551792991,4.51007425966283,-0.25585470786983944,1.3316666101583108,1.322877868868222,17.748291703748762
210,2021-04-05,252.860001,253.389999,249.720001,251.009995,248.116211,341600,-2677255.6602079845,-1005700,-0.10229910617894555,74860.2600041727,53.50412680913368,3153.230373245011,-809.3069013559644,2998.699038535147,1048.080370285944,249.1299624451511,5.295047216283114,249.67799839999998,257.3446035732437,242.01139322675624,6.141194035816764,0.5868700402525396,0.0,0.0,248.45966646666665,252.89366456666667,244.02566836666665,3.5691894487791047,0.7875879145430098,0.0,0.0,240.789993,256.920013,248.855003,6.46032894502729,0.6336013222550257,3.10433960913956,2.5293620299689508,2.813835999937064,-0.28447396996811314,248.52416500000004,248.0284594615385,249.57842591235888,247.04906388238993,25.136459626528826,25.728930371176244,19.73542708711952,0.933527829222869,0.9816440697408962,-0.04811624051802721,0.17405875275841898,23.99606604807032,40.34251146379024,2.2719986000000176,45.68494994236734,58.129407301217384,-12.444457358850045,248.855003,246.75000749999998,247.80250525,233.275009,235.75500125000002,228.84500150000002,44.0,16.0,28.0,242.9153323733325,,0.0,0.0,12.237953449881765,55.554837940910595,0.5565243658709984,0.42861458852909634,0.4945974997670018,12.201083674084833,52.051746421267744,63.360132225502575,56.95387647793791,-36.639867774497425,5.313914455882355,245.82930130703434,-0.10745144901087018,5.5084977961848445,4.709758966967233,0.7987388292176112,-0.03982557429085265,-0.03983350677883024,17.70139777036006
211,2021-04-06,250.309998,254.809998,250.309998,253.580002,250.656586,262300,-2558345.86056354,-743400,-0.08414957647081805,160467.7708750053,58.89881193712993,1724.1673656119199,-438.30095296972206,2549.5574060006697,1058.8113130446075,249.22471217898422,5.2155424946548035,249.80499885000003,257.63994868940574,241.97004901059432,6.272852725505583,0.7409079335143717,0.0,0.0,249.38999943333334,253.93899693333333,244.84100193333333,3.648099370733614,0.9605413134065999,0.0,0.0,240.789993,256.920013,248.855003,6.45704452443145,0.7929319988443919,3.0933472000422753,2.661215926478235,2.783311985245298,-0.1220960587670632,248.65999875,248.4811519230769,250.1940530027652,247.53283707628697,24.543210100566714,26.07527031241963,18.562330738842668,0.9781029009227514,0.9520833363844261,0.026019564538325324,0.170185079769115,23.927055401204488,72.34190781072525,-3.974996850000025,41.75251153168853,55.20967584156647,-13.457164309877939,249.4600065,247.640007,248.55000675,233.275009,235.58250075,228.84500150000002,40.0,12.0,28.0,243.4755195983992,,0.0,0.0,39.629827974864384,58.40850080904842,0.8093362041663134,0.6064242102280191,0.5064152360122501,12.875187378185906,50.08957172472468,79.29319988443919,68.87782118889716,-20.706800115560807,4.856766185294134,246.41062322381742,0.6469557528909243,4.23080663527515,4.6139685006288165,-0.38316186535366636,1.02386640022043,1.0186603930767646,18.906502834720595
212,2021-04-07,253.580002,256.160004,252.399994,255.759995,252.811447,256200,-2356657.580372797,-487200,-0.01269194023816047,217331.54740714727,64.67802391623385,2524.286088996887,-322.685938721451,4888.118336430965,1067.9137707800483,249.42301989874903,5.069989245189325,250.23549889999998,258.3796810868375,242.09131671316248,6.509214098429819,0.8391682536847364,0.0,0.0,250.65733293333338,255.24633133333336,246.06833453333334,3.661571234559119,1.0559668605099801,1.0,0.0,240.789993,256.920013,248.855003,6.445935956690906,0.9280832881794331,3.0543415058618995,2.908095589823347,2.808268706160908,0.09982688366243897,249.48749816666668,248.98576715384615,251.05035177157055,248.1422561817472,24.237373958312027,26.574304894412514,17.619895221904727,1.0262018617299942,0.956528478681807,0.06967338304818715,0.16937312816387803,23.91144975103775,102.73793150631985,-6.355493899999971,40.16531583985713,52.497566971685075,-12.332251131827945,249.4600065,247.640007,248.55000675,233.275009,235.58250075,228.84500150000002,36.0,8.0,28.0,244.01329933446323,,0.0,0.0,69.81491398743219,60.71277923458494,0.9641699672951755,0.7766768457774957,0.6039052148448704,14.12665302592935,52.11590801865026,92.8083288179433,78.48722030929503,-7.191671182056696,4.309705558823538,247.75455105398706,4.0393739247498335,3.004218240232185,4.2920184485494906,-1.2878002083173055,0.8596864826903694,0.8560122215149235,19.928725966630534
213,2021-04-08,254.050003,254.600006,251.639999,253.300003,250.379807,266600,-2324233.242660081,-753800,-0.015042283668758524,92593.63103469767,58.775119323392154,-1287.9211402758956,-636.3078297048833,-361.73831432064026,1067.9137707800483,249.48848246916347,4.974989920670394,250.38949900000003,258.64243959157125,242.1365584084288,6.592082035813504,0.6763313310998804,0.0,0.0,251.57833356666666,256.1233332666667,247.03333386666662,3.6131884932735177,0.6894025904262803,0.0,0.0,240.789993,256.920013,248.855003,6.441971434273277,0.7755731239018931,3.0362652448022067,2.8721404589419137,2.821043056717109,0.05109740222480452,250.272498,249.42345965384615,251.3964519605597,248.52431150161777,23.743811825588516,25.07218760546805,17.66661911807662,0.9682561802060832,0.9687123163143527,-0.00045613610826955586,0.16832826217627317,23.8749010414616,61.32286226492498,-9.029498000000018,37.8750124611885,49.547030891418686,-11.672018430230189,251.2600095,247.640007,249.45000825,233.275009,235.58250075,228.84500150000002,32.0,4.0,28.0,244.5295678810847,,0.0,0.0,84.9074569937161,56.88298008367827,0.7068303125073507,0.8267788279896132,0.7366266279983761,14.074810864485107,49.813755803116656,77.55731239018931,83.21961369752394,-22.442687609810683,4.40038250294117,248.20097642762755,3.8625544558275666,2.297421638116268,3.893099086462846,-1.5956774483465779,-0.9618361151438104,-0.9664916350715202,18.77520816785163
214,2021-04-09,254.449997,255.199997,252.679993,254.770004,251.83287,185100,-2202301.1616792567,-568700,-0.0057600564265429255,118236.99590116934,67.34312919618337,1116.3610912857887,-111.0104521931986,-1490.0459164618594,1074.1113005564707,249.9061611513038,4.729491328603355,250.6569993,259.1112633802856,242.20273521971436,6.745683626545852,0.7432503090121749,0.0,0.0,252.37599996666663,256.48699996666664,248.26499996666666,3.2578375127135413,0.7911705221762773,0.0,0.0,240.789993,256.920013,248.855003,6.435096584194995,0.8667076048262813,2.847578193696821,2.9285045762405844,2.8425353606218042,0.08596921561878013,251.38999825,249.90576765384614,251.91545996662742,248.98695539038684,23.405500791834537,25.02684795562815,17.032445658866255,1.065882423779561,0.8909476033844205,0.17493482039514052,0.16800560661742606,23.736271196693256,75.99362639825263,-7.707002299999999,34.36025059249862,46.48683530212715,-12.126584709628524,251.2600095,247.640007,249.45000825,233.275009,235.58250075,228.84500150000002,28.000000000000004,52.0,-23.999999999999996,245.0251856858413,,0.0,0.0,92.45372849685805,58.56500265271304,0.8198521943880923,0.8302841580635395,0.8112466106102162,14.514985882358925,54.87427476174976,86.67076048262813,85.67880056358693,-13.329239517371873,5.053204650000026,248.55155876376176,5.556017129781164,-0.6719457593205717,2.9800901173061627,-3.6520358766267345,0.5803399062731085,0.5786624211869373,19.464508099608647
215,2021-04-12,254.470001,255.190002,251.270004,254.979996,252.040436,262600,-1967837.6941978948,-306100,0.028097188351496227,109223.69637243086,66.83278998863645,-1059.8504265102795,331.82118832799654,1290.6549738444892,1074.1113005564707,250.54649264964846,4.6485419957430185,250.76499875,259.3806743036636,242.14932319633638,6.871513645533134,0.7446121156574694,0.0,0.0,252.8060002666667,257.07400096666663,248.53799956666666,3.376502690203542,0.7546854939987899,0.0,0.0,240.789993,256.920013,248.855003,6.4323251173026685,0.8797263115606808,2.5537945870431495,2.956042724252484,2.8652368333479403,0.0908058909045435,252.39249816666668,250.49422930769228,252.38692704868475,249.43088432443227,22.6755794181457,23.6072378236961,18.106600207110315,1.099919326872607,0.7953191829855947,0.3046001438870124,0.16800506909424212,23.575077314516136,65.26987347532058,-2.9049977499999784,32.80860904342775,43.5973506904766,-10.788741647048852,251.2600095,248.6600035,249.9600065,233.275009,235.58250075,228.84500150000002,24.0,48.0,-24.0,245.50097877840764,,0.0,0.0,96.22686424842902,58.8121873687015,0.8364615326261661,0.7877146798405364,0.8149258886312297,14.944545231901113,66.05736555311785,87.97263115606809,84.06690134296184,-12.027368843931914,5.007322764705862,248.78721690931613,4.951635788659838,-0.7291011575203151,2.238251862340867,-2.967353019861182,0.08242414597599002,0.08239019593085928,19.562975700154173
216,2021-04-13,254.710007,256.630005,251.770004,256.070007,253.117889,241600,-1781914.850149098,-64500,0.03171134507726416,131241.26226208275,73.49381521129284,1951.2451407290812,554.8188020995266,1249.2588190642512,1078.7030063812322,251.41244313957867,4.669687896168715,250.76999905000002,259.39785962235567,242.14213847764438,6.881094712318733,0.8071449698075559,0.0,0.0,252.93400063333334,257.17600193333334,248.69199933333334,3.3542357210800064,0.8696376008497022,0.0,0.0,240.789993,256.920013,248.855003,6.43219685811933,0.9473028551731486,2.048140178681296,3.0308835442133386,2.89836617552102,0.13251736869231845,253.07666533333335,250.84692211538461,252.95355473350247,249.92267118928913,22.314349025570046,24.031237714948045,16.83183664990313,1.1210403209317727,0.7620174828377065,0.3590228380940662,0.16874468543764276,23.481489935092455,84.93011700162948,-0.6200050500000316,30.813305690266063,40.67799598266242,-9.864690292396354,251.1150055,248.855003,249.98500425,233.275009,235.77750025,229.04000100000002,100.0,44.0,56.0,245.95774014727132,,0.0,0.0,98.11343212421451,60.14138428265683,0.9133389835782693,0.8565509035308425,0.8248499138116395,15.668774245316797,66.82716364272632,94.30291381113402,89.64876848327675,-5.6970861888659785,4.983559388235278,248.8991087287103,3.3123561554411376,-1.4009694486591455,1.5104076001408648,-2.91137704880001,0.4274888293589907,0.4265776916145825,20.074094065321525
217,2021-04-14,256.25,260.450012,255.889999,259.450012,256.458923,244900,-1644426.8246325036,180400,0.030182770575130594,230744.39972464374,72.69491044211497,7392.101335244244,953.9264884812266,4265.379114250323,1078.7030063812322,252.61181247722845,4.658720406551846,251.0739999,260.44346312706034,241.70453667293964,7.463507357027892,0.9469846295895,0.0,0.0,253.3053344666667,257.6553359666667,248.95533296666667,3.4345913078845567,1.206284530399966,1.0,0.0,240.789993,260.450012,250.6200025,7.830368340740329,0.9491353492588182,1.5319328394591807,3.3246095593483744,2.9836148522864914,0.34099470706188306,253.85166683333333,251.17038438461537,253.95300969757903,250.62840013823066,22.727871000764907,27.998865940622437,15.713962664941796,1.1777178636030774,0.7551828518232104,0.42253501177986696,0.17228222120127404,23.408738098733377,144.4502326743309,3.0159961000000237,31.104547457312336,38.20810455400965,-7.103557096697315,253.025009,250.6200025,251.82250575,235.0400085,238.55250175,231.8150025,100.0,40.0,60.0,246.39623106138046,,0.0,0.0,99.05671606210726,64.01900164006632,1.0,0.916600172068145,0.8536219184798414,17.418766668022304,71.4722108702301,94.57994932469421,92.28516476396544,-5.42005067530579,5.35788405588238,249.31363537476497,3.7177766232526963,-1.8186769995396617,0.8445906802047597,-2.6632676797444215,1.3199534922494927,1.311318012681717,21.659016263223684
218,2021-04-15,259.809998,263.269989,259.350006,262.799988,259.770294,208900,-1485620.515804126,389300,0.06870032375987321,297753.7692496937,72.03870778070402,5892.156658753486,1226.5456897660627,5929.848638778818,1092.6310426709547,253.66832219351798,4.584846665896661,251.64999935,262.3247832801816,240.97521541981843,8.483833862709348,1.0222582828339424,1.0,0.0,254.49333393333336,258.5643346333333,250.4223332333333,3.199298494055208,1.5202226281448017,1.0,0.0,240.789993,263.269989,252.029991,8.933040356870558,0.9790924784862051,1.2766327532927035,3.7840840434644463,3.1437086905220823,0.6403753529423639,254.57749950000002,251.7723072307692,255.31408328256688,251.52999923910244,23.583739458956558,30.543978546521487,14.803763828804328,1.2567635020746892,0.7409133775933614,0.5158501244813278,0.17982654550482813,23.343760819191843,175.50159229863974,2.639993650000008,35.489044022360126,36.672616286774044,-1.1835722644139182,256.494995,252.029991,254.262493,236.484993,238.56999975000002,231.8150025,100.0,36.0,64.0,247.23945791769762,,0.0,0.0,99.52835803105364,67.40370078102377,1.0,0.9711129945260897,0.9147546900416925,19.97214071526536,72.45325618487611,97.3401162864728,95.40765980743369,-2.659883713527199,6.430147967647059,252.86779913295632,3.42791614668685,-3.256639663754235,0.024344611412960848,-3.280984275167196,1.2911835980180975,1.282918888291995,23.229857526724594
219,2021-04-16,264.279999,264.820007,261.299988,262.100006,259.078369,228000,-1609982.3797599706,161300,0.06532652162806546,232418.10278545253,72.49130140071591,2701.7689692981944,1064.4844939531356,2089.992188894956,1092.6310426709547,254.41475503107554,4.478363899306994,252.1574998,263.76539854215264,240.54960105784735,9.206863766780291,0.9282646851447384,0.0,0.0,255.82233376666667,259.64133706666667,252.00333046666668,2.9856684080470246,1.321899294160514,1.0,0.0,240.789993,264.820007,252.805,9.529763746491575,0.8868081808025592,1.1249850721581103,4.045108690068588,3.3239886904313836,0.7211199996372044,255.22833391666666,252.22923050000003,256.3580713929412,252.31296270287262,24.619048414269592,31.259546356895473,14.01853078682162,1.1887035142411384,0.7471435899675201,0.44155992427361834,0.18878227939067624,23.32565707143299,164.38753684705637,-4.347501800000003,37.74947451005838,35.790896794295264,1.9585777157631128,257.5650025,252.805,255.18500125,238.19500699999998,239.03750225000002,231.8150025,96.0,32.0,64.0,248.5219004042818,,0.0,0.0,99.76417901552682,66.00648548617445,0.9090534402350061,0.9696844800783354,0.9524658822241902,21.69794928062678,66.37594974007405,85.84807045535548,92.58937868884084,-14.15192954464452,7.582383879411765,254.675127764918,3.071301748000755,-3.772136637302128,-0.7349516383300569,-3.037184998972071,-0.26635541551088826,-0.26671077269675436,22.9016281276758
220,2021-04-19,263.600006,264.290009,261.160004,264.0,260.956451,162000,-1478002.4327630808,323300,0.17396410369107768,243186.80638753058,70.20149178002133,-647.2367314536497,693.0053530836507,567.066848185929,1100.5516545662804,254.93829930773893,4.343528009376293,253.06599970000002,265.3738565991709,240.75814280082918,9.726993680511288,0.944187822038155,0.0,0.0,257.0000010333333,260.76500503333335,253.23499703333337,2.929964190553963,1.4296137489716685,1.0,0.0,240.789993,264.820007,252.805,9.49555215970799,0.9658757169263416,1.1077275273583866,4.35508354777761,3.5302076619006293,0.8248758858769811,256.57750075,252.78999980769228,257.5337527171041,253.1786691693265,25.53117107671257,29.748505267025344,13.557081063781379,1.1582354712795038,0.8361438869840657,0.32209158429543805,0.19939071300741404,23.346602243590578,152.11258452477796,-1.9559987000000092,42.30558527462524,35.85234943239935,6.453235842225887,258.0450055,252.805,255.42500275,238.19500699999998,239.482502,231.8150025,100.0,28.000000000000004,72.0,250.1517110638536,,0.0,0.0,99.88208950776341,67.94860758941527,1.0,0.9696844800783354,0.9701606515609202,23.73788495189963,71.07743529661724,95.73357462364348,92.97392045515727,-4.26642537635652,8.920502005882327,256.73139122466733,6.533231964272883,-6.327054738962253,-1.8533722584564962,-4.473682480505756,0.7249118491054141,0.7222969924929323,23.792556592716796
221,2021-04-20,263.410004,265.0,261.079987,262.429993,259.404541,327400,-1579897.0763267607,-4100,0.1409932324261587,135014.36378931312,61.01185777851774,377.13901491478407,555.4915940165528,-772.6893642976893,1100.5516545662804,255.6807560601832,4.301176508438662,253.9934991,266.187870559049,241.799127640951,9.602113047978385,0.8459175377891096,0.0,0.0,257.99366710000004,261.7006724,254.2866618,2.8737180580197204,1.0983705904062306,1.0,0.0,240.789993,265.0,252.8949965,9.53174277522286,0.8938452599373483,1.1052389002031575,4.423068036891209,3.7087797368987454,0.7142882999924636,257.5208334166667,253.15961465384618,258.28702045293426,253.86395241604305,26.496850927454982,29.03628309741394,12.727311616030976,1.1095518743999162,0.843787451379563,0.2657644230203532,0.2089805903915589,23.351630772604818,136.32207671028502,-2.9835041000000047,45.133087973008756,36.40432411386064,8.728763859148117,258.135002,252.8949965,255.51499925,238.8099975,239.829998,231.9000015,96.0,24.0,72.0,251.61854065746826,,0.0,0.0,99.9410447538817,64.66116605335813,0.7933459075660156,0.9007997826003407,0.9467229142523372,24.571764999553398,67.28467992745244,86.75253713996005,89.44472740631967,-13.247462860039938,10.088941144117655,257.45183109344435,4.50798134479718,-2.8425137444334783,-2.0512005556518926,-0.7913131887815856,-0.5946996212121136,-0.596475001696195,23.056362727571123
222,2021-04-21,262.429993,267.799988,262.429993,267.640015,264.554504,189200,-1401969.6721485432,185100,0.2121447607984087,256546.04930512502,68.155786774714,5889.388750007874,1689.901739655506,1809.140570789453,1122.400903834167,256.7256968862966,4.408058357594792,255.30749980000002,267.4368331830065,243.17816641699355,9.501744674565554,1.0083756382390376,1.0,0.0,259.11200053333334,262.98000433333334,255.24399673333332,2.985584451540996,1.6023792772213217,1.0,0.0,242.0,267.799988,254.899994,10.105456369362786,0.9937994932400752,0.7040290691537233,4.841541194608254,3.9353320284406474,0.9062091661676068,258.90666841666666,253.60846134615383,259.7259426909444,254.88440149633615,27.834612919408237,30.949770773360598,11.673276506407676,1.2359452065997967,0.7471030285610658,0.48884217803873087,0.22112764452812908,23.465683911021724,161.23957329793868,-1.727497800000009,48.75840587644955,37.61359004888965,11.144815827559903,259.534996,254.29499049999998,256.91499324999995,243.35999299999997,242.62000275,233.1150055,100.0,20.0,80.0,253.22431577857208,,0.0,0.0,99.97052237694085,69.87060077461713,1.0,0.9311153025220053,0.9338665217335604,26.940018233205365,71.26210711237798,99.27940031663098,93.92183736007819,-0.720599683369021,10.81308554117652,259.0797797197093,6.625242154201868,-4.581253086081026,-2.5572110617377195,-2.0240420243433066,1.9852997519227866,1.9658496830694538,25.499400391526784
223,2021-04-22,266.299988,266.690002,263.829987,264.51001,261.460571,220000,-1517351.297769386,-34900,0.26243513550117525,121525.02797582201,68.18835370874591,188.50618866363493,2136.81019132222,1183.3241004217562,1122.400903834167,257.7665769910886,4.348255321835311,256.38550045,267.73750689892046,245.0334940010795,8.855420005418233,0.857844650043017,0.0,0.0,260.2950002333333,264.15300483333334,256.43699563333337,2.9643324662721904,1.046268110549516,1.0,0.0,242.0,267.799988,254.899994,10.062966881791924,0.872481413557248,0.5795304875009027,4.864543512539143,4.1211743252603465,0.7433691872787964,259.8175024166667,254.03692346153846,260.46195304618374,255.5974095336446,29.076820483364827,29.10786375525916,10.97856732491359,1.2900316791652435,0.6912561074283051,0.5987755717369384,0.23152119631514187,23.465411244704942,124.6165826606069,-0.6255054499999915,53.21869374114717,39.7089726209617,13.509721120185468,259.534996,254.29499049999998,256.91499324999995,243.524994,242.70250325,233.1150055,96.0,16.0,80.0,255.26490988957198,,0.0,0.0,99.98526118847042,63.78699983199829,0.5750417904175547,0.7894625659945236,0.8737925503722899,27.10478987840193,63.61522029458204,81.80320594257084,89.27838113305397,-18.19679405742916,10.923673455882323,259.82800834269864,4.3102799565401115,-4.914829195982485,-3.0287346885866726,-1.886094507395812,-1.1694831955528007,-1.1763754387249747,24.031705993428364
224,2021-04-23,265.269989,268.709991,264.890015,266.820007,263.743958,169300,-1515578.1572051547,134400,0.2259498589931669,160033.23713641774,66.63741198043293,3474.7758474872962,2159.777725196669,-1094.3462357099927,1132.2029628210996,258.9186568020533,4.333427889651778,257.33350075,268.84489464279767,245.82210685720233,8.946673370740806,0.9120485467852593,0.0,0.0,261.5540008666667,265.5420026666667,257.5659990666667,3.049467250958233,1.1602311630517925,1.0,0.0,245.600006,268.709991,257.15499850000003,8.980558276573323,0.9182178612404972,0.4729918203001877,5.011402143253804,4.299219888859038,0.712182254394766,260.7391700833333,254.6346160769231,261.44011519292474,256.42871304967093,30.536025252165583,30.36080399356814,10.25411113470379,1.2259846124524658,0.6825880520575579,0.5433965603949079,0.24161234242895419,23.468833278039448,128.18848207778365,-4.033497749999981,56.82173428062529,42.37709764731699,14.444636633308306,260.2399975,254.74999200000002,257.49499475000005,248.454994,245.45000075000002,233.1150055,92.0,12.0,80.0,257.0198208250319,,0.0,0.0,99.99263059423521,66.13080841169943,0.7120494621831036,0.7623637508668861,0.8276472064611383,27.961639924135635,61.618183885461676,89.72834391839156,90.27031672586446,-10.271656081608441,11.013586099999998,260.84863892440586,4.324371370119855,-6.874205824971526,-3.7978289158636436,-3.076376909107882,0.873311751037309,0.8695204412775936,25.114889456881006
225,2021-04-26,267.109985,269.230011,265.579987,266.0,262.933411,226900,-1690258.8020995462,-92500,0.1606091845683728,110591.404931216,66.40529620078556,973.2260554887544,2106.1390601878716,781.194317110397,1132.2029628210996,259.9842886084507,4.265087500686598,258.12600105,269.7320792186894,246.51992288131058,8.99256806480435,0.8392187625981303,0.0,0.0,262.86633406666664,266.8273384666667,258.9053296666667,3.0137023168553885,0.8955645610155496,0.0,0.0,245.600006,269.230011,257.4150085,9.15444585352824,0.8633089159312496,0.4949478996495737,5.003938664260943,4.440163643939419,0.5637750203215237,261.7975031666667,255.1750008076923,262.1416359324748,257.13769726821386,31.967480541856073,29.423520636755335,9.657664425457575,1.23126973961488,0.6939920633470061,0.5372776762678738,0.24991058160341267,23.450274413845204,113.79642511349164,-3.3559970500000134,59.24062085207464,45.53568822085127,13.704932631223372,262.560005,255.010002,258.7850035,250.215004,247.5250015,233.1150055,88.0,8.0,80.0,258.8902480530268,,0.0,0.0,99.9963152971176,64.53405657003373,0.5891053233248044,0.625398858641821,0.7257417251677435,28.189166691970385,54.31120200875158,82.01553596276443,84.5156952745756,-17.984464037235576,11.459584702941157,261.4702246722737,5.013816363831625,-6.378523047247345,-4.313967742140384,-2.0645553051069614,-0.3073259045375809,-0.3077991203875641,24.730378991146452
226,2021-04-27,266.98999,268.380005,265.5,267.049988,263.971283,188900,-1675830.868154988,96400,0.14200040255972926,123127.30896961331,65.79291836573867,-708.9424272009144,1875.1941661737426,48.32689553655848,1136.6721339659364,260.8351590876316,4.126579250617937,258.77400064999995,270.8442565625876,246.7037447374123,9.32880110232793,0.842825678673859,0.0,0.0,264.0816666333333,267.84467143333336,260.3186618333333,2.849879620931666,0.8944083949436673,0.0,0.0,245.600006,269.230011,257.4150085,9.131522077428603,0.9077434389032077,0.49844246928886476,5.024825993662432,4.557096113884022,0.4677298797784104,262.82083516666665,255.99115411538463,262.89676701978635,257.8719410261239,33.259042892608385,28.03772678188797,9.333612896405961,1.195108244169992,0.7294963145042214,0.4656119296657707,0.256946137025112,23.462774522439577,101.29272142407757,-3.7940046499999482,61.028952996280836,48.86062216962555,12.168330826655286,264.2900085,255.010002,259.65000525,252.180008,248.50000375,233.1150055,84.0,4.0,80.0,260.751405383482,,0.0,0.0,99.9981576485588,65.6768613493448,0.6770971739112928,0.6594173198064003,0.6823933097717024,28.70513848261387,56.048768177820435,87.86179203604985,86.53522397240197,-12.138207963950164,11.720027649999963,262.1413897489619,4.820027400085916,-7.261929808802195,-4.903560155472746,-2.358369653329449,0.3947323308270523,0.39395530686734404,25.22273012338765
227,2021-04-28,269.329987,269.329987,265.329987,266.119995,263.052032,311500,-1864287.1221549879,-215100,0.13284809110789558,64153.00490252715,64.5521078684144,500.7826645265175,2002.9587236596292,-339.1393651970743,1136.6721339659364,262.0789976670036,4.113921325556143,259.36550075,271.65627167777956,247.07472982222046,9.477568059158727,0.774779112298543,0.0,0.0,264.91466483333335,268.62166833333333,261.20766133333336,2.7986397071163913,0.6625747273595337,0.0,0.0,245.600006,269.329987,257.4649965,9.149243415712839,0.864728420979351,0.4532146625286999,4.90974026035974,4.627624943179166,0.28211531718057437,263.7491684166667,256.84653834615386,263.39264824751154,258.4829079871518,34.611235893184265,27.755522626105805,8.719369482059456,1.2277912694876976,0.7040180874078864,0.5237731820798112,0.261574336388894,23.543500197354987,89.77441921229101,-3.2954937500000483,60.658428683196995,51.657220465274094,9.001208217922901,265.204987,255.05999000000003,260.1324885,252.9549945,247.89000325,233.1150055,80.0,4.0,76.0,262.27755439445525,,0.0,0.0,99.9990788242794,63.71844193372216,0.45583075087593666,0.5740110827040114,0.6196090870507442,28.58940487876739,50.49797688126459,82.22594118720934,84.03442306200789,-17.77405881279067,11.638321391176504,262.4022212555166,4.368969791653781,-3.596286533382477,-4.642105431054692,1.0458188976722154,-0.3482467859163396,-0.3488545765202744,24.786645990496247
228,2021-04-29,266.339996,272.730011,264.769989,272.450012,269.309052,655100,-1255274.2673663916,440000,0.2921987968472156,647387.452302166,69.34719049798366,1725.4365318708346,2046.464112272847,14497.633532320438,1136.6721339659364,263.9032285483321,4.498531393000527,260.59750145,272.94767170263907,248.2473311973609,9.478348935750388,0.979852111652764,0.0,0.0,265.73233246666666,269.84333986666667,261.6213250666667,3.094096500670019,1.3170356897598094,1.0,0.0,245.600006,272.730011,259.1650085,10.410692677038321,0.9896793605456403,0.44124984400692757,5.268580540417645,4.755816062626862,0.5127644777907827,265.11416883333334,258.042308,264.78608882481745,259.5175082843998,36.35091689423168,29.604410364029643,7.64162587510525,1.1802338747010543,0.6840870265398433,0.496146848161211,0.26875595278891284,23.826071345329883,113.671966985024,-1.1474894499999664,63.21795290318121,54.4870513978433,8.730901505337904,266.904999,257.3650055,262.13500224999996,254.6550065,247.64250175,233.1150055,100.0,20.0,80.0,263.6880409155642,,0.0,0.0,99.9995394121397,70.22627456565155,1.0,0.7109759749290765,0.6481347924798294,30.515331849357906,60.50691518470071,98.69525205653487,89.59432842659804,-1.3047479434651412,11.744263520588277,263.3500594228038,6.396690183243538,9.28716263071582,-1.8562518187005903,11.14341444941641,2.3786326164631166,2.3507838988715335,27.754861853016543
229,2021-04-30,273.049988,278.940002,271.5,276.950012,273.757172,462600,-1040139.0863274592,902600,0.2838189988375188,852289.2448304279,77.70814037014557,10405.71127972372,2865.4328055752753,23223.089946397668,1155.4463104297156,266.02806574582286,4.792678453700473,261.889502,275.35531170028133,248.42369229971865,10.283581126731335,1.05921293762548,1.0,0.0,267.03799956666666,271.5410052666667,262.5349938666667,3.372557993474485,1.600599587663564,1.0,0.0,249.720001,278.940002,264.3300015,11.157377740173793,0.93189630623216,0.4336564967291897,5.848656765073656,4.974384203116221,0.8742725619574347,266.57250216666665,259.3500008846154,266.6574616209994,260.80880485592576,38.6053522638273,35.56431273251831,6.796088399461815,1.2989552482611906,0.6032903843811287,0.6956648638800619,0.28022253950584713,24.087446783441514,165.80501426292173,0.9104859999999917,66.70044357964527,57.19759120951218,9.502852370133084,270.0099945,260.470001,265.23999775000004,257.760002,247.64250175,233.1150055,100.0,16.0,84.0,265.329987,,0.0,0.0,99.99976970606986,73.8212190361246,1.0,0.8186102502919791,0.7011991026416889,33.39574855265431,58.77880991449988,92.67578157348419,91.19899160574282,-7.324218426515814,12.75811595882351,265.3842570490009,6.7450372675257375,12.706248933324026,1.056248331704333,11.650000601619693,1.651679134446149,1.638187273434788,29.86496224948332
230,2021-05-03,279.190002,281.269989,271.76001,272.070007,268.933441,393800,-1408265.6713598801,508800,0.23229237014188503,455998.4999975075,68.53661311595508,3127.3256830959044,2949.438558601477,701.704376679174,1135.0867382043546,267.5959075976182,5.264408508330424,262.9425026,276.131459788807,249.75354541119302,10.03181840774568,0.8460282821960398,0.0,0.0,268.22633266666674,273.36733576666666,263.0853295666667,3.833332133268856,0.8738253273308971,0.0,0.0,250.309998,281.269989,265.78999350000004,11.774433837764803,0.7028428722734437,0.6401808287477281,5.84719293236742,5.148945948966461,0.698246983400959,267.34500375,260.28115496153845,267.49016091007644,261.642967977709,40.88431731279717,34.10188406536518,5.897777511016599,1.274936923962757,0.6173570709055846,0.6575798530571725,0.28967032213905414,24.52056554269098,145.78861410915894,-0.842496600000004,68.41545744249832,59.78452115056658,8.63093629193174,271.84999100000005,263.4349975,267.64249425,258.9249955,247.64250175,233.1150055,96.0,12.0,84.0,264.769989,,0.0,0.0,99.99988485303493,64.69810682518866,0.09696986101312025,0.6989899536710401,0.7428587262973654,32.78703930568964,50.30682766430963,63.75104166707699,85.0406917656987,-36.24895833292301,13.902763147058863,265.7156800692497,3.527404651175247,13.323812284534675,3.5097611222704015,9.814051162264274,-1.762052640748768,-1.7777615951974468,27.576673252758898
231,2021-05-04,272.179993,277.48999,271.470001,273.420013,270.267883,441100,-1563600.9321884336,949900,0.17632006813107853,475925.52094072115,59.39810407328973,-2777.307117423712,2223.052240553766,-4750.233813184577,1135.0867382043546,268.8109602035192,5.339966557497378,263.93450315,277.14195152971377,250.7270547702863,10.008125669123027,0.8590969874457138,0.0,0.0,269.35533346666665,274.70633416666664,264.00433276666666,3.973190826505156,0.8798055505144434,0.0,0.0,251.270004,281.269989,266.2699965,11.366450631485012,0.7383340025003338,0.7251719343700422,5.887104163923823,5.296577591957933,0.5905265719658894,268.2883376666667,261.1761556923077,268.40244584698775,262.5153416830639,42.8697423763637,31.28300209764902,5.808475679765361,1.2055383636344112,0.7350355679128721,0.4705027957215392,0.29778464950422434,24.835177837629946,122.66003218602556,0.06549684999998817,71.00322170729538,62.2561673539939,8.747054353301479,272.549988,263.4349975,267.99249275,258.9249955,247.50749975000002,233.1150055,92.0,8.0,84.0,268.069989,,0.0,0.0,99.99994242651746,65.95170204063142,0.2210540809000118,0.4393413139710441,0.6523138393113544,32.70826924265695,47.616812197434434,64.18803791955484,73.53828705337202,-35.81196208044516,14.745026614705921,266.32582767448747,4.318964800023688,14.661988940836881,5.740206685983698,8.921782254853184,0.49619802450331374,0.4949710193486112,28.20970618516614
232,2021-05-05,273.109985,274.980011,266.809998,273.109985,269.961395,300200,-1400825.880031234,649700,0.16811152546591668,394640.3885777615,53.26467490899877,-9756.636600560612,1105.281293459902,1848.3359480295153,1133.7996756100301,269.35129554420797,5.622971201747638,264.80200265,278.0269732703777,251.5770320296223,9.988572962461847,0.8141021098828994,0.0,0.0,269.9230000666667,275.5540025666666,264.2919975666667,4.172302840891067,0.7829855725808476,0.0,0.0,251.270004,281.269989,266.2699965,11.329213789841406,0.7279997306665316,0.8143682109618285,5.826552562847837,5.402572586135914,0.423979976711923,269.0475030833333,261.9076937307692,269.1266826397589,263.30013007691105,42.82565736733109,27.911015159017126,11.330481345008291,1.0833102439756963,0.8227775658016111,0.2605326781740852,0.30378924719605016,25.18102912411747,85.4844388084731,-2.3720096499999954,71.09030676985908,64.24190213496189,6.848404634897193,273.019989,263.4349975,268.22749325,258.9249955,247.50749975000002,233.1150055,88.0,4.0,84.0,,281.269989,0.0,1.0,99.99997121325873,65.37753563432662,0.16422154856904897,0.16074849682739376,0.4330265881564927,32.46996693880957,52.709801926705,59.58393664349306,62.50767207670831,-40.41606335650694,14.906412320588231,266.5788649734859,3.4507518939393917,12.261380446292424,7.044441438045444,5.21693900824698,-0.11338892007147772,-0.1134532539436961,28.064330583895945
233,2021-05-06,274.779999,274.950012,270.109985,273.320007,270.169006,276300,-1310628.3052863034,926000,0.17796905175646616,346553.0585809377,53.8840176623304,2864.066270299697,1116.873957817152,-127.91841159592116,1134.6715693105514,269.919806220529,5.544676781572877,265.80300285,278.4102992588204,253.19570644117957,9.486195621300073,0.798121179444187,0.0,0.0,270.7013335666667,276.5303372666666,264.8723298666667,4.306594003951907,0.7246244442539422,0.0,0.0,251.270004,281.269989,266.2699965,11.286548563535167,0.7350004675002327,0.8836510099931206,5.729466282086321,5.467951325325996,0.2615149567603252,269.95500425,262.63961734615384,269.7718094644114,264.04234318232506,42.78472128751509,26.11512686352703,10.601440186389041,1.099866097611668,0.846995857134096,0.2528702404775721,0.3076509694878165,25.327746730822803,92.65440808792182,1.837012150000021,71.2114015335538,65.84075405195395,5.370647481599846,273.019989,263.4349975,268.22749325,258.9249955,247.80250525,233.275009,84.0,8.0,76.0,,280.98078918,0.0,0.0,99.99998560662937,65.59604432011847,0.18585012490771577,0.19037525145892562,0.26348835408578786,32.34049052059829,54.08495179864462,60.62416437601127,61.465379646353064,-39.37583562398873,15.09785322647059,267.1787775068506,4.149683454817586,9.669899303209343,7.569533011078224,2.1003662921311186,0.07690015434622666,0.07687060132743895,28.162812251777435
234,2021-05-07,270.179993,274.0,269.549988,273.100006,269.951538,296800,-1133881.1137731106,629200,0.1839851299109962,287717.4363836623,48.641314226661976,-1132.0010394387018,1082.2479358182197,-26.425411839634137,1134.6715693105514,270.3186345698684,5.43521030341559,266.71950295,278.63117249192635,254.8078334080736,8.931982408620016,0.7678257244940395,0.0,0.0,271.2423329333334,277.1343402333333,265.35032563333334,4.344459978854511,0.6576434797243617,0.0,0.0,251.270004,281.269989,266.2699965,11.24776578697505,0.7276670971668819,0.9585796739474918,5.570558531836298,5.488472766628057,0.08208576520824096,270.41000349999996,263.6123099615385,270.2838397006558,264.7132811688195,42.529581509315406,24.55100345420173,10.720192490077169,1.092626051740427,0.8551561799520306,0.2374698717883963,0.3091101227714549,25.356009239528717,79.40604819058107,-2.2094929499999694,70.64656618031307,67.10808131064711,3.5384848696659645,273.019989,263.4349975,268.22749325,258.9249955,247.80250525,233.275009,80.0,4.0,76.0,,280.69737335639996,0.0,0.0,99.99999280331468,65.13232853338405,0.13995029142290696,0.1633406549665573,0.1714881344176256,32.106038889799244,57.09432503462303,59.53451119024156,59.91420406991531,-40.46548880975844,13.73046962058828,267.5432026797562,2.0400503265552437,8.011701475645172,7.6579667039916135,0.35373477165355816,-0.08049209511398203,-0.0805245073948413,28.059651319039002
235,2021-05-10,274.230011,275.799988,272.679993,272.809998,269.664886,332400,-1438580.0039956942,296800,0.09005729044261432,232843.70844313913,55.961092009484545,2313.7114184769675,1220.5745360726614,-591.8798758381001,1134.6715693105514,271.12386160697565,5.203688773074027,267.61100305,278.49973129841595,256.7222748015841,8.137728362672366,0.7387328819027293,0.0,0.0,271.9249989666667,277.7640033666666,266.0859945666667,4.294569769008768,0.5757833846925473,0.0,0.0,251.770004,281.269989,266.5199965,11.023457430294178,0.7132204982477109,1.0262688186383078,5.3594414678872795,5.462666506879902,-0.10322503899262259,271.1016691666667,264.44692523076924,270.67247943901646,265.3130379711292,42.59171632153095,25.98488481187571,10.256371888398549,1.1361704878775511,0.8391674036057667,0.29700308427178446,0.30804915784078385,25.34643881998265,91.9225564366133,-0.7909960500000466,70.70910628157733,68.18365389790227,2.5254523836750593,273.019989,265.494995,269.257492,258.9249955,247.80250525,233.275009,76.0,12.0,64.0,,280.41962584927194,0.0,0.0,49.99999640165734,64.48517973068212,0.07589376556448307,0.133898060631702,0.16253798901906166,31.73817534012698,50.567029607747564,55.09557963812726,58.41808506812671,-44.90442036187274,12.370026982352954,267.92383885671717,3.1378729296482897,7.491351300160328,7.624643623225357,-0.1332923230650298,-0.10619113644398936,-0.10624755917882922,27.92366331997711
236,2021-05-11,271.600006,271.859985,264.709991,265.570007,262.508362,319900,-1681523.542661603,-23100,0.0168577558247405,-131287.2671773107,50.33893723337892,-13309.856875581432,-150.80015146943202,-8842.67230289811,1104.5589927554784,271.0759749512202,5.493320595766624,268.08600305,277.67016278770524,258.50184331229474,7.150063508476221,0.3687419597097397,0.0,0.0,271.96533196666667,278.23133526666663,265.6993286666667,4.60794267761154,-0.010319310449990267,0.0,1.0,255.889999,281.269989,268.579994,9.467107462252129,0.3814031447608915,1.503079017047415,4.555410965159297,5.281215398535781,-0.7258044333764841,270.9975025,265.0069256923077,269.88748367916776,265.33207271400846,40.11710465229657,23.18079478273223,19.767618674705172,1.0209850446226012,0.9188736892464501,0.10211135537615113,0.29925530996629796,25.40471722057706,-10.423156607456013,-2.086003049999988,68.97955064259122,69.10822300450164,-0.12867236191041798,272.98999000000003,265.78999350000004,269.38999175000004,258.9249955,247.80250525,233.275009,72.0,8.0,64.0,,280.1474332922865,0.0,0.0,24.99999820082867,50.89079605354315,0.0,0.07194801899579675,0.12306224486468538,27.11787685145424,42.099283952338396,9.977177754910574,41.535756194426476,-90.02282224508943,10.371760938235184,267.901023415014,-0.4684806113508573,6.6927001035353015,7.438254919287346,-0.7455548157520449,-2.653858382418972,-2.689708908393307,24.52875045786247
237,2021-05-12,267.089996,267.670013,262.019989,262.440002,259.414459,307500,-1943305.5076585675,-330600,-0.04966577204727049,-250028.5915091227,49.43048031683543,-6320.653369004202,-615.7401198742775,-12113.884373012226,1091.5406733707914,270.8991340130278,5.508990936189959,268.23550255,277.3583373486814,259.11266775131855,6.802108380102219,0.18236295636759514,0.0,0.0,271.6769998,278.1080055,265.2459941,4.734302649642251,-0.21816122010279296,0.0,1.0,259.350006,281.269989,270.3099975,8.171917136850311,0.14096708012957787,2.030326280697211,3.623872013276525,4.94974672148393,-1.3258747082074045,270.70083600000004,265.3476949230769,268.7417172669881,265.11784525371155,37.31969517255146,21.442600958742545,21.855391871175854,0.981247674711665,0.9711210565110074,0.010126618200657522,0.2827631820601367,25.48475295927346,-72.72954520516667,-1.1855145499999935,64.97941066439434,69.3039405335253,-4.32452986913097,271.644989,266.2699965,268.95749275000003,259.814995,248.55000675,233.275009,68.0,4.0,64.0,,279.529935600595,0.0,0.0,12.499999100414335,46.34228990240926,0.0,0.025297921854827765,0.07704800049410888,21.6882046233087,43.370036790174204,2.1818857142856265,22.418214369107833,-97.81811428571437,8.5627895029412,267.79032283600276,-1.3383451127819577,5.6871466314345644,7.088033261716791,-1.4008866302822263,-1.1785988317573715,-1.1855993676445742,23.061056059764027
238,2021-05-13,261.070007,272.109985,261.070007,270.959991,267.836212,222700,-1767001.1913818498,-107900,-0.04665108355622459,56747.14303503797,50.00294996426501,8650.519268122995,-246.04416125744189,3605.657456239927,1126.9770186660935,270.9112986873324,6.062089642570966,268.6435027,277.48295189396094,259.80405350603905,6.580802517179913,0.6310312582362378,0.0,0.0,271.4833321666667,278.22233346666667,264.7443308666667,4.964578301155399,0.461170717783755,0.0,0.0,261.070007,281.269989,271.16999799999996,7.519252018746118,0.4896036045972719,2.109421176686651,3.532393358516231,4.66627604889039,-1.1338826903741595,271.02666958333333,265.9323101538461,269.0829901489899,265.55059679047366,35.507653466144085,24.001273576867643,18.876860104588438,0.9639525253444151,0.9499020713755671,0.014050453968847965,0.26773699780998295,25.75370786121094,-10.254196463760042,-2.523507699999982,62.449974387888766,68.8316661788857,-6.381691790996932,271.16999799999996,266.2699965,268.71999725,259.814995,248.55000675,233.275009,64.0,4.0,60.0,,278.47933880455935,0.0,0.0,6.249999550207168,57.48214566880622,0.40539628426527297,0.13513209475509105,0.07745934520190523,20.459228881500373,52.77433823400513,48.96036045972719,20.373141309641138,-51.03963954027281,6.752436194117649,267.81820446633355,1.4641464803211366,2.6837581067298855,6.20717823071941,-3.523420123989524,3.246452116701337,3.1948683196814542,27.05617431905125
239,2021-05-14,270.75,272.350006,269.0,271.429993,268.300781,191700,-1680594.430916344,83800,-0.011777901215347641,61511.74880146173,49.66430834939881,7138.653082964055,194.3434835622225,7562.368004699427,1128.9318513732112,271.10378674913306,5.79088127831387,269.11000205,277.49181637055324,260.72818772944674,6.229284869906786,0.6383943178215681,0.0,0.0,270.99633166666666,277.3263333666667,264.6663299666667,4.67165120728356,0.5342544405109191,0.0,0.0,261.070007,281.269989,271.16999799999996,7.506217474684172,0.5128710510732154,2.169469228609232,3.4579598898747577,4.424612817087263,-0.9666529272125057,271.46916941666666,266.6296174615385,269.44406751068374,265.986107620809,33.871500120817544,23.28342336785116,18.072015052761735,1.047498130100663,0.9529642294592676,0.09453390064139533,0.25415788114819543,25.93778854834883,36.24835855597192,3.3400099500000238,58.56683800435051,67.73737513020261,-9.1705371258521,269.2799985,266.2699965,267.7749975,259.814995,249.45000825,233.275009,60.0,4.0,56.0,,277.0865922601946,0.0,0.0,3.124999775103584,58.0001584086789,0.42424755526466223,0.2765479465099785,0.14565932103996582,19.690953277784356,51.66097632662467,51.28710510732154,34.14311709377812,-48.71289489267846,5.900673185294124,267.94774043437627,1.99533973386705,-0.6323044615779415,4.83928169225994,-5.471586153837881,0.1734580807540853,0.17330781596438527,27.27656352050465
240,2021-05-17,271.140015,273.220001,267.01001,272.109985,268.972931,335900,-1464776.5290707569,419700,0.0021438604182590425,85354.25794410863,44.29809896966448,-1035.3020050676923,171.03208514316697,1174.022728067532,1128.9318513732112,271.2421782927007,5.832792250482483,269.5155013,277.65028144989253,261.38072115010743,6.036595379972343,0.6594685813380146,0.0,0.0,270.570998,276.5710009,264.5709951,4.435067279457645,0.6282488546797196,0.0,0.0,261.070007,281.269989,271.16999799999996,7.4949240034677125,0.5465340513669765,2.218395828902245,3.414480495470457,4.222586352763902,-0.8081058572934454,271.44083383333333,267.2965398076923,269.8542086628862,266.43972816741575,31.854572141235113,21.457076981551555,19.16805074460355,1.0244826607865607,0.935566368790489,0.08891629199607165,0.2421330530456775,26.091459928077903,27.849450574494206,7.434510700000033,56.63750598261643,66.14118449412717,-9.503678511510742,268.4349975,266.2699965,267.35249699999997,259.814995,249.45000825,233.275009,56.00000000000001,4.0,52.00000000000001,,275.805265439379,0.0,0.0,1.562499887551792,58.78257621463443,0.4527209285227032,0.42745492268421287,0.27971165464976083,19.328724134890997,53.9125820243894,54.65340513669765,51.633623567915464,-45.34659486330235,4.5802349794117845,267.9656465264353,-0.12480344467741132,0.6467813948522547,4.000781632778403,-3.354000237926148,0.25052205634472635,0.2502087729613578,27.59541938468113
241,2021-05-18,270.480011,272.309998,267.25,271.51001,268.379883,400500,-1190914.9957262748,19200,0.062313903625344134,38833.65145209471,43.46732347947862,-423.2539875123854,105.02946714038818,-41.558412465788365,1128.9318513732112,271.4426520599683,5.755512825434236,269.96950215000004,277.4598231322333,262.4791811677668,5.549012701495061,0.6028332332922721,0.0,0.0,270.19399813333337,276.09800193333336,264.2899943333333,4.370196111526179,0.611450797733792,0.0,0.0,261.070007,281.269989,271.16999799999996,7.482319980268197,0.5168322922267965,2.274606172590124,3.293642730675458,4.036797628346213,-0.7431548976707552,270.98750033333334,267.9323095769231,270.10894733013447,266.815304599459,29.981710445908572,20.07528671570701,17.933668915387955,1.028706717615609,0.9567749434522373,0.07193177416337171,0.23073354671021576,26.15243815219143,12.981582378800633,2.100504849999936,54.549829989034116,64.30335374070218,-9.753523751668062,268.4349975,266.5199965,267.47749699999997,260.8349915,249.9600065,233.275009,52.0,4.0,48.0,,274.62644476422867,0.0,0.0,0.781249943775896,57.760146660229026,0.4155131629132736,0.43082721556687975,0.3782766949203571,18.7319944443456,55.54447871517083,51.68322922267965,52.54124648889962,-48.31677077732035,4.449825664705827,268.0146558043022,-1.964254112399169,3.2930993944026294,3.8592451851032483,-0.5661457907006189,-0.22048988757247256,-0.220733324426714,27.314084387932212
242,2021-05-19,270.320007,270.809998,266.519989,269.200012,266.096527,324300,-1110026.354443703,-305100,0.04577779623433373,-73732.92038391915,32.43917857524541,-1474.9872433085036,-123.57223108670743,-3642.1954526711725,1119.326937289902,271.4671951058181,5.678963642890814,270.047502,277.47136174088075,262.62364225911926,5.4981880490646,0.44292120072439234,0.0,0.0,269.9149983,275.43100169999997,264.39899490000005,4.087215186070644,0.4351898242122188,0.0,0.0,261.070007,281.269989,271.16999799999996,7.480158805542306,0.4024758536913561,2.394403685495809,2.9771615334066723,3.8248704093583052,-0.8477088759516329,270.7483340833333,268.43730976923075,269.9691111254984,266.9919495920917,28.04909706441121,18.79017992131575,17.722149341884094,1.0197838563851969,1.0030697881872523,0.01671406819794452,0.21806774817197055,26.140394281465596,-25.338697459473746,3.3725109999999745,51.57992450505111,62.12207851531299,-10.542154010261882,268.4349975,268.579994,268.50749575,261.029991,249.98500425,233.275009,48.0,8.0,40.0,,273.54192974309035,0.0,0.0,0.390624971887948,53.8747682137114,0.27411833534881613,0.3807841422615977,0.41302209350423014,17.062319621874405,56.360179619931685,40.24758536913561,48.861406576170985,-59.75241463086439,4.693824370588288,268.0465307521228,-1.0548737185866872,3.3209185444397606,3.751579856970551,-0.4306613125307903,-0.8507966244043819,-0.8544365592176639,26.230900455568328
243,2021-05-20,269.690002,270.179993,266.700012,268.420013,265.3255,252400,-1112925.996596927,-557500,0.06309483933546427,-91324.181414789,23.352408155143053,-310.20776750038135,-888.9950201741433,-3490.4549196007392,1116.0837208974776,270.8373325418724,5.459065378601734,270.24300215000005,277.26851229351854,263.21749200648156,5.199402084512764,0.37025930411032854,0.0,0.0,269.4789987666667,274.8589975666667,264.0989999666666,3.9928891116731577,0.40158122649891126,0.0,0.0,261.070007,281.269989,271.16999799999996,7.474747482559385,0.36386200740178853,2.44377441252415,2.633056270208556,3.5865075815283554,-0.9534513113197995,270.3316674166667,268.7823098076923,269.73078833696013,267.0977320667516,26.254527495877948,17.92824509864081,16.909206745571474,0.9427313275704509,1.0846527232086292,-0.1419213956381783,0.2041021842038153,26.08138607623783,-41.64188658903163,2.8669828499999426,47.38865216791057,59.53786584726826,-12.149213679357686,268.4349975,270.3099975,269.3724975,261.029991,251.82250575,235.0400085,44.0,4.0,40.0,,272.54417592364314,0.0,0.0,0.195312485943974,52.58840918743334,0.31852659534088257,0.33605269786765746,0.382554685232045,15.316074572308905,60.70347680028664,36.38620074017885,42.772338443998045,-63.61379925982115,4.480884494117674,268.05948483598627,-1.8286883776865301,1.455328702006511,3.292329625977743,-1.837000923971232,-0.28974701531589986,-0.29016759458739827,25.865150189091946
244,2021-05-21,268.619995,270.76001,263.779999,264.290009,261.243103,276800,-1349275.9835525334,-834300,0.025517035222043023,-241590.02795553283,24.0515027590763,-2950.360877882298,-1323.1154888154433,-4990.262871298396,1116.0837208974776,270.1560712230143,5.611159940741565,270.11650225,277.4675586507689,262.76544584923107,5.442878416932356,0.10369687481988688,0.0,0.0,268.88499956666664,274.51799826666667,263.25200086666666,4.189894348199495,0.0921363725268865,0.0,0.0,261.070007,281.269989,271.16999799999996,7.4782480269585365,0.15940618164907358,2.5586520430920516,2.0039927817176704,3.270004621566218,-1.2660118398485478,269.59666941666666,268.8396183076923,268.8937453620432,266.88975258032553,24.95200085195638,16.311974950803453,19.156224670018094,0.9019148686289216,1.108764402596202,-0.20684953396728045,0.18641907565876753,26.109410952476214,-94.23897196911052,3.203504749999979,40.9846230711325,56.23514549055218,-15.250522419419674,267.145004,271.16999799999996,269.15750099999997,261.029991,254.262493,236.484993,40.0,8.0,32.0,,271.6262424097517,0.0,0.0,0.097656242971987,46.28649878446921,0.0,0.19754831022989963,0.30479505011971836,11.813846610050673,59.64229856464937,19.61026390831234,32.081350005875606,-80.38973609168767,3.3376787794118172,267.81826337256337,-3.2294593696382052,0.5936931477673857,2.752602330335672,-2.1589091825682862,-1.538634900520619,-1.5505947245927132,23.92854506068989
245,2021-05-24,265.450012,265.829987,262.480011,263.570007,260.531403,388200,-1484855.3992856666,-1222500,0.030755458151989844,-247006.42059045794,24.441599808082557,-2688.0972861586984,-1316.7433580107995,-5316.509859300324,1116.0837208974776,269.1723660828916,5.385041546667411,269.9950026,277.6866333376453,262.30337186235477,5.697609706532587,0.08233853007567693,0.0,0.0,267.9046671,273.5606639,262.24867029999996,4.2223951237764945,0.11680847308824606,0.0,0.0,261.070007,281.269989,271.16999799999996,7.481613291163942,0.12376248652102738,2.7091703517253567,1.430863190658215,2.9021763353846177,-1.4713131447264027,268.78416941666666,268.8961568076923,268.0747086909596,266.6438455003014,24.06121002398047,15.585745234305543,20.031052573476657,0.8857723768131099,1.127046235793254,-0.24127385898014408,0.16613813277677067,26.103594930768057,-140.04691819074225,3.105003399999987,34.77773696409051,52.43494397071876,-17.657207006628255,267.145004,271.16999799999996,269.15750099999997,261.029991,255.18500125,238.19500699999998,36.0,4.0,32.0,,270.78174357697156,0.0,0.0,0.0488281214859935,45.26804381346232,0.0,0.10617553178029426,0.21325884662595052,8.650266866323028,53.12348334834924,16.97218754049987,24.32288406299703,-83.02781245950013,1.804648038235257,267.53286052397743,-3.56724709142862,2.8131270160577473,2.7647072674800874,0.04841974857765985,-0.27242876214818024,-0.2728005246459553,23.59092805943279
246,2021-05-25,261.779999,261.779999,253.399994,254.440002,252.994476,592600,-1930365.0954493321,-1815100,-0.03593948679021567,-984639.9266489625,23.01542145623972,-9283.62365423769,-1282.956718987734,-21585.09745760832,1116.0837208974776,267.35193162149915,5.8635386920006685,269.3645033,279.57371739656224,259.1552892034378,7.580222316963484,-0.23093291799148397,0.0,1.0,266.8206675,272.59966540000005,261.04166960000003,4.331746827670316,-0.5711775392754541,0.0,1.0,253.399994,281.269989,267.3349915,10.346573011129196,0.03731640425482673,3.2573835413684544,0.2372044148633563,2.369181951280366,-2.1319775364170095,267.2291690833334,268.52846457692306,265.977061507735,265.73985709287166,24.90523211116766,13.605390555285679,28.830243234943705,0.8290631246128862,1.1208067108272255,-0.29174358621433927,0.13794695324190157,26.19178655219757,-251.37636121419155,3.4454946999999834,26.857099426793223,48.199131610985305,-21.34203218419208,263.3099975,267.3349915,265.3224945,261.029991,255.42500275,238.19500699999998,32.0,100.0,-68.0,,270.76001,0.0,0.0,0.02441406074299675,34.80883218570223,0.0,7.401486830834377e-17,0.10124128067006471,1.8535181842669053,43.232234242563905,4.642894100775209,13.741781849862482,-95.35710589922478,-0.7307053294117054,266.4733568848268,-6.8326633431124915,9.22143665084473,4.056053144153016,5.165383506691714,-3.4639772195324103,-3.5253954237830953,19.309766466045343
247,2021-05-26,254.929993,256.600006,253.669998,254.699997,253.252991,495900,-2077613.143577529,-1319200,-0.02935665727531634,-825558.2913419678,16.09483285616072,-1450.525010073803,-1591.1418104429836,-20020.802389654982,1117.2241712383588,265.74062180488716,5.570185622800603,268.7935034,280.7863375566554,256.80066924334466,8.923455369982252,-0.0875803090372472,0.0,1.0,265.9153340666667,271.42233036666664,260.4083377666667,4.1419170649401735,-0.5182807882644429,0.0,1.0,253.399994,281.269989,267.3349915,10.368552307801059,0.04664525415236002,3.705431385404188,-0.6799611720398957,1.7593533266163135,-2.439314498656209,265.7200023333333,268.23115703846156,264.242128506545,264.9220896785849,25.688966906412908,13.089370994826458,27.736781832158137,0.7865114665727596,1.1890209055598497,-0.40250943898709013,0.1056384739390296,26.121355497659895,-226.14894048788184,-3.2234964000000446,20.111635818901956,43.494871769986766,-23.38323595108481,263.3099975,267.3349915,265.3224945,261.029991,255.51499925,238.8099975,28.000000000000004,96.0,-68.0,,269.0240084,0.0,0.0,0.012207030371498374,35.26751048821271,0.015126168079412222,0.005042056026470815,0.037072529268921774,-3.261411250687401,38.580602444694364,5.803586375960656,9.139556005745254,-94.19641362403935,-3.495968320588304,265.83210405023965,-6.638320124909796,11.482408827579524,5.541324280838317,5.941084546741207,0.10218322510466837,0.1021310535844755,19.43168103328521
248,2021-05-27,256.589996,259.980011,254.910004,259.929993,258.453278,1750000,-362142.28722563037,430800,0.10681352613623721,599877.6074211777,40.15612115784288,669.2425174307685,-1462.4815563808788,36441.13221911767,1117.2241712383588,263.3193128173688,5.541168460520542,268.16750245,280.6294009668891,255.70560393311087,9.294115359270751,0.16949219499597176,0.0,0.0,264.9380015666667,269.84800076666664,260.02800236666667,3.706526939106905,-0.009980588863094426,0.0,1.0,253.399994,281.269989,267.3349915,10.392756297977007,0.23430212312560617,3.896708093706267,-0.9735816954308234,1.2127663222068863,-2.1863480176377097,265.25000116666666,267.9346177307692,263.5787230439996,264.55230473943044,25.412488117048582,16.580763815603305,25.835188127234048,0.8086817262617034,1.130095922817636,-0.3214141965559325,0.07562861345279095,26.112219878590402,-143.47242116460802,-5.7275004499999795,12.356952008607582,38.360439992682,-26.003487984074415,263.3099975,267.3349915,265.3224945,261.029991,256.91499324999995,243.35999299999997,24.0,92.0,-68.0,,267.46160696000004,0.0,0.0,0.006103515185749187,43.829056558245696,0.3039533203630157,0.1063598294808094,0.03713396183576015,-4.914319758649713,40.55305274664381,29.151789058515078,13.19942317841699,-70.84821094148492,-5.798055923529432,265.1589167000178,-2.1237390711820674,32.76935010705967,10.98692944608259,21.78242066097708,2.0533946060470543,2.0325966860011313,21.884084729534024
249,2021-05-28,261.579987,261.579987,257.029999,259.959991,258.483093,357000,-259357.71460697727,787800,0.09457138707854672,515710.70436100836,40.21666511235712,2370.5635028498914,-1458.4206932113843,35975.606260955334,1117.3531078427961,262.54273246767167,5.442050414468492,267.3180014,279.5841524079832,255.05185039201683,9.17719790193163,0.20006848948740336,0.0,0.0,263.7976675,268.8276649,258.76767010000003,3.8135268197547543,0.11852102547806224,0.0,0.0,253.399994,281.269989,267.3349915,10.425783095054973,0.23537847782175797,4.055712236704766,-1.1901383140940425,0.7321853949467005,-1.922323709040743,265.0433335833333,267.759617,263.02199503723045,264.2121333513245,24.719788430986803,17.692403556845864,24.28977360826288,0.7996057333782144,1.1302681650937798,-0.3306624317155654,0.04831733003588111,26.089500455030425,-108.92692672140763,3.641989599999988,4.98429343639747,32.62119415421322,-27.63690071781575,262.854996,267.3349915,265.09499375,261.029991,256.91499324999995,243.524994,20.0,88.0,-68.0,,266.05544566400005,0.0,0.0,0.0030517575928745936,43.87490901119253,0.37816691521145374,0.2324154678846273,0.11460578446396923,-6.183377386991904,42.0584540627071,33.097854102675136,22.684409845716967,-66.90214589732486,-7.569734400000016,264.5079171634192,-0.9449820839431294,26.549873360446785,14.099518228955429,12.450355131491357,0.011540799756803999,0.011540133857756985,21.89815112768805
250,2021-06-01,262.410004,263.070007,258.850006,259.799988,258.324005,463100,-513956.97529435967,324700,0.10742059698335438,431452.40526657744,46.60804201330628,1508.131855973532,-399.99292667174393,-243.8331649379207,1117.3531078427961,262.1559384162185,5.319845473021639,266.70450044999995,279.1841126450994,254.22488825490055,9.35838141016973,0.22336830896430837,0.0,0.0,262.777001,267.60799940000004,257.94600260000004,3.676880687134411,0.19188429041913393,0.0,0.0,253.399994,277.48999,265.44499199999996,9.032467003501585,0.26567019770364414,4.087128544745796,-1.3590061228575792,0.3139470913858446,-1.6729532142434238,264.11333333333334,267.4896162692308,262.5263016468873,263.8853077697449,23.68110710763226,18.685583963328202,22.920338752188197,0.9073260798180073,1.0788241031809342,-0.17149802336292697,0.02376697376186356,26.05518477280913,-82.64470320386236,4.7254925500000695,-1.9971552364956762,26.338195795821026,-28.3353510323167,262.104996,267.3349915,264.71999375,261.029991,257.49499475000005,248.454994,16.0,84.0,-68.0,,264.78990049760006,0.0,0.0,0.0015258787964372968,43.67014388817496,0.36962569099672743,0.3505819755237323,0.22978575762972306,-7.257559814031679,40.85621976014352,32.290573863066655,31.513405674752295,-67.70942613693335,-8.40755648823523,263.8210357820258,-4.118690349380776,22.831869153591974,15.84598841388274,6.985880739709234,-0.061549086605416914,-0.06156803583152737,21.82312392908008
251,2021-06-02,259.48999,259.48999,256.540009,257.089996,255.62941,332300,-722350.6314229944,-7600,0.1023854805288674,241169.1557142093,46.484156393292224,-2614.4191076939364,-135.2619080067249,-3751.2785590802087,1105.697918761613,261.8334037320028,5.113858825719474,265.88799959999994,278.6372012765695,253.13879792343036,9.589903790881408,0.15495864669829174,0.0,0.0,261.51200056666664,266.13199726666664,256.89200386666664,3.533296131717853,0.021427735363246426,0.0,0.0,253.399994,275.799988,264.599991,8.424597587592666,0.16473227626757372,4.1134251747881,-1.6920044103748069,-0.08724320896628568,-1.6047612014085213,262.9183335833333,267.1469238076923,261.6899469319816,263.3819513423564,23.191212863633414,17.84843087397413,25.068102301660666,0.9053027338800014,1.0690530308114874,-0.16375029693148602,7.206079347781209e-05,26.005204519962383,-106.04306680249486,6.221985400000051,-8.008240227906509,19.71728860327018,-27.72552883117669,262.08000200000004,267.3349915,264.70749675,261.029991,258.7850035,250.215004,12.0,80.0,-68.0,,263.65090984784007,0.0,0.0,0.0007629393982186484,40.244291760793544,0.2267255197407483,0.3248393753163099,0.30261227290822323,-9.201765433932335,43.5965395582415,18.61756153769263,28.001996501144816,-81.38243846230738,-8.317996888235314,262.71391203075694,-5.283129119780082,17.693538593819657,16.215498449870125,1.4780401439495314,-1.0431070535692255,-1.0485855461927152,20.552378330497454
252,2021-06-03,256.190002,258.540009,254.509995,257.0,255.539932,325200,-645691.1708851402,-332800,0.09162588232070538,202535.46215503727,42.31066389185171,-1846.4670310470292,-885.0466436617264,-3580.0830822185494,1105.3108621221286,261.36184313846445,5.005474343147526,265.08250035,277.9399775511153,252.22502314888465,9.700736324833999,0.18568871546204826,0.0,0.0,260.2960007333333,264.88999793333335,255.70200353333334,3.529825419566426,0.14127092487851964,0.0,0.0,253.399994,275.799988,264.599991,8.450197191600466,0.16071459661998164,4.3345823443882265,-1.9407975711318954,-0.4579540813994077,-1.4828434897324878,261.6591681666667,266.76038580769233,260.9684166347536,262.9092142058855,23.125027743738013,16.84378209790756,26.492424285069603,0.8796048794635305,1.155613776074067,-0.2760088966105365,-0.02210829020863973,25.93361540488729,-104.64364157684933,6.427509650000047,-12.823594096694146,13.027039018314102,-25.85063311500825,262.08000200000004,267.3349915,264.70749675,261.029991,259.65000525,252.180008,8.0,76.0,-68.0,,263.070007,0.0,0.0,0.0003814696991093242,40.1316987544044,0.22202900649470433,0.27279340574406014,0.3160715855280342,-10.809291608680802,43.95305223620365,18.163495098664708,23.02387683314134,-81.83650490133529,-7.899261726470627,261.8861298547417,-5.552896193794577,13.247619617818795,15.62192268345986,-2.3743030656410653,-0.035005640592866705,-0.035011768997428305,20.510178198212927
253,2021-06-04,256.769989,259.850006,255.270004,259.369995,257.896454,227200,-466114.94886602217,-105600,0.10308497588255958,250525.0909900325,42.53838838848225,2086.406606516735,-1245.9213919793924,1981.3478980371367,1115.5037851442107,260.96924681627667,4.962927108832774,264.38499975,276.88795667795097,251.88204282204907,9.458143948993799,0.29944725160219005,0.0,0.0,259.26900029999996,263.9729996,254.56500100000002,3.6286631217438137,0.5107349824648162,0.0,0.0,253.399994,275.799988,264.599991,8.472490504824865,0.2665179731744583,4.480021225987058,-1.9245442062421034,-0.7512721063679468,-1.1732720998741566,260.64750025,266.5007704230769,260.7225056140223,262.6470498202644,22.683753895667788,17.601637600730207,24.78497983237347,0.7779707965539503,1.1373567146051544,-0.3593859180512041,-0.04054755732925895,25.710087865678087,-77.70616056316604,4.815012249999995,-18.525101502192307,6.414847399055789,-24.939948901248094,259.6149905,267.3349915,263.474991,261.029991,260.1324885,252.9549945,4.0,72.0,-68.0,,262.1030057,0.0,0.0,0.0001907348495546621,44.53271471613198,0.4056055040336915,0.2847866767563814,0.2941398192722506,-10.954708992717341,55.33284544368716,30.121084215560646,22.300713617306002,-69.87891578443936,-7.714497741176501,261.6832062231366,-4.4712955518656585,7.777519780322092,14.053042102832308,-6.2755223225102155,0.922177042801553,0.9179509518022932,21.62149539579612
