,Date,Open,High,Low,Close,Adj Close,Volume,volume_adi,volume_obv,volume_cmf,volume_fi,volume_mfi,volume_em,volume_sma_em,volume_vpt,volume_nvi,volume_vwap,volatility_atr,volatility_bbm,volatility_bbh,volatility_bbl,volatility_bbw,volatility_bbp,volatility_bbhi,volatility_bbli,volatility_kcc,volatility_kch,volatility_kcl,volatility_kcw,volatility_kcp,volatility_kchi,volatility_kcli,volatility_dcl,volatility_dch,volatility_dcm,volatility_dcw,volatility_dcp,volatility_ui,trend_macd,trend_macd_signal,trend_macd_diff,trend_sma_fast,trend_sma_slow,trend_ema_fast,trend_ema_slow,trend_adx,trend_adx_pos,trend_adx_neg,trend_vortex_ind_pos,trend_vortex_ind_neg,trend_vortex_ind_diff,trend_trix,trend_mass_index,trend_cci,trend_dpo,trend_kst,trend_kst_sig,trend_kst_diff,trend_ichimoku_conv,trend_ichimoku_base,trend_ichimoku_a,trend_ichimoku_b,trend_visual_ichimoku_a,trend_visual_ichimoku_b,trend_aroon_up,trend_aroon_down,trend_aroon_ind,trend_psar_up,trend_psar_down,trend_psar_up_indicator,trend_psar_down_indicator,trend_stc,momentum_rsi,momentum_stoch_rsi,momentum_stoch_rsi_k,momentum_stoch_rsi_d,momentum_tsi,momentum_uo,momentum_stoch,momentum_stoch_signal,momentum_wr,momentum_ao,momentum_kama,momentum_roc,momentum_ppo,momentum_ppo_signal,momentum_ppo_hist,others_dr,others_dlr,others_cr
0,2020-06-03,28.780001,29.866667,28.446667,29.74,29.407616,2686800,2207463.5273239384,2686800,,,,,,-442703.4496272353,1000.0,,0.0,,,,,,0.0,0.0,,30.771111333333334,27.931111333333334,,0.6369326291079805,0.0,0.0,,,,,,,,,,,,,,0.0,0.0,0.0,,,,,,,,,,,,,,29.156667,36.211397504366815,35.161745647637794,,,,,,0.0,0.0,,,,,,,,,,,,,,,,,-16.43482869113333,,0.0
1,2020-06-04,29.513332,31.299999,27.84,29.013332,28.689074,8083050,-393445.4532133457,-5396250,,,,17.69295051580155,,-639072.4492774054,1000.0,,0.0,,,,,,0.0,0.0,,31.807776999999994,26.927778000000004,,0.4273677105261699,0.0,0.0,,,,,,,,,,,,,,0.0,0.0,0.0,,,,,,,,,,,,,,29.5699995,36.211397504366815,35.161745647637794,,,,,,0.0,0.0,,,,,,,,,,,,,,,,,-2.443402824478813,-2.4737492548369655,-2.443402824478813
2,2020-06-05,29.186666,29.26,28.246668,28.953333,28.629744,3662100,1052115.0104846302,-9058350,,,,-22.59777953758774,,-205074.62278519975,997.9320196659936,,0.0,,,,,,0.0,0.0,,31.149628777777778,27.220741444444446,,0.44098784428251747,0.0,0.0,,,,,,,,,,,,,,0.0,0.0,0.0,,,,,,,,,,,,,,29.5699995,36.211397504366815,35.161745647637794,,,,,29.866667,0.0,1.0,,,,,,,,,,,,,,,,,-0.20679803340063474,-0.20701215578524668,-2.6451479488903806
3,2020-06-08,28.706667,29.726667,28.653334,29.713333,29.381247,1879950,2885355.82833892,-7178400,,,,24.930905845607516,,41773.91402826486,1024.1268738109777,,0.0,,,,,,0.0,0.0,,30.971666,27.488334000000002,,0.6387559382797846,0.0,0.0,,,,,,,,,,,,,,0.0,0.0,0.0,,,,,,,,,,,,,,29.5699995,36.211397504366815,35.161745647637794,,,,,31.299999,0.0,0.0,,,,,,,,,,,,,,,,,2.6249136843761622,2.59105407062048,-0.08966711499663882
4,2020-06-09,29.459999,29.673332,28.833332,29.0,28.675888,1556250,1946670.2926246396,-8734650,,,,3.418374939758957,,11985.908413746947,999.5404871112357,,0.0,,,,,,0.0,0.0,,30.7791104,27.656444799999996,,0.43025907096808647,0.0,0.0,,,,,,,,,,,,,,0.0,0.0,0.0,,,,,,,,,,,,,,29.5699995,36.211397504366815,35.161745647637794,,,,,31.23893238,0.0,0.0,,,,,,,,,,,,,,,,,-2.4007168768310105,-2.430003764551758,-2.488231338264957
5,2020-06-10,29.126667,29.42,28.700001,28.986668,28.662706,1421550,1657098.1810661545,-10156200,,,,-9.792021854208329,,-38014.67724395842,999.0809742224715,,0.0,,,,,,0.0,0.0,,30.608517888888887,27.76629688888889,,0.42937235039467864,0.0,0.0,,,,,,,,,,,,,,0.0,0.0,0.0,,,,,,,,,,,,,,29.5699995,36.211397504366815,35.161745647637794,,,,,31.1790870924,0.0,0.0,,,,,,,,,,,,,,,,,-0.045972413793093914,-0.045982984347059386,-2.5330598520511005
6,2020-06-11,28.5,28.92,27.92,28.02,27.706844,1524600,437418.181066148,-11680800,,,,-41.97825659189291,,-51496.96490331525,999.0809742224715,,0.0,,,,,,0.0,0.0,,30.419681999999998,27.697778285714286,,0.11838101127330732,0.0,0.0,,,,,,,,,,,,,,0.0,0.0,0.0,,,,,,,,,,,,,,29.5699995,36.211397504366815,35.161745647637794,,,,,31.120438710552,0.0,0.0,,,,,,,,,,,,,,,,,-3.3348710517538738,-3.3917459234142466,-5.783456624075312
7,2020-06-12,28.48,28.493334,27.226667,27.606667,27.298128,1157550,-25602.001704852795,-12838350,,,,-61.27881185836493,,-67918.87639443981,984.3431749248878,,0.0,,,,,,0.0,0.0,,30.247499625,27.549167125,,0.021309410534098863,0.0,0.0,,,,,,,,,,,,,,0.0,0.0,0.0,,,,,,,,,,,,,,29.263333,36.211397504366815,35.161745647637794,,,,,30.992421162129922,0.0,0.0,,,,,,,,,,,,,,,,,-1.4751356174161234,-1.4861239385171476,-7.173278412911888
8,2020-06-15,27.206667,28.1,27.02,27.966667,27.654104,1028250,748759.7441284803,-11810100,,,,-31.509899343544852,,-3666.714800263897,997.1793330519431,,0.0,,,,,,0.0,0.0,,30.083950296296297,27.44543251851852,,0.1975482166053389,0.0,0.0,,,,,,,,,,,,,,0.0,0.0,0.0,,,,,,,,,,,29.159999499999998,,,29.159999499999998,36.211397504366815,35.161745647637794,,,,,30.766475912402125,0.0,0.0,,,,,,,,,,,,,,,,,1.3040328265632395,1.295603520031241,-5.962787491593802
9,2020-06-16,28.52,28.700001,28.033333,28.246668,27.930975,1316400,274860.6411266874,-10493700,,,,40.85225429626258,,26588.454559640115,997.1793330519431,,1.2713333000000002,,,,,,0.0,0.0,28.720889,29.974888800000002,27.466889199999997,8.732318835952485,0.31091663650983076,0.0,0.0,,,,,,,,,,,,,,0.0,0.0,0.0,,,,,,,,,,,29.159999499999998,,,29.159999499999998,36.211397504366815,35.161745647637794,,,,,30.466757839409954,0.0,0.0,,,,,,,,,,,,28.246668,,,,,1.001195458865367,0.9962167009510026,-5.021291190316068
10,2020-06-17,28.286667,28.559999,28.126667,28.24,27.924385,921450,-164600.06267548993,-11415150,,,,-1.097332344457031,,12962.216546938389,996.9439356665669,,1.1875331700000002,,,,,,0.0,0.0,28.616666733333336,29.77199973333333,27.461333733333333,8.07454628287816,0.33698780640155945,0.0,0.0,,,,,,,,,,,,,,0.0,0.0,0.0,,,,,,,,,,,28.3733335,,,29.159999499999998,36.211397504366815,35.161745647637794,,,,,30.191017212257158,0.0,0.0,,,,,,,,,,,,28.246165313578768,,,,,-0.02360632411582131,-0.023609110847067072,-5.04371217215871
11,2020-06-18,28.186666,28.4,28.02,28.24,27.924385,772350,-42650.06267549221,-10642800,,,,-6.560049200492093,,-217.52047356527615,996.9439356665669,,1.1067798530000001,,,,,,0.0,0.0,28.50022236666667,29.34755546666667,27.652889266666666,5.946150799097111,0.34644624017008857,0.0,0.0,,,,,,,,,,28.643889,,28.57425235343599,,0.0,0.0,0.0,,,,,,,,,,,28.3733335,,,29.159999499999998,36.211397504366815,35.161745647637794,,,,,29.937335835276585,0.0,0.0,,,,,,,,,,,,28.245931281208374,,,,,0.0,0.0,-5.04371217215871
12,2020-06-19,28.6,28.713333,27.726667,27.9,27.588182,1813650,-1219072.4791771264,-12456450,,,,0.5440222755217261,,-21835.729461756368,996.9439356665669,,1.0947684677000002,,,,,,0.0,0.0,28.429555666666666,29.274222166666664,27.584889166666663,5.9421716603918835,0.18652973293799102,0.0,0.0,,,,,,,,,,28.490555666666666,,28.470521222138146,,0.0,0.0,0.0,,,,,,,,,,,28.346666,,,29.159999499999998,36.211397504366815,35.161745647637794,,,,,29.70394896845446,0.0,0.0,,,,,,,,,,,,28.22777164456431,-6.186953597848016,,,,-1.2039660056657242,-1.2112723797721436,-6.18695359784801
13,2020-06-22,27.9,28.0,27.700001,27.946667,27.634329,878100,-653184.9018851938,-11578350,,-1042191.0171484251,44.04066191791459,-12.640870060414475,,-20366.97345100359,998.6114762631889,28.854669870718297,1.0152915209300002,,,,,,0.0,0.0,28.281333466666666,29.048666566666668,27.514000366666664,5.426428007041511,0.2819288216117199,0.0,0.0,,,,,,4.604136742976917,,,,28.401666916666667,,28.389928264886123,,0.0,0.0,0.0,,,,,,,,,,,28.22,,,29.159999499999998,36.211397504366815,35.161745647637794,,,,,29.4892330509781,0.0,0.0,,31.75647848119904,,,,,,21.651103189510135,,-78.34889681048986,,28.182048507248624,-3.676465012705183,,,,0.16726523297492246,0.16712550047834895,-6.030036987222587
14,2020-06-23,28.233334,28.233334,27.74,27.793333,27.482708,762750,-1251017.2365712218,-12341100,,-910014.515912936,45.587203176398624,8.83936166646994,-6.512653660824292,-2716.197726306481,993.1324296168987,28.778298846709987,0.9630957688370003,,,,,,0.0,0.0,28.156666899999998,28.889333399999998,27.4240004,5.204213287049249,0.2520468726221279,0.0,0.0,,,,,,4.9173686982596925,,,,28.305000250000003,,28.298144377980563,,0.0,0.0,0.0,0.9366297045856369,1.1051366980579354,-0.16850699347229847,,,,,-197.64110584690755,-197.64110584690755,0.0,27.97,,,29.159999499999998,36.211397504366815,35.161745647637794,,,,,29.291694406899854,0.0,0.0,,29.94249081371467,,,,,,18.068532259002886,,-81.9314677409971,,28.135474879682654,-4.006447202468884,,,,-0.5486665010893788,-0.550177204084612,-6.545618695359778
15,2020-06-24,27.666668,27.860001,27.306667,27.4,27.093769,1109850,-1986461.7959151352,-13450950,,-842375.3893610883,20.187988807422343,-20.108831123304842,-9.212780920760464,-19891.620873742802,993.1324296168987,28.460519569192822,0.9221195919533003,,,,,,0.0,0.0,28.005333533333335,28.721333533333336,27.28933353333333,5.113311713626151,0.07728105214152771,0.0,0.0,,,,,,5.299400762381306,,,,28.112222499999998,,28.159968319829705,,0.0,21.03679561417168,16.663704129530643,0.9356404312969431,1.2975103185346375,-0.3618698872376944,,,,,-197.28749195194612,-197.46429889942684,0.17680694748071346,27.8666665,,,29.159999499999998,36.211397504366815,35.161745647637794,,,,,29.109958854347866,0.0,0.0,,25.861526866822018,,,,,,14.039407138004012,17.919680862172346,-85.96059286199599,,28.025158195706616,-7.7855049112127555,,,,-1.4152063014536642,-1.4253158397232735,-7.86819098856758
16,2020-06-25,27.413334,27.873333,27.086666,27.833332,27.522263,1553400,-591038.5596537958,-11897550,,-625873.4867666471,31.270681621813978,-5.233026980269112,-7.972441452380562,8860.410556747123,993.1324296168987,28.310393902331587,0.9085743327579701,,,,,,0.0,0.0,27.936444566666665,28.63111126666667,27.241777866666666,4.973193337772611,0.42578270509679683,0.0,0.0,,,,,,5.517548858910685,,,,28.015000166666663,,28.10971657831744,,0.0,19.79009337004642,17.33352420920243,0.876007106261184,1.1128330990184072,-0.23682599275722316,,,,,-192.8287171791238,-195.91910499265916,3.090387813535358,27.8666665,,,29.159999499999998,36.211397504366815,35.161745647637794,,,,,28.942762146000035,0.0,0.0,,36.18125288212726,,,,,,30.049208122018676,20.719049173008525,-69.95079187798133,,28.02280169647589,-4.022993103448281,,,,1.5815036496350299,1.5691281890482855,-6.411123066576996
17,2020-06-26,27.926666,28.153334,27.5,27.526667,27.219021,3168000,-3500423.345995853,-15065550,,-675250.8057999827,35.47395024721874,7.149294963541689,-9.242556515385262,-10337.64445769362,993.1324296168987,28.10860401123832,0.8830502994821732,,,,,,0.0,0.0,27.931555666666668,28.564889066666673,27.298222266666663,4.534895281581619,0.18035108627883434,0.0,0.0,,,,,,5.682113888281119,,,,27.893333416666668,,28.02001664319168,,0.0,20.951210606970395,16.461017374004,0.8716126981269843,1.1354836555671524,-0.2638709574401681,,,,,-188.25086269177865,-194.00204441743904,5.751181725660388,27.8999995,,,29.159999499999998,36.211397504366815,35.161745647637794,,,,,28.788941174320033,0.0,0.0,,32.71110575027231,,,,,,19.095499545477175,21.06137160183329,-80.90450045452283,,28.01919347340548,-5.036801746237277,,,,-1.1017904719420546,-1.1079051385203265,-7.442276395427028
18,2020-06-29,27.906668,27.993334,27.566668,27.753332,27.443153,1083000,-3635810.4028506298,-13982550,,-543718.0913999851,42.325195275575844,-1.8384852775623344,-9.618046530908213,-25986.890035815857,1001.3102581262171,27.9997183531838,0.8414119695339559,,,,,,0.0,0.0,27.93911123333333,28.50711123333333,27.371111233333334,4.065984742723912,0.33646194248826394,0.0,0.0,,,,,,5.756500756685488,,,,27.871111083333332,,27.978988236546808,,0.0,20.17021427674062,15.847401559523643,0.8548388251170543,1.151881335495833,-0.2970425103787787,,,,,-184.8695777038084,-192.1755510747129,7.305973370904496,27.8999995,,,29.159999499999998,36.211397504366815,35.161745647637794,,,,,28.64742588037443,0.0,0.0,,37.48378143530945,,,,,,30.555500000000006,26.566735889165287,-69.44449999999999,,28.015154034330656,-0.9517059243397546,,,,0.8234378684495391,0.8200661157137024,-6.680121049092125
19,2020-06-30,27.84,28.346666,27.773333,28.26,27.944159,1861950,-2336771.516287309,-12120600,-0.06110644377205901,-331274.00939998694,51.33066230757311,8.621734203415732,-8.302778241077922,42909.80405583082,1001.3102581262171,27.93449197351369,0.8166041725805602,28.306999949999998,29.657216230996713,26.956783669003283,9.539804877815852,0.4825953994698903,0.0,0.0,27.91911113333333,28.47777763333333,27.360444633333334,4.002036435414962,0.8050915587982025,0.0,0.0,27.02,31.299999,29.159999499999998,15.11993149242225,0.289719693859742,5.716553789840864,,,,27.9255555,,28.022220815539608,,0.0,22.082591176899317,15.077818988247573,0.8856361101058926,1.089856816921221,-0.20422070681532845,,,-24.733526230558095,-0.34033294999999697,-179.72917920059598,-190.1011557623601,10.371976561764114,27.8999995,,,29.159999499999998,36.211397504366815,35.161745647637794,,,,,28.517231809944477,0.0,0.0,,46.60123284637704,,,,,,65.26315789473688,38.30471914673802,-34.73684210526313,,28.016280966762952,2.3665768852139952,,,,1.8256114256839595,1.8091472199940117,-4.976462676529914
20,2020-07-01,28.4,28.733334,28.273333,28.513332,28.19466,1577550,-2268192.8233062187,-10543050,-0.12053448465612734,-226857.16568570386,59.61764024898682,12.92726590814867,-4.380955205360666,48133.652641159155,1010.2863349242224,27.9537354650565,0.782277155322504,28.24566655,29.43135353059724,27.05997956940276,8.395531955306181,0.6128735721906865,0.0,0.0,27.938888900000002,28.5002223,27.3775555,4.018294371040651,1.0116772848364248,1.0,0.0,27.02,31.299999,29.159999499999998,15.152763318308027,0.34890942731528646,5.50361861951788,,,,27.971110916666664,,28.097776382379667,,0.0,24.469861232411365,14.47395713937242,1.0231882558286403,1.0050722815060262,0.018115974322614026,,,32.451116897997125,0.0010014500000004034,-170.72186064865807,-187.33268503183123,16.610824383173167,27.91,,,29.159999499999998,36.211397504366815,35.161745647637794,,,,27.02,,1.0,0.0,,50.48927779555288,,,,,,87.1594213387465,60.9926930778278,-12.840578661253495,,28.024221205182027,1.954702002923685,,,,0.8964331210191023,0.892439011252133,-4.124640215198383
21,2020-07-02,28.673332,28.9,28.52,28.706667,28.385838,924900,-2284417.5164641114,-9618150,-0.06308791947749903,-168903.92180203172,65.30416169988224,8.4910011893177,0.6026028694738069,20412.97658075351,1017.1365939035159,28.001930245695625,0.7427162397902536,28.2303333,29.38339679178649,27.07726980821351,8.16896831881535,0.7065513752681537,0.0,0.0,27.987777800000003,28.5491112,27.4264444,4.011275236006759,1.140340660292084,1.0,0.0,27.02,29.726667,28.3733335,9.587796825622315,0.6231527557693651,5.158914112888949,,,,28.00944416666667,,28.191451862013565,,0.0,25.10403021830385,13.981347055782049,1.1378201426129295,0.9334934134038176,0.20432672920911188,,,71.56541342554539,0.009666699999996808,-159.2777100256218,-183.82581315605503,24.548103130433248,27.993333,,,29.159999499999998,36.211397504366815,35.161745647637794,,,,27.054266679999998,,0.0,0.0,,53.284802596058235,,,,,,89.71632978723409,80.71296967357249,-10.283670212765914,,28.042352850428063,1.6285071216187335,,,,0.6780512358218971,0.6757628070854338,-3.474556153328845
22,2020-07-06,28.953333,29.133333,28.406668,28.5,28.181477,1642950,-3505330.3758284673,-11261100,-0.16303112335649947,-193281.0112088842,63.06747465088627,2.6537790762044353,3.0428656137416135,-5556.74210318515,1017.1365939035159,28.075645442064758,0.7411111158112282,28.20766665,29.32009580306087,27.09523749693913,7.887424130920587,0.631394142807045,0.0,0.0,28.044444499999997,28.5797778,27.5091112,3.817749358522681,0.9254877288597602,0.0,0.0,27.02,29.726667,28.3733335,9.595501228741298,0.5467979622169999,4.910375222208657,,,,28.031110833333333,,28.23892080631917,,0.0,25.555515083972256,13.080364164077313,1.1556483839919025,0.8518826189317794,0.3037657650601231,,,69.43033597348064,0.03233334999999826,-147.04953332689595,-179.73955984170405,32.690026514808096,28.1099995,,,29.159999499999998,36.211397504366815,35.161745647637794,,,,27.128096012799997,,0.0,0.0,,50.03270614542861,,,,,,69.0553959193166,81.97704901509906,-30.9446040806834,,28.06017567940628,0.9206798866855581,,,,-0.7199268379014523,-0.72253081651521,-4.169468728984526
23,2020-07-07,29.333332,30.913334,28.813334,30.413334,30.073427,3475950,-1684594.6615427549,-7785150,-0.1546490997558979,784423.892863813,67.12363203394418,66.05389461873726,4.842982779632662,221528.21876406638,1017.1365939035159,28.37828972508395,0.9083334042301054,28.2426667,29.566368353261208,26.918965046738794,9.37377243673103,1.319923165711896,1.0,0.0,28.260888966666663,28.97622236666667,27.545555566666668,5.062355970781574,2.0045047759082197,1.0,0.0,27.02,30.913334,28.966667,13.785291740882242,0.8715753644562731,4.723434149478113,,,,28.212221999999997,,28.5734459130393,,0.0,34.58411063238474,10.630284122259184,1.04008264822631,0.7297854554546707,0.31029719277163925,,,255.7209872588714,-0.3426667000000023,-130.54567674316797,-172.28451216351075,41.73883542034278,29.0,,,29.159999499999998,36.211397504366815,35.161745647637794,,,,27.248410232031997,,0.0,0.0,,68.93557476565053,,,,,,86.93380246208973,81.90184272288015,-13.066197537910272,,28.415063922248777,7.695941926345612,,,,6.713452631578942,6.497704339368271,2.2640685944855354
24,2020-07-08,30.266666,30.433332,29.906668,29.973333,29.638344,2010150,-3185856.073182811,-9795300,-0.17105940857933766,546010.76386184,72.91499475838802,8.034720902619208,5.495272297280965,204274.67002787226,1002.421300984491,28.53441296548639,0.870166463807095,28.291333350000002,29.78366130272719,26.799005397272815,10.549718065707124,1.0635489327014853,1.0,0.0,28.479111166666666,29.197777566666666,27.760444766666666,5.046972117873974,1.5395795833319426,1.0,0.0,27.02,30.913334,28.966667,13.761578331549366,0.7585614283285228,4.543485432017875,,,,28.384999750000002,,28.7888131571871,,0.0,33.125871863512764,10.182058270914405,1.1423679671457903,0.7672823408624228,0.3750856262833675,,,229.7672073672559,-0.3446663500000007,-114.86964054977263,-163.12697311882482,48.257332569052195,29.0,,,29.159999499999998,36.211397504366815,35.161745647637794,96.0,64.0,32.0,27.541604133469438,,0.0,0.0,,63.03031605138963,,,,,,75.43552249633365,77.14157362591332,-24.564477503666357,,28.588770864968858,7.431301075268823,,,,-1.4467371449641053,-1.4573044312012673,0.7845763281775442
25,2020-07-09,29.98,30.940001,29.98,30.526667,30.185493,1886700,-2923815.3345794124,-7908600,-0.15034422998885988,617148.5487101484,77.5320921181194,14.755963852255217,7.017844658191486,5748.549048187822,1020.9268768628543,28.69937931833264,0.8798166174263853,28.3683333,30.130710104079437,26.605956495920562,12.42495838893318,1.1123360495337964,1.0,0.0,28.77511116666667,29.534444266666668,28.015778066666666,5.277707499386615,1.6533514299148362,1.0,0.0,27.02,30.940001,28.9800005,13.818228087442835,0.8945576799597758,4.33891531637837,0.20068831809508225,,,28.59999975,28.568205076923075,29.05617528685062,28.85548696875554,0.0,34.6097656000963,9.398720354104668,1.1510647965055136,0.7152997462492253,0.4357650502562883,,,225.3986711906366,-0.5750002999999992,-99.77785888874202,-152.78798886433793,53.010129975595916,29.220000499999998,29.159999499999998,29.189999999999998,29.159999499999998,36.211397504366815,35.161745647637794,100.0,60.0,40.0,27.811342522791882,,0.0,0.0,,66.87348640458913,,,,,,89.27334373990324,83.88088956610888,-10.726656260096753,,28.961508319559048,9.231870118894673,-2.8152057725070447,,,1.8460876539822868,1.8292543123979321,2.6451479488903917
26,2020-07-10,30.526667,30.546667,29.92,29.933332,29.598789,1595550,-4451476.415584165,-9504150,-0.16007932419628104,393742.2332872702,77.86436349216731,-8.902555788850169,6.343089082164924,3818.0485571803547,1001.0835166793328,28.841781068272223,0.8545016556837466,28.463999900000005,30.344143664385474,26.583856135614536,13.210678548277176,0.8907499330191517,0.0,0.0,29.028666766666667,29.77199986666667,28.285333666666666,5.121372648457717,1.1085194062616959,1.0,0.0,27.02,30.940001,28.9800005,13.771785461536624,0.7431967491845031,4.044979515962898,0.25579513204867155,,,28.778333,28.575640923076925,29.19112247348899,28.935327341440317,0.0,32.84561701030444,9.407678407474139,1.1799326334605875,0.775919316674407,0.4040133167861806,,,151.08015680532066,-1.063999900000006,-87.0890558588516,-141.54778810512383,54.458732246272234,29.2533345,29.159999499999998,29.206667,29.159999499999998,,29.156667,96.0,56.00000000000001,39.99999999999999,28.124208370512694,,0.0,0.0,,59.70611359349352,0.7857303498887546,,,,,73.87538327189307,79.52808316937666,-26.124616728106933,,29.053702003626583,7.699684668981585,-3.7853431269020175,,,-1.9436612585317592,-1.962798738364091,0.6500739744451867
27,2020-07-13,29.973333,30.393333,29.586666,29.639999,29.308735,1209150,-5500739.877644721,-10713300,-0.1789725721532185,286824.25753908866,76.55164192817867,-16.233677192904107,6.086460001272807,-42861.2056764999,991.2733548437543,28.92936391904232,0.8497181901153716,28.565666500000003,30.4691336052821,26.662199394717906,13.326957417794516,0.7822041150642263,0.0,0.0,29.243333333333332,30.00199973333333,28.484666933333337,5.188645161290305,0.7614229829254774,0.0,0.0,27.02,30.940001,28.9800005,13.722771005535611,0.6683669213349692,3.790412745780645,0.27265515857016354,,,28.964999583333334,28.599743500000002,29.26018040064453,28.987525242074366,30.974897763629794,30.677892101236477,11.513965305956216,1.1419472131948012,0.7332906407957651,0.4086565723990361,,,108.28379876574535,-0.7323345000000039,-73.74995599447233,-129.20116347075316,55.45120747628083,29.356667,28.9800005,29.168333750000002,29.159999499999998,,29.5699995,92.0,52.0,40.0,28.405787633461426,,0.0,0.0,,56.483043438440276,0.7109040841376572,,,,,66.26293846758716,76.4705551597945,-33.73706153241283,,29.110110887217093,8.175178832116792,-6.26666139536465,,,-0.9799543866349403,-0.984787540691956,-0.33625084061869037
28,2020-07-14,29.633333,30.246668,29.486668,30.233334,29.895439,1494150,-4059018.8147499864,-9219150,-0.15480025432710356,372496.7193549331,77.32393386858286,-6.273261720710707,5.0069869021884745,18060.851849792067,991.2733548437543,29.024970971317334,0.8407463711038343,28.678999850000004,30.69301874909537,26.66498095090464,14.04525199364904,0.8858787399408601,0.0,0.0,29.465111200000003,30.257111000000002,28.6731114,5.375848030059367,0.9849892638861761,0.0,0.0,27.086666,30.940001,29.0133335,13.436085707849388,0.8166089893559735,3.383894515122066,0.3300889667158309,,,29.164999750000003,28.648974307692303,29.40989633900691,29.07980737229108,31.79428338632051,28.752553373176788,11.617121491555675,1.125387674472717,0.7752944761747268,0.3500931982979901,,,101.84642918157974,-1.152332850000004,-59.074382202158546,-115.79507491537122,56.72069271321267,29.606667,28.9800005,29.293333750000002,29.159999499999998,,29.5699995,88.0,48.0,40.0,28.659208970115284,,0.0,0.0,,61.06182830318456,0.8172043992484832,0.7712796110916317,,,49.99984926416068,81.66089893559736,73.9330735583592,-18.33910106440265,,29.235223227118617,8.622762089713158,-6.924413368572645,,,2.001805060789641,1.9820323814003782,1.6588231338265036
29,2020-07-15,30.506666,31.52,30.393333,31.406668,31.05566,1714350,-2689563.471645057,-7504800,-0.09424063888719585,606640.7798613714,82.17210298818492,71.63445854110884,11.560079021075166,96442.66376269714,991.2733548437543,29.232790351725846,0.885338333993451,28.83699985,31.162310295405796,26.511689404594208,16.127270225760284,1.0525430281958676,1.0,0.0,29.76311126666667,30.610444466666667,28.915778066666668,5.6938482835897215,1.4698408685823552,1.0,0.0,27.086666,31.52,29.303333000000002,15.373769889588559,0.9744363948215948,2.668551005028049,0.464924560371653,,,29.488333166666667,28.71410257692308,29.71709197915969,29.252167418788037,33.4556822977162,35.96153428605031,10.424324662300538,1.220220450287558,0.6577567028244179,0.5624637474631401,,,153.37169880457452,-1.0836678500000012,-42.613512555037815,-101.56081401608007,58.94730146104226,29.963334,29.27,29.616667,29.27,,29.5699995,100.0,44.0,56.0,28.887288173103755,,0.0,0.0,,68.18978026932008,0.9794118584315525,0.835840113939231,,,58.56796622766442,97.44363948215948,81.78915896178134,-2.556360517840519,,29.531639304131822,14.095426082641971,-6.353176598049905,,,3.8809282495936515,3.8075136553918476,5.604129119031609
30,2020-07-16,31.440001,31.540001,31.166668,31.333332,30.983143,868950,-2782676.978219627,-8373750,-0.08336921847774878,510874.19456688967,81.7855670795409,17.042321703665365,13.151175355641913,64503.655626022955,988.9586864188574,29.411333544771615,0.8341378005941056,28.991666449999997,31.538514446119077,26.444818453880917,17.56951778202512,0.959718356487757,0.0,0.0,30.04711133333334,30.885777733333335,29.20844493333334,5.582342946022946,1.266824965604122,1.0,0.0,27.086666,31.540001,29.3133335,15.360741707208762,0.9535923077873096,2.0653305106191526,0.55941653192113,,,29.7866665,28.803846115384616,29.9657442900582,29.40632775813707,35.010262383007515,35.01016706811167,10.100271523523848,1.3182638952745123,0.6443634137103595,0.6739004815641527,,,140.87626420873448,-0.7316664499999952,-26.43549758959419,-86.80056818985479,60.365070600260594,29.9733345,29.2800005,29.6266675,29.2800005,,29.5699995,96.0,40.0,56.0,29.203213592331306,,0.0,0.0,,67.35979532648334,0.956499584893895,0.917705280857977,0.8416083352962799,,52.213472185395986,94.88443195929898,91.32965679235194,-5.115568040701018,,29.747284355567754,12.899352048971988,-9.911785686018177,,,-0.23350455387372016,-0.23377760089142718,5.357538668459982
31,2020-07-17,31.52,31.973333,31.453333,31.853333,31.497332,2038950,-1684780.8243734818,-6334800,-0.05026418003360847,589357.3151930484,81.18316672218283,9.181157948944294,13.296308426027815,31808.92230892114,988.9586864188574,29.84435305162235,0.8147241205346951,29.172333099999996,31.979591470708602,26.36507472929139,19.246032609634547,0.9775121392412603,0.0,0.0,30.352222400000006,31.2048888,29.499556000000002,5.618477545156617,1.3802449586379861,1.0,0.0,27.086666,31.973333,29.529999500000002,16.75103250483589,0.9754433850311468,1.5562592938742874,0.6685551474436942,,,30.086110916666666,28.914102461538462,30.256142553126168,29.587587405682473,36.70747320741213,36.78485186897052,9.55207654479451,1.2963182201185008,0.6191907822340629,0.677127437884438,,,140.24002087197826,-0.6590010999999976,-10.528911830019682,-71.63161024575741,61.102698415737734,30.3933335,29.4966665,29.945,29.4966665,,29.5699995,100.0,36.0,64.0,29.530363829404923,,0.0,0.0,,70.13552665411714,1.0,0.9786371477751491,0.9107275141907856,,57.42058717851704,97.27685222271262,96.5349745547237,-2.7231477772873816,,30.023932981620515,12.71526185421089,-6.9452080715075235,,,1.6595777301948056,1.6459572276167567,7.106028917283114
32,2020-07-20,31.753332,32.220001,31.693333,31.853333,31.497332,1091250,-2112994.528262844,-5243550,-0.02798088272939804,505163.413022613,81.31061272171318,11.743984523436563,14.26648484038488,33837.96012980685,988.9586864188574,30.037269398082717,0.785918508481226,29.369999749999998,32.342910265154046,26.39708923484595,20.24453892039307,0.9176602755685906,0.0,0.0,30.676444600000004,31.5091113,29.8437779,5.428704081306741,1.2066983704284069,1.0,0.0,27.086666,32.220001,29.653333500000002,17.478158133113375,0.9285711920223395,1.0624617153280562,0.7464437476685681,,,30.364444333333335,29.061538346153846,30.501864160337526,29.755420412668958,38.4199906521005,37.24610334174706,9.113709258841014,1.313925084109376,0.5882347803828482,0.7256903037265278,,,129.77597193522578,-0.6633327499999986,6.361716650607841,-56.419677646448996,62.781394297056835,30.853334500000003,29.620000500000003,30.236667500000003,29.620000500000003,,29.5699995,96.0,32.0,64.0,29.921238896700135,,0.0,0.0,,70.13552665411714,1.0,0.9854998616312983,0.9606140967548081,,55.7523504650763,91.75409542605826,94.63845986935662,-8.245904573941747,,30.306000190016714,11.7138221516868,-9.181284073867152,,,0.0,0.0,7.106028917283114
33,2020-07-21,31.966667,32.080002,31.58,31.713333,31.358896,1668600,-2891680.3127197074,-6912150,-0.06837584987627605,399625.2111622396,73.7862933425859,-3.7955923128371833,13.379532946366814,-7333.738042420898,988.9586864188574,30.316758456335684,0.7573268576331036,29.558333049999998,32.622543572177705,26.494122527822295,20.73331075195869,0.8516403220997462,0.0,0.0,30.850889033333335,31.52355593333333,30.178222133333332,4.360761852102256,1.1410631819899777,1.0,0.0,27.086666,32.220001,29.653333500000002,17.366794640674104,0.9012984736043907,1.0689354350269027,0.7877930071305776,0.5382619641494827,0.24953104298109496,30.61499983333333,29.21948703846154,30.68824398182406,29.90045097469348,39.752794297333985,35.57683137104268,9.721109960127361,1.2893459993097456,0.6313553285439274,0.6579906707658182,,,110.86771692327868,-1.058333049999998,18.013348982076284,-41.65490103179912,59.66825001387541,30.853334500000003,29.620000500000003,30.236667500000003,29.620000500000003,,29.263333,92.0,28.000000000000004,64.0,30.33501607529411,,0.0,0.0,,68.32137180055675,0.9097562029777707,0.9699187343259235,0.9780185812441236,,57.12857736368382,87.16213271549559,92.06436012142217,-12.837867284504409,2.4176864588235247,30.38926334981886,10.473755103648916,-8.000843850239534,-6.907013779151548,-1.0938300710879858,-0.43951444578813614,-0.4404831499669637,6.635282447881652
34,2020-07-22,31.946667,32.553333,31.780001,32.446667,32.084034,1006950,-2162508.365871533,-5905200,-0.027635766132146942,448025.9911819196,73.31249525561637,25.855761568300505,14.302996922091944,15950.811433977542,1011.8272076602635,30.52942158484746,0.7655941718697935,29.790999749999997,32.9876074076761,26.594392092323893,21.460224124744954,0.9153883639149258,0.0,0.0,31.066444633333333,31.763778333333335,30.36911093333334,4.4893048318234685,1.4896426679699155,1.0,0.0,27.086666,32.553333,29.8199995,18.35006225328172,0.9804879280190281,1.0689354350269027,0.8697110308443428,0.6045517774884548,0.26515925335588797,30.943888749999996,29.391794730769227,30.95877060000497,30.08905956916063,41.27129687658794,37.13480155628417,8.991997278859372,1.2489745389346552,0.6309310287528036,0.6180435101818516,,,122.44284150396265,0.6223342500000015,32.47138666270656,-26.960540414971494,59.431927077678054,31.020000500000002,29.8199995,30.42,29.786666500000003,,29.159999499999998,100.0,24.0,76.0,30.67431336174117,,0.0,0.0,,72.3551255578853,1.0,0.9699187343259235,0.9751124434277151,,65.99902058208284,97.4276677763937,92.11463197264918,-2.5723322236062978,2.5711571470588233,30.69137733946903,13.847954385964906,-10.37034352566772,-7.599679728454783,-2.7706637972129364,2.3123838796760943,2.286053418526768,9.101099529253531
35,2020-07-23,32.52,33.033333,32.433334,32.506668,32.143368,1009950,-2925579.0434060087,-4895250,-0.028559875419399826,392679.1367202168,73.55859521160664,33.66496691256976,16.10113733089566,25152.168420125377,1011.8272076602635,30.69819027346832,0.7490346546828138,30.04633315,33.25399815501578,26.838668144984222,21.351457357556313,0.8835086965367032,0.0,0.0,31.284000199999998,31.9453337,30.622666700000003,4.227934380335401,1.4243957851825142,1.0,0.0,27.086666,33.033333,30.0599995,19.791656340600746,0.9114352628119244,1.0689354350269027,0.9287669863939314,0.6693948192695501,0.25937216712438127,31.118333250000003,29.555640884615382,31.196908661542665,30.268141675148733,42.93464916267635,39.47299612217993,8.50150675184736,1.280045843585633,0.6112704076325235,0.6687754359531095,,,131.87929261419126,-0.0730001499999986,45.69789429662834,-12.206434842140393,57.90432913876873,31.2600005,30.0599995,30.66,30.026666499999997,,29.159999499999998,100.0,20.0,80.0,31.050117289392936,,0.0,0.0,,72.6618535648048,1.0,0.9699187343259235,0.9699187343259235,,58.77538745337307,88.61674661986547,91.06884903725158,-11.383253380134532,2.7541177117647067,30.913426357536196,6.8829481174277,-12.252216664690781,-8.530187115701983,-3.7220295489887985,0.184921921256187,0.18475115116651786,9.302851378614662
36,2020-07-24,32.493332,32.633331,32.32,32.453335,32.090626,1245150,-3111005.77791358,-6140400,-0.07736095088466725,327095.3193387582,74.27132428252001,-6.458823523912772,15.450237145173006,-175.2722240172825,1011.8272076602635,30.945574201735987,0.7054642892145322,30.2773333,33.479664836615655,27.075001763384343,21.153326185537324,0.839752720029058,0.0,0.0,31.517555766666664,32.14755566666666,30.887555866666663,3.9977713034860076,1.2426820491029769,1.0,0.0,27.5,33.033333,30.2666665,18.275496541169957,0.8951810780229572,1.0523899710335158,0.9601971739453958,0.7275552902047193,0.23264188374067651,31.325000083333332,29.71769223076923,31.390205021305334,30.43000784735994,44.21347348071861,38.298126936928966,9.325048912711924,1.2903991949910554,0.6535476744186043,0.6368515205724511,,,109.75410867869915,0.2493337000000011,59.50355518408623,2.5995108443661135,56.904044339720116,31.2600005,30.0599995,30.66,30.026666499999997,,29.159999499999998,96.0,16.0,80.0,31.44676043151435,,0.0,0.0,,71.89823018037457,0.9528010169804852,0.9842670056601617,0.9747014914373362,,52.59338227744383,86.25596830710157,90.76679423445358,-13.744031692898423,2.7972744617647045,31.270278059913355,8.274028116926479,-12.388511428212373,-9.301851978204063,-3.0866594500083107,-0.16406787678144852,-0.1642026155178833,9.123520511096173
37,2020-07-27,32.773335,32.959999,32.646667,32.853333,32.486156,1379250,-2670817.734560233,-4761150,0.026948021186524153,359181.3082189349,71.86008256052013,7.421089803154014,11.262179658345632,14956.817537077492,1011.8272076602635,31.227973351635335,0.6855842602930791,30.5436666,33.67178351529209,27.41554968470791,20.48291684333728,0.8691784007031482,0.0,0.0,31.81222246666666,32.39288886666667,31.231556066666666,3.6505868183741725,1.3964790569364205,1.0,0.0,27.566668,33.033333,30.3000005,17.897867572978285,0.9670731606930368,1.0523899710335158,1.0057882191900411,0.7832018760017837,0.22258634318825743,31.51888891666667,29.895128115384615,31.615301633412205,30.609513414222164,45.584370565373696,39.58801105247047,8.865537946439032,1.3544213351622343,0.754852895346116,0.5995684398161183,,,114.18290045841358,-0.6103346000000016,75.6030303342029,17.563667792850723,58.039362541352176,31.713333,30.0599995,30.886666249999998,30.026666499999997,,29.159999499999998,100.0,12.0,88.0,31.76407494521148,,0.0,0.0,,74.09695116335044,1.0,0.9842670056601617,0.9794842485487489,21.96613693640529,53.905156016493365,94.92480964511732,89.93250819069478,-5.0751903548826816,2.8603331764705864,31.804564910338634,7.621749207013001,-11.62590115091972,-9.766661812747195,-1.8592393381725252,1.2325328044097583,1.2249989604042444,10.468503698722254
38,2020-07-28,32.713333,32.880001,32.553333,32.566666,32.202686,1303200,-3867637.1548891626,-6064350,-0.007476931652299336,254500.48784480113,64.0974656171195,-2.1724224131369057,10.533097992934481,5628.429133278647,1002.9983478870909,31.439808899449833,0.649692634263771,30.784333299999997,33.753297003427434,27.815369596572555,19.288796508888108,0.8001607426090184,0.0,0.0,32.080000133333336,32.617333333333335,31.542666933333333,3.349957592061694,0.9528529659684748,0.0,0.0,27.773333,33.033333,30.403333,17.08661333912987,0.9112800380228134,1.0061833154908684,1.0071777022826787,0.8279970412579628,0.17918066102471586,31.738333416666666,30.07461526923077,31.761665382118018,30.75448767983534,46.62651823401292,38.27832000126058,9.517471258350868,1.2314472276673607,0.7053636513325754,0.5260835763347853,,,96.58082609703683,-1.144334299999997,86.29659307230757,31.887012862555757,54.409580209751816,32.1000005,30.0599995,31.08,30.026666499999997,,29.159999499999998,96.0,8.0,88.0,32.017926556169186,,0.0,0.0,,69.87729468345893,0.7604360971004784,0.9044123713603213,0.9576487942268815,22.762106170952904,48.74245008338836,86.84208968143308,89.34095587788399,-13.157910318566918,2.935803582352939,31.97503360159917,8.79733001324409,-11.33086615806678,-10.079502681811112,-1.2513634762556674,-0.8725659585284706,-0.8763951061198316,9.504593140551453
39,2020-07-29,32.720001,34.613335,32.720001,34.166668,33.784813,2597250,-2495850.666081585,-3467100,-0.005011803376535499,811801.1602241165,65.79064121357231,69.25283254727103,14.425731471149897,116231.74846024899,1002.9983478870909,31.836554276886865,0.7893902708373941,31.0796667,34.15853728615889,28.000796113841112,19.812764505347083,1.0013204052612124,1.0,0.0,32.352666899999996,32.9666668,31.738667,3.795667923746958,1.977199833420171,1.0,0.0,28.273333,34.613335,31.443334,20.39919559369019,0.9295478140227719,1.0061833154908684,1.1244240072437783,0.887282434455126,0.23714157278865233,32.11555583333333,30.313846076923078,32.13166578486909,31.007241777625314,48.400480218519036,46.747835819389394,7.780677357551878,1.2015757384150132,0.6014445499926868,0.6001311884223264,,,142.3682584595131,-0.8463327000000014,98.97066096550577,45.82103047978909,53.149630485716685,33.033333999999996,30.8500005,31.94166725,30.8166675,,29.159999499999998,100.0,4.0,96.0,32.22100784493535,,0.0,0.0,,77.55885279037011,1.0,0.9201453657001594,0.9362749142402141,26.37276719673815,58.73828812084565,91.28738028040445,91.0180932023183,-8.71261971959556,3.100313561764704,32.51057837299681,15.272163133338843,-3.9919096622776635,-8.861984077904422,4.870074415626759,4.913005218280575,4.796129902494473,14.884559515803652
40,2020-07-30,34.060001,34.466667,33.720001,34.419998,34.035309,1239750,-1411077.3028910873,-2227350,0.02729397799628481,740696.1184063853,73.02053894289611,25.696874011373232,16.897119314022994,136795.19940478043,1010.4351155423459,32.120967611028895,0.7851178437536545,31.375,34.54436980080046,28.205630199199543,20.20315410868818,0.9803790960636639,0.0,0.0,32.6382224,33.2895556,31.986889199999997,3.991229620397474,1.8677911704792547,1.0,0.0,28.406668,34.613335,31.5100015,19.78220557768924,0.9688501090843121,0.86171958536793,1.2236783600509789,0.9545616195742966,0.2691167404766822,32.4644445,30.568717807692305,32.483716894889234,31.260038534838255,50.047730632703285,43.620457807960676,7.260158731277066,1.3024009537702168,0.582089611804697,0.7203113419655198,,23.894425076394786,147.10150311808698,0.03166799999999981,111.20387023104543,59.346895153240766,51.85697507780466,33.096667499999995,30.8500005,31.973333999999998,30.8166675,,29.159999499999998,100.0,8.0,92.0,32.553333,,0.0,0.0,,78.49397067156124,1.0,0.9201453657001594,0.9149010342535467,29.6294360836836,65.36005905794875,96.22879738434348,91.45275578206035,-3.771202615656522,3.2054508970588245,33.03449322873601,13.847840929485317,-5.370891478484503,-8.163765558020438,2.7928740795359355,0.741453629601807,0.7387183742896486,15.736375252185608
41,2020-07-31,34.419998,34.966667,34.306667,34.933334,34.542912,1755750,167325.98574528308,-471600,0.07606090790019203,763638.0560626166,79.48046716329488,20.424307560871423,19.515546796435533,35377.230477291756,1010.4351155423459,32.47898026720798,0.7726060593782893,31.686333349999995,34.96742144486585,28.40524525513414,20.709799765240778,0.994805466375745,0.0,0.0,32.935778033333335,33.601111233333334,32.270444833333336,4.040185110105096,2.001169614462851,1.0,0.0,28.406668,34.966667,31.6866675,20.702928696544824,0.9949187492254192,0.37410177784203036,1.3284465696856635,1.0293386095965702,0.29910796008909335,32.75833333333333,30.858461423076925,32.86058106490627,31.532134495220607,51.75386238664348,45.54450607905468,6.825493249553335,1.3976299408285064,0.5115207204897719,0.8861092203387345,,24.147171077402497,158.13045530663226,-0.353001349999996,124.7536526493582,72.50155470865748,52.25209794070072,33.2733335,31.0266665,32.15,30.9933335,,29.159999499999998,100.0,4.0,96.0,32.720001,,0.0,0.0,,80.28657020841078,1.0,1.0,0.9467635771334395,33.0433648720187,67.53533262644022,99.3917334656448,95.63597037679757,-0.6082665343551878,3.4381374764705974,33.555036708627014,11.22903582131031,-3.7312613773096652,-7.277264721878285,3.5460033445686197,1.4913888141423026,1.4803769625162388,17.462454606590462
42,2020-08-03,35.200001,35.779999,35.146667,35.293331,34.898884,1735950,-764617.9927683439,1264350,0.08478103820682505,743823.5897893858,79.98333112659725,30.159510994671283,22.117887704677106,44074.47075192911,1020.8479095313163,32.90516065877523,0.7800119534404598,32.0259999,35.32381553940004,28.728184260599964,20.594614686175884,0.9953780710122442,0.0,0.0,33.28422236666667,33.960221966666666,32.60822276666667,4.0619822362260996,1.9860279749672498,1.0,0.0,28.813334,35.779999,32.2966665,21.753153755552205,0.930143332570176,0.2720276961884723,1.4241086419671412,1.1082926160706843,0.31581602589645685,33.08833325,31.145384461538463,33.23485028568992,31.810741643722782,53.58339656533756,49.403726507205214,6.30407884158353,1.4654045320371447,0.4360315517012472,1.0293729803358975,,24.336585513316873,172.67934295330065,-0.17266690000000295,139.75207549216978,86.02807987644564,53.723995615724135,33.78,31.6399995,32.70999975,31.3999995,,29.159999499999998,100.0,4.0,96.0,33.1693342,,0.0,0.0,,81.45406163769132,1.0,1.0,0.9733817885667199,36.3013075158182,67.59323594856394,90.96532066402494,95.52861717133776,-9.034679335975067,3.737686505882351,34.05311638198774,12.638295218650871,-2.5181304896221177,-6.325437875427052,3.807307385804934,1.0305257436922455,1.0252520275407129,18.672935440484206
43,2020-08-04,35.18,35.766666,35.166668,35.666668,35.268047,1333200,124189.41392301407,2597550,0.05992486385147755,708667.7753051878,79.80641152780348,0.15004450435054245,17.01185813062294,31992.157812333135,1031.6465586018926,33.230063468631236,0.7620105580964138,32.2886666,35.856630640203164,28.720702559796834,22.100411171535743,0.9733794065659437,0.0,0.0,33.6584446,34.34444380000001,32.972445400000005,4.076238270380451,1.963721386264001,1.0,0.0,29.486668,35.779999,32.6333335,19.490835834019837,0.9819918895097055,0.2720276961884723,1.512610269629647,1.189156146782477,0.3234541228471701,33.40611116666667,31.458461423076923,33.60897608789148,32.09636581826183,55.28224973126777,46.682137164633986,5.956795043316201,1.4226732463745964,0.5164453160098854,0.9062279303647109,0.5860703609156084,24.519214606948875,155.7068467796943,-0.4353335999999999,153.82967548221535,99.5123341897244,54.31734129249095,34.0499995,31.6733335,32.8616665,31.3999995,,29.159999499999998,100.0,4.0,96.0,33.69146716,,0.0,0.0,,82.60462897715365,1.0,1.0,1.0,39.44447953255483,68.84529344999812,97.54340193669184,95.9668186887872,-2.456598063308167,4.078862976470585,34.59272580377861,11.97154156521078,-3.586902399352094,-5.77773078021206,2.1908283808599665,1.0578117435274148,1.0522560598764663,19.92827168796236
44,2020-08-05,35.880001,36.220001,35.593334,35.933334,35.531734,1201350,226431.2737145812,3798900,0.11616139173925773,653195.1215615897,80.27224655951639,22.95199511661898,17.433977660119627,23084.779448556656,1039.3597843283926,33.466046406795414,0.7484762022867729,32.58666665,36.322937173991754,28.850396126008242,22.93128391511475,0.947862022906266,0.0,0.0,34.0240002,34.6953329,33.3526675,3.9462302848211075,1.9220473693594924,1.0,0.0,29.486668,36.220001,32.8533345,20.662846778162265,0.9574256909616676,0.2647724856538888,1.5859839292554838,1.2685217032770784,0.31746222597840545,33.74611125,31.773076884615385,33.96656961283125,32.38058568357577,56.986616542380816,48.179257169333475,5.609228680675121,1.3762778888093832,0.48466277804964786,0.8916151107597353,0.6216120617456258,24.66804692886145,151.1620297776252,-0.8733336499999993,165.8850700182335,112.86646482545831,53.0186051927752,34.2700005,31.996667000000002,33.133333750000006,31.620000500000003,,29.159999499999998,100.0,12.0,88.0,34.109173528,,0.0,0.0,,83.39695212918087,1.0,1.0,1.0,42.3341240202324,67.21979578216494,93.9860086752423,94.1649104253197,-6.013991324757696,4.304411861764699,35.025841026490625,12.808709845214638,-5.109345501371197,-5.6440537244438875,0.5347082230726903,0.7476616542930303,0.7448805182689533,20.824929388029602
45,2020-08-06,35.880001,35.939999,35.48,35.753334,35.353748,1709250,548473.2526102136,2089650,0.11892234171199093,515929.3899099341,71.26382995413351,-5.292794110399404,16.400123941595076,419.92769130947636,1039.3597843283926,33.827971984817665,0.719628482058096,32.848,36.70070991104598,28.995290088954018,23.457805108657954,0.8770507080834468,0.0,0.0,34.3306668,34.9879995,33.6733341,3.829419940075276,1.582151549740337,1.0,0.0,29.486668,36.220001,32.8533345,20.498456527033614,0.9306930163709413,0.29669501695796613,1.611037549426655,1.3370248725069938,0.27401267691966114,34.082778,32.06128203846154,34.24145644162644,32.630418892199785,58.30449242489853,46.055002240583875,6.448214335057516,1.3541667100694617,0.5618058590857752,0.7923608509836865,0.6520300957812709,24.776649399554596,123.77071784897008,-0.40133300000000105,172.50181202458748,125.4218266966251,47.079985327962376,34.386667,32.246667,33.316667,31.620000500000003,,29.159999499999998,96.0,8.0,88.0,34.5313390224,,0.0,0.0,,80.7241805938524,0.8227085473947782,0.9409028491315926,0.9803009497105308,44.03733228321119,68.66148214720205,89.94252371928367,93.82397811040595,-10.05747628071633,4.407156741176468,35.22299210787533,12.739124582080363,-3.584652027861711,-5.232173385127453,1.6475213572657421,-0.5009276344911329,-0.5021864826713518,20.219683927370568
46,2020-08-07,35.786667,36.573334,35.700001,36.573334,36.218609,1574250,2122723.2526102136,3663900,0.22532400629251054,626637.334208515,72.16795004385301,23.669890071081696,17.25197433785544,27543.198600909716,1063.197422047697,34.11425796317651,0.7349989338522867,33.180000099999994,37.11434148901777,29.24565871098222,23.715137897288766,0.9312454823407139,0.0,0.0,34.712000233333335,35.42533313333334,33.99866733333333,4.110007462577759,1.80467399349354,1.0,0.0,29.486668,36.573334,33.030001,21.35824586691307,1.0,0.29669501695796613,1.677720157259607,1.4051639294575164,0.27255622780209054,34.42666691666667,32.371282115384616,34.60020683522237,32.922486677962766,59.722507180184984,48.24341536632485,5.914991965436859,1.339812526032605,0.5382039259204677,0.8016086001121373,0.6813927343686049,24.97468207440022,126.33059234063163,-0.6733320999999961,180.72123302866646,137.10162699600994,43.61960603265652,34.5633335,32.490001,33.52666725,31.796667,,29.159999499999998,100.0,4.0,96.0,34.86907141792,,0.0,0.0,,83.34315072320845,0.9964312215649657,0.9397132563199145,0.9602053684838356,46.51153518210616,71.96560435198175,100.0,94.64284413150865,-0.0,4.474313679411772,35.63960810007698,12.718307861944664,-3.058320867437912,-4.797402881589545,1.7390820141516334,2.293492405491482,2.2675872096560745,22.976913248150655
47,2020-08-10,36.419998,36.740002,35.959999,36.52,36.165791,1217400,2653381.1893104706,2446500,0.2793952032371258,527842.1705215845,79.40448734609642,13.668505010596155,18.499409860957822,34329.99949741058,1061.6469872060857,34.442550620334195,0.7394993404670573,33.52400015,37.36203302330086,29.685967276699138,22.897225009712102,0.8903040892173658,0.0,0.0,35.070666966666664,35.83066696666667,34.310666966666666,4.334106338623971,1.453508574561403,1.0,0.0,29.486668,36.740002,33.113335,21.636242594993533,0.9696688446995555,0.27522507567987897,1.7065904835417314,1.4654492402743595,0.24114124326737185,34.76111125,32.671794923076924,34.89555962980355,33.18896914626182,61.08670649301779,46.26328457293565,5.479192642288878,1.3670142809061259,0.5208606679285973,0.8461536129775286,0.7067471072885612,25.116369488848605,115.82672946920103,-1.0706651499999964,187.82798930910073,148.38289324454252,39.445096064558214,34.7300015,32.573335,33.65166825,31.880001,,29.159999499999998,96.0,20.0,76.0,35.209923934336,,0.0,0.0,,82.55746469283689,0.937906160735631,0.9190153098984583,0.9332104717833217,48.29668277271718,70.632768109779,95.56447670071047,95.16900013999805,-4.435523299289534,4.401647179411775,35.89029374477395,12.346180789738295,-4.4897134923472395,-4.735865003741084,0.24615151139384484,-0.14582755840635286,-0.14593399027420517,22.79757901815738
48,2020-08-11,36.5,36.753334,36.080002,36.166668,35.815887,1789200,1324764.697000589,657300,0.18262525926097484,362124.4869613577,71.4387993493321,2.5089068360161497,16.83177738008037,-19085.863688371963,1061.6469872060857,34.70715335550403,0.7328826064203519,33.82066685,37.50977158474474,30.131562115255264,21.815683002978624,0.8179634787682881,0.0,0.0,35.43733376666667,36.23200016666667,34.642667366666664,4.484910773662601,0.9588933377158825,0.0,0.0,30.393333,36.753334,33.573333500000004,18.805072733212544,0.9077569327426205,0.4050439630941033,1.6815753319560187,1.5086744586106915,0.17290087334532722,35.07055566666667,32.96666676923077,35.091114763679926,33.40953943172391,62.35741760543851,43.42459491535992,5.127960139717263,1.3717697048328261,0.5652751880368915,0.8064945167959346,0.724407362362636,24.872991316414367,102.2504958936872,-0.9673338500000028,196.52763896786337,159.22255746702672,37.30508150083665,35.2366675,32.783334,34.01000075,31.886667000000003,,29.159999499999998,92.0,16.0,76.0,35.5159395474688,,0.0,0.0,,77.35475458525582,0.5530805741060398,0.8291393188022121,0.8959559616735283,48.44236438497719,62.471271671163876,86.76693432076173,94.11047034049074,-13.23306567923826,4.343706173529409,35.96463844782478,11.442069050838684,-2.5507181077995678,-4.2988356245527815,1.7481175167532137,-0.967502738225634,-0.9722134548004746,21.60950907868191
49,2020-08-12,36.213333,36.599998,36.18,36.360001,36.007343,1280700,1141818.8801157305,1938000,0.13190603800693332,345764.07069544867,71.96010570691799,-0.8745941018193768,14.364665879052577,-10464.432799563672,1067.322140830343,34.904337588667076,0.7029273457783165,34.0683335,37.74097616725449,30.395690832745515,21.560448016950907,0.8119916239650331,0.0,0.0,35.69200026666666,36.33933306666667,35.04466746666667,3.627327105029502,1.0159639163451384,1.0,0.0,31.166668,36.753334,33.960001000000005,16.398412913270327,0.9295943233406104,0.4340087085885796,1.658235890320988,1.5385867449527508,0.11964914536823712,35.362778,33.195384730769234,35.28632803080609,33.6280921404851,63.53736363840061,41.57741255596073,4.9098285134292,1.3207550545443516,0.6206204688514734,0.7001345856928782,0.7357502281890282,24.69832782885328,94.13719544016912,-1.5016675000000035,198.84001076106958,168.95990641480716,29.880104346262414,35.5300005,33.120001,34.32500075,31.886667000000003,,29.159999499999998,88.0,12.0,76.0,35.76341843797504,,0.0,0.0,,78.16557152004933,0.613053760412626,0.7013468317514322,0.8165004868173676,48.81034412156471,64.24159660570605,91.12782840183019,91.15307980776747,-8.872171598169803,4.181352914705883,36.04714029773458,10.673705465439374,-3.676451269357185,-4.174358753513662,0.4979074841564768,0.5345612706152414,0.5331375633264912,22.259586415601884
50,2020-08-13,36.306667,36.953335,36.033333,36.666668,36.311039,910500,1484906.4103602297,2848500,0.14671360683515133,336257.8182389566,77.16334302495565,10.441340655683863,15.571820463309479,14525.452260444796,1076.324133953556,35.11986464087364,0.7246348112004852,34.335000300000004,37.94859701604716,30.72140358395285,21.049055974798723,0.8226242277736189,0.0,0.0,35.92688926666667,36.59155566666667,35.26222286666667,3.700105484037471,1.0565037839533709,1.0,0.0,31.453333,36.953335,34.203334,16.018645556848885,0.9478787462259103,0.4317879406473407,1.6455161922841839,1.5599726344190377,0.08554355786514622,35.70444483333333,33.45282069230769,35.49868802606669,33.853171833782504,64.74524634950156,41.29631503048299,4.474631441693173,1.2990478282086961,0.5707937412547587,0.7282540869539375,0.7426556680228458,24.595825648706278,91.97470215708964,-0.168332300000003,201.7950927758312,177.5200664288597,24.275026346971487,36.050001,33.2200015,34.63500125,31.986667500000003,,29.159999499999998,100.0,8.0,92.0,35.96140155038003,,0.0,0.0,,79.42406534568664,0.7061399817677052,0.6240914387621236,0.7181925297719226,49.50949240298718,63.92905070378034,93.4848438705255,90.45986886437247,-6.515156129474516,4.072921741176472,36.17827868057824,12.589566276142616,-6.59776342381164,-4.659039687573258,-1.9387237362383818,0.843418568662857,0.8398816675914134,23.29074646940148
51,2020-08-14,36.653332,36.720001,36.313332,36.486668,36.132782,795300,1367573.6062861495,2053200,0.10962262987119874,267770.4156333914,72.63005281998238,1.1930849292720878,15.126962972317912,3775.1262096463224,1071.0403611244665,35.32898278527421,0.6928382300804368,34.56666705,38.10751490816495,31.025819191835048,20.487065490249236,0.771121639069102,0.0,0.0,36.10400036666667,36.74333366666667,35.46466706666667,3.541620283110071,0.7992708445918036,0.0,0.0,31.58,36.953335,34.2666675,15.544845536387935,0.9131513296677016,0.4512809765900618,1.6024393212606611,1.5684659717873626,0.03397334947329855,35.89777816666667,33.6820515,35.65068494513335,34.04824562387269,65.86685172409528,39.624381096390785,4.2934702861663325,1.316025450382168,0.636538304179009,0.679487146203159,0.7435337426172652,24.49193814535519,82.48968098320522,-0.14666904999999986,201.2821469814221,184.35674103877665,16.925405942645455,36.0600015,33.2200015,34.6400015,31.986667500000003,29.189999999999998,29.159999499999998,96.0,4.0,92.0,36.033333,,0.0,0.0,,76.63209933122829,0.499628387397256,0.606274043192529,0.643904104568695,49.383944760875856,62.76658765464034,89.39393663911969,91.33553630382512,-10.606063360880313,3.8933333205882406,36.219938197938596,6.790243637453908,-9.66972188740645,-5.661176127539896,-4.0085457598665535,-0.4909090730578547,-0.4921179897250827,22.68550100874245
52,2020-08-17,36.573334,36.959999,36.486668,36.580002,36.225212,1260900,603935.9474385267,3314100,0.09698525820982731,246329.61920004955,78.63310974646319,7.758101179871529,15.836286086104227,-678.7795318979579,1071.0403611244665,35.582278617658666,0.6708875070723932,34.8030005,38.21657000231223,31.389430997687775,19.61652416901369,0.7602849449522444,0.0,0.0,36.23088943333333,36.854222633333336,35.607556233333334,3.440893722175746,0.7800368780827532,0.0,0.0,31.58,36.959999,34.2699995,15.458434395620586,0.9293685742320765,0.391486072612841,1.5578736665127693,1.566347510732444,-0.008473844219674787,36.0777785,33.937692653846156,35.79365679972822,34.23578313321545,66.98563892767994,40.15949325478114,4.08610961517981,1.3369155403073423,0.6112516716186271,0.7256638686887151,0.739330600039422,24.36685678820397,83.12507844123914,0.130333499999999,198.81376733182466,189.354973466511,9.458793865313652,36.2199995,33.2233335,34.7216665,31.989999500000003,29.206667,29.159999499999998,92.0,4.0,88.0,36.033333,,0.0,0.0,,77.08196967169462,0.06650112780022184,0.42408983232172764,0.5514851047587934,49.405696622825985,60.40298406151059,91.0378023763218,91.30552762865567,-8.962197623678195,3.7049607294117664,36.26137981496055,6.275433252494671,-9.305249056232165,-6.38999071327835,-2.9152583429538153,0.25580302372361086,0.255476404671251,22.999334229993273
53,2020-08-18,36.546665,36.68,36.246666,36.346668,35.994137,1157400,-19269.57532219158,2156700,0.10444123520451724,172559.5633714712,70.99909627546049,-9.734495996803371,10.194334047241771,-4157.323163057282,1064.208482558068,35.87325466108676,0.6471321563651541,35.03466725,38.1977593499702,31.8715751500298,18.05692674286895,0.7073921195674896,0.0,0.0,36.320000500000006,36.926667300000005,35.7133337,3.340676165464275,0.5219787039607231,0.0,0.0,31.780001,36.959999,34.370000000000005,14.785349502641573,0.8815962863306122,0.45570288471034526,1.4865904707243942,1.5503961027308342,-0.06380563200643996,36.195556333333336,34.195641461538465,35.87873544592388,34.392144975199486,67.29512496679361,38.33414309618001,6.417773064806287,1.3694031642627282,0.7835823577078604,0.5858208065548678,0.7289333117332685,24.23073417955235,67.05391716068753,0.25866375000000374,196.50226503317484,192.7568840237267,3.745381009448124,36.2199995,33.2233335,34.7216665,31.989999500000003,29.168333750000002,29.159999499999998,88.0,8.0,80.0,36.2186662,,0.0,0.0,,73.28359949857341,0.0,0.18870983839915922,0.40635790463780525,48.47644071549643,51.710936901516554,81.07001917902411,87.16725273148855,-18.929980820975885,3.4671368617647076,36.26540708451366,4.0458033579045125,-9.552459470009062,-7.022484464624493,-2.5299750053845687,-0.637873119853849,-0.6399162233451161,22.214754539340966
54,2020-08-19,36.506668,36.580002,36.086666,36.240002,35.888508,734100,-297031.67336491635,1422600,0.06850864466527908,136721.9813755463,66.30069362519777,-8.736301139354165,7.734821536475528,-9537.095315881388,1061.0853665134132,36.002571177735334,0.6317525407286386,35.224334000000006,38.19288163171878,32.255786368281235,16.855095864800568,0.671071534973472,0.0,0.0,36.3586672,36.9520009,35.7653335,3.2637813522493606,0.4000012977520054,0.0,0.0,32.32,36.959999,34.6399995,13.172708957392926,0.844828199316421,0.5517088339724805,1.40529164244888,1.5213752106744436,-0.11608356822556365,36.27444558333333,34.42666715384616,35.93431491578174,34.52902327333286,67.10748702642256,36.310672128421814,7.790949793988862,1.2465438072055075,0.7718893746416337,0.47465443256387385,0.7127234367306675,24.032337726134838,57.167069315571005,0.44233399999999534,191.37252941964508,194.85363040095535,-3.481100981310277,36.33,33.676666,35.003333,31.989999500000003,29.293333750000002,29.159999499999998,84.0,4.0,80.0,,36.959999,0.0,1.0,,71.54790193868905,0.0,0.022167042600073874,0.21165557110698693,47.25991056652327,46.43826941046179,72.86442103739732,81.65741419758108,-27.135578962602676,3.225509729411762,36.26492471325355,2.682294283869082,-12.359409706397079,-8.08986951297901,-4.269540193418068,-0.2934684411787236,-0.29389990415378264,21.856092804303962
55,2020-08-20,36.166668,36.646667,36.093334,36.560001,36.205406,875400,304148.5840930679,2298000,0.11919903405575061,157208.43040761148,64.7575575713368,2.3176587210988746,6.441489476491775,5575.424915593147,1061.0853665134132,36.15060340966378,0.6239105866557749,35.427000650000004,38.17065506102936,32.68334623897065,15.489058405678799,0.7064765054675602,0.0,0.0,36.42955616666667,37.03222326666667,35.82688906666666,3.3086711089357173,0.6082229586892451,0.0,0.0,32.32,36.959999,34.6399995,13.097352061611806,0.9137935159037742,0.5571602453969485,1.3511082454529841,1.487321817630152,-0.13621357217716779,36.348890000000004,34.62487226923077,36.03057431335378,34.6794660679008,66.97645687809361,34.85642917661732,7.323981995887946,1.1819598261212796,0.8195958117567363,0.36236401436454324,0.6938338318284066,23.96945223860278,60.771011726980625,0.5063333499999985,187.06059076049985,195.55800348227015,-8.497412721770303,36.459999,34.0633335,35.261666250000005,31.989999500000003,29.616667,29.27,80.0,12.0,68.0,,36.94253234000001,0.0,0.0,,73.57030064388351,0.17068023788246925,0.056893412627489676,0.08925676454224092,46.7290147082929,53.080538558427136,77.94127054505171,77.29190358715772,-22.058729454948296,2.9755488970588218,36.282945004216884,2.5046718689842247,-13.677635117936763,-9.207422633970562,-4.4702124839662005,0.8829993993929808,0.8791237575831445,22.932081371889712
56,2020-08-21,36.593334,36.759998,36.393333,36.626667,36.271423,1332300,667515.6818525762,3630300,0.1390061753107215,147438.52774938088,64.03809074941293,5.687669610823487,4.693500806216932,10159.183453735532,1061.0853665134132,36.26016368710781,0.5981860279901979,35.63566725,38.05904813587103,33.212286364128964,13.600872793372677,0.704466362629539,0.0,0.0,36.46066713333333,37.012667433333334,35.90866683333333,3.027922105656424,0.6503621163490905,0.0,0.0,32.553333,36.959999,34.756666,12.365886035149241,0.9243573259239513,0.5579226115908215,1.2985777065479098,1.4495729954137035,-0.15099528886579372,36.406667750000004,34.82846207692308,36.12228088053013,34.82370317398222,66.93016810111868,34.69449689092941,7.0235668559378945,1.1523889048416642,0.8772655069630156,0.2751233978786486,0.6729563013819749,23.916618946007507,67.76649522628946,0.11766675000000504,180.65704864049908,194.76123229686996,-14.104183656370878,36.496666000000005,34.206666,35.351666,31.989999500000003,29.6266675,29.2800005,76.0,8.0,68.0,,36.92541501320001,0.0,0.0,,73.98517242295132,0.20569332099023763,0.12545785295756887,0.06817276939504414,46.390491555667644,54.51653103824321,81.41268957041365,77.40612705095423,-18.58731042958636,2.757940902941179,36.285220221654846,1.9294981089146794,-11.542366052334996,-9.67441131764345,-1.867954734691546,0.1823468221458624,0.18218077215541584,23.15624411566912
57,2020-08-24,36.786667,36.966667,36.566666,36.860001,36.502495,780000,1031519.3218434633,4410300,0.1392738278346884,152375.95521375496,62.926369864176664,9.743665384743602,5.378759440530722,7398.478016790939,1067.8451214457973,36.343708296909085,0.5783675251911784,35.83600065,37.94876255895142,33.72323874104858,11.791281787195858,0.742336901678669,0.0,0.0,36.49977823333334,37.013778333333335,35.98577813333333,2.8164560163304833,0.850411183447885,0.0,0.0,32.553333,36.966667,34.760000000000005,12.315364214616952,0.9758309704182815,0.5579226115908215,1.2612362335419505,1.4119056430393528,-0.15066940949740237,36.498889999999996,35.02102623076923,36.23577628352549,34.97454004998354,67.02264255048063,35.47479419759009,6.700666264974213,1.1756755541225596,0.8462838584704697,0.3293916956520899,0.6516687074527815,23.879338118019447,80.41577373972288,0.7373333500000001,173.7161256803924,192.2266197093732,-18.510494028980816,36.5,34.2733335,35.38666675,31.9933335,29.945,29.4966665,100.0,4.0,96.0,36.086666,,1.0,0.0,,75.4384094967568,0.32833919137161394,0.2349042500814402,0.13908517188883293,46.48604247959745,52.53727124619569,92.82515855938124,84.05970622494887,-7.17484144061877,2.563568311764705,36.300422410771816,3.0952833657414844,-13.470085368134093,-10.433546127741579,-3.036539240392514,0.6370604237617261,0.6350397711555988,23.940823806321454
58,2020-08-25,36.939999,36.939999,36.366669,36.486668,36.132782,1017300,440064.76059601514,3393000,0.1638080755776812,76352.0100546478,56.33418013421008,-6.387193770274156,3.283103091466927,-5334.554592552377,1067.8451214457973,36.39073434951929,0.5778637726720605,36.03200075,37.53435307766787,34.52964842233213,8.338989211793194,0.6513184496162056,0.0,0.0,36.52622263333334,37.03022253333334,36.02222273333334,2.7596606693190147,0.46075928454218446,0.0,0.0,32.720001,36.966667,34.843334,11.785817916314285,0.8869703904192137,0.6201228417767299,1.1878254813744178,1.367089610706366,-0.17926412933194813,36.49166783333333,35.199231423076924,36.27437500913695,35.086549527762536,66.4423346196256,33.12416396071629,8.56811014205816,1.0969391828926491,0.9064629863425994,0.19047619655004977,0.6274953933893274,23.91075052567318,62.9728446033661,0.48799925000000144,166.2232197032847,188.60253181406375,-22.37931211077904,36.5,34.2733335,35.38666675,31.9933335,30.236667500000003,29.620000500000003,96.0,4.0,92.0,36.104266020000004,,0.0,0.0,,68.81472089158314,0.0,0.17801083745395044,0.1794576468309865,44.870737072107794,49.38414030189079,67.71307898809901,80.65030903929797,-32.286921011900986,2.410882217647064,36.304953841163574,-0.23696499750337505,-13.277705950899865,-11.002378092373236,-2.2753278585266283,-1.0128404500043153,-1.0180045780665115,22.68550100874245
59,2020-08-26,36.48,37.426666,36.326668,37.273335,36.911819,912750,1098354.5338501576,4305750,0.146030216043788,168020.33779684114,64.94528830012908,26.914911348561624,5.583653481392714,9375.625280920267,1090.8682848147407,36.499644180111915,0.6300771954048543,36.1873341,37.51881358101362,34.855854618986385,7.358814978380053,0.907817362372442,0.0,0.0,36.58911163333333,37.16111153333334,36.01711173333333,3.1266126695402083,1.098097453047336,1.0,0.0,33.720001,37.426666,35.573333500000004,10.242989963717703,0.9586337044216311,0.6054988645446813,1.1795275247602603,1.329577193517145,-0.15004966875688464,36.55444575,35.41307765384615,36.428061161577425,35.248533636817164,66.27590206909741,34.46307363635056,7.536311010281256,1.0982707894825907,0.8231132628938438,0.2751575265887469,0.6058002265984925,24.074237088704464,108.70019879379774,-0.020666099999999687,159.33367103629726,183.88459606522667,-24.550925028929413,36.756665999999996,34.6033335,35.67999974999999,32.223333,30.236667500000003,29.620000500000003,100.0,8.0,92.0,36.1215140396,,0.0,0.0,,73.995898417454,0.3566233643908675,0.22832085192082707,0.21374531315207257,44.90804321209578,58.991978060584096,91.11981768322201,83.88601841023409,-8.880182316777985,2.330823332352942,36.37461418237246,2.0628012048192765,-13.752176970449481,-11.552337867988486,-2.199839102460995,2.1560395703986934,2.133125805441738,25.33064895763284
60,2020-08-27,37.433334,37.673332,36.786667,36.786667,36.429871,1034700,63654.53385015763,3271050,0.060420762166908185,72080.94959729216,63.7547103065064,30.278105838649253,6.055668893361825,6169.449074977696,1090.8682848147407,36.562240000274876,0.6557359758643689,36.305667549999995,37.38454242399443,35.22679267600556,5.943286251429561,0.7229171619407304,0.0,0.0,36.64222263333333,37.21088883333333,36.07355643333334,3.1038848581345686,0.6270027712801198,0.0,0.0,34.306667,37.673332,35.989999499999996,9.273111409846546,0.7366340280366477,0.6988555508901603,1.1207618490681384,1.2878141246273436,-0.1670522755592052,36.606112333333336,35.58000073076923,36.48323129056551,35.362469441497375,66.28735871929719,33.834316434019925,6.8230610918088646,1.1263737693429752,0.8689171230738858,0.2574566462690894,0.5825998573362264,24.288246287512386,129.40018805436006,0.05433345000000145,150.19997688761293,178.20879938813675,-28.00882250052382,36.879999,34.996666000000005,35.9383325,32.379999,30.42,29.786666500000003,96.0,4.0,92.0,36.173720118016,,0.0,0.0,,66.62160412793432,0.0,0.11887445479695576,0.17506871472391108,42.74378820091231,50.93259233591653,48.24911444535292,69.02733703889132,-51.75088555464708,2.297038838235295,36.37792261570608,1.7142828861093866,-13.124876090257448,-11.866845512442278,-1.2580305778151697,-1.3056733453016833,-1.3142721902879018,23.6942400806994
61,2020-08-28,36.799999,36.993332,36.580002,36.68,36.324242,1214100,-562984.7359826701,2056950,-0.030600401898426978,43283.04184053586,55.69560207192014,-15.092877211514786,4.00128444892533,-17030.219017388386,1090.8682848147407,36.58997852061161,0.6314953782779322,36.39300085,37.27890584192319,35.50709585807681,4.868545990887645,0.6619807725526864,0.0,0.0,36.66666706666667,37.23599936666667,36.09733476666666,3.1054488752133,0.5117092718376721,0.0,0.0,35.146667,37.673332,36.4099995,6.942722339424784,0.6068604266889351,0.817238507696722,1.0534391020265232,1.2409391201071795,-0.1875000180806563,36.632778916666666,35.740513500000006,36.51350339970928,35.460064297682756,65.64171051654435,32.29968782990812,8.781444545948155,1.07465198477701,0.967186749383756,0.10746523539325392,0.5576241709658426,24.469477098874254,76.08742915415377,0.2736671500000014,140.18435198751303,171.69441990543544,-31.510067917922413,36.879999,34.996666000000005,35.9383325,32.379999,30.66,30.026666499999997,92.0,8.0,84.0,36.26369683093504,,0.0,0.0,,65.09047357655051,0.0,0.11887445479695576,0.15535658717157952,40.54302033102296,49.773178599400914,39.430938677401606,59.599956935325515,-60.569061322598394,2.1391371529411813,36.38131638105473,0.880085234321096,-11.189898024514822,-11.731456014856787,0.5415579903419658,-0.28996103398005735,-0.29038223539656904,23.335574983187634
62,2020-08-31,36.753334,36.959999,36.633331,36.759998,36.403461,1834200,-974745.9822632663,3891150,-0.008768375854705641,58061.51180617447,67.6100760623525,0.1780627338349084,3.8347955844838126,479.919280559488,1090.8682848147407,36.6438683608769,0.6010126404501396,36.4663342,37.20687397587119,35.72579442412881,4.061498322313907,0.6982768580219275,0.0,0.0,36.677555700000006,37.232221700000004,36.122889699999995,3.0245526966782275,0.5743170664868616,0.0,0.0,35.166668,37.673332,36.42,6.873912760882887,0.6356376442953667,0.8456055200957999,0.9950699628682642,1.1917652886593966,-0.19669532579113236,36.64055641666667,35.906154384615384,36.551425645907855,35.55635568303959,65.04218004255958,31.099115663606252,8.455040217915407,1.0694084261269161,0.9717227215657807,0.09768570456113546,0.5319093344380331,24.606297267738707,78.43713427824405,0.020333800000003066,129.9221510052653,164.29662945788994,-34.37447845262463,36.879999,35.1133325,35.99666575,32.379999,30.66,30.026666499999997,88.0,4.0,84.0,36.348274941078934,,0.0,0.0,,65.72666417266002,0.044384590154115784,0.014794863384705188,0.08418125765953889,38.91508906970779,47.06350598219471,44.308868481017534,43.99630720125736,-55.691131518982466,1.9413134117647104,36.38535860834561,0.2545363543805008,-5.305383307332281,-10.446241473351886,5.140858166019605,0.218097055616151,0.21785956922566463,23.604566240753222
63,2020-09-01,36.773335,37.346668,36.633331,37.146667,36.786381,1717650,-220264.07153944066,5608800,-0.014146659909131049,144647.29695529185,68.57494445128182,8.02914751122171,4.470777128272461,22067.85643309498,1102.3428487910778,36.70949043276132,0.6122450764051259,36.54033415,37.24117116865271,35.83949713134729,3.83596392838522,0.9325776420640661,0.0,0.0,36.739333433333336,37.321999733333335,36.15666713333333,3.1718936929397543,0.8495427542889183,0.0,0.0,35.48,37.673332,36.576666,6.002495737987128,0.7598790333611145,0.8360591487098236,0.9688447175121553,1.1471811744299483,-0.17833645691779298,36.695556333333336,36.07128261538462,36.64300123884511,35.674156521332954,64.81213980103551,32.95651058575142,7.775390708680242,1.0562445479211595,0.9073610306899542,0.1488835172312053,0.5079718433431243,24.815833649532948,132.0452000368742,0.039667850000000726,121.51877323545533,156.53510099297998,-35.01632775752465,36.883333,35.1133325,35.99833275,32.379999,30.886666249999998,30.026666499999997,84.0,4.0,80.0,36.4277783646142,,0.0,0.0,,68.69617931539658,0.25155632983841986,0.09864697333084514,0.07743876383750203,38.353591779226726,49.64956121440925,67.88626090625664,50.542022688225266,-32.11373909374337,1.831195541176477,36.42493296760287,1.808877149319305,-1.635403986561207,-8.684073975993751,7.048669989432544,1.0518743771422256,1.0463806696358269,24.90473100201749
64,2020-09-02,37.306667,38.106667,37.053333,37.986668,37.618237,1565250,988349.8856669154,7174050,0.03083111734080863,311813.6209973932,69.92933795564451,39.70404642498016,6.560970397507911,53462.66256090445,1127.270229094871,36.81539337319139,0.6563539687646133,36.64300085,37.533897705011626,35.752103994988374,4.862575849934111,1.2541092677796397,1.0,0.0,36.8806667,37.51933280000001,36.2420006,3.463419493986563,1.365868174308915,1.0,0.0,35.48,38.106667,36.7933335,7.168263895067985,0.9543151073204179,0.8360591487098236,1.0042655341988223,1.118598046383723,-0.11433251218490081,36.8127785,36.27974423076923,36.849719202099706,35.845453667900884,65.1020126738812,37.39889335156419,6.894129233264833,1.1244914919219058,0.8592352731752207,0.26525621874668504,0.4899934143995034,24.749413484664007,251.89009097370837,-0.29633284999999887,116.7132901302442,148.7187342562849,-32.0054441260407,37.2166675,35.413334000000006,36.31500075,32.5966665,31.08,30.026666499999997,100.0,4.0,96.0,36.50251158273735,,0.0,0.0,,73.9720512191257,0.7406563428037756,0.3455324209321036,0.15299141921588466,39.558000249330114,54.45663351145317,94.05945838640675,68.75152925789364,-5.940541613593258,1.7887249205882298,36.616594621735096,3.845450855907556,0.21675492364600146,-6.9039081960658,7.120663119711802,2.2613092044031946,2.2361206284753354,27.72921318090116
65,2020-09-03,37.786667,37.793331,36.106667,36.353333,36.000744,1422450,-18048.011839645915,5751600,-0.02319351279279367,-64636.52068080631,67.31119784619514,-74.70209896052587,1.1398858339509133,-25766.772978205045,1078.8003311917785,36.82453360954415,0.778718671888152,36.6730008,37.478343764293186,35.86765783570681,4.392021087585442,0.3015331267713036,0.0,0.0,36.91244433333334,37.66444353333334,36.16044513333334,4.074502318021331,0.12825004778373372,0.0,0.0,35.700001,38.106667,36.903334,6.562500879393545,0.27146766522649945,1.4150431683160782,0.8902777349168858,1.0729339840903556,-0.1826562491734698,36.81333391666667,36.36384673076923,36.773352094084366,35.88307435916748,62.97681503805616,30.708927841729754,14.668388694462653,0.9586204670629358,0.8689654330558544,0.08965503400708141,0.4664823987326569,24.938669833796254,20.78174692978916,-0.4329988,107.30974989524995,140.56903439570166,-33.25928450045171,37.106667,35.913334000000006,36.510000500000004,32.5966665,31.94166725,30.8166675,96.0,4.0,92.0,,38.106667,0.0,1.0,,54.675824771801594,0.0,0.33073755754739836,0.25830565060344907,33.52672324675843,46.50670805486596,13.201330098351344,58.38234979700491,-86.79866990164865,1.578705232352938,36.61448873286926,0.01833730673743779,0.780978074016631,-5.366930942049315,6.147909016065946,-4.299758536337017,-4.3949364401091096,22.237165433759245
66,2020-09-04,36.346668,36.713333,35.866669,36.393333,36.040356,1707900,398836.8983490418,7459500,-0.07019224146506123,-45643.303440691336,58.3769400417012,-32.71834104291817,-1.7512886105340648,-59282.69283653506,1078.8003311917785,36.786033948241894,0.7855132046993365,36.66400075,37.47757890113451,35.85042259886549,4.438021680623642,0.33365596186269003,0.0,0.0,36.88555556666667,37.68555466666667,36.08555646666667,4.337736480905587,0.19236054973895061,0.0,0.0,35.866669,38.106667,36.986668,6.109529659007548,0.23511806706970126,1.8041712583115215,0.7940163225459429,1.0171504517814731,-0.22313412923553022,36.8261115,36.43974423076923,36.71488761807139,35.920871295525444,60.50640471478731,28.25740938087203,15.760308156838876,0.9189904059722734,1.005311655502652,-0.08632124953037856,0.43965614842277256,25.092398462449438,-91.12293400311034,-0.10399974999999984,98.21568125592209,132.1800961263161,-33.96441487039401,36.986668,36.206666999999996,36.596667499999995,32.5966665,31.973333999999998,30.8166675,92.0,4.0,88.0,,38.106667,0.0,0.0,,54.985514231854395,0.014915746962880595,0.25185736325555197,0.3093757805783513,29.164068906028078,44.5604122784885,23.511806706970127,43.590865063909405,-76.48819329302987,1.3519210323529407,36.61258396447085,0.4230987625221474,2.8667969973978726,-3.7201853541598773,6.58698235155775,0.11003117650862926,0.10997068657738751,22.371664425016814
67,2020-09-08,36.240002,36.34,35.720001,35.900002,35.551804,2602500,-692523.2369092642,4857000,-0.12896342307145742,-222536.24973487743,54.007978542009496,-6.194046109490797,-1.4983993328688807,-33399.050276638634,1078.8003311917785,36.69740492766098,0.7742950842294023,36.633000849999995,37.51087157374217,35.75513012625782,4.792786304003687,0.08251321625388341,0.0,0.0,36.80444453333333,37.626443433333336,35.982445633333334,4.466845841162071,-0.050148262566612783,0.0,1.0,35.720001,38.106667,36.913334000000006,6.5150709595771445,0.07541943447470124,2.314296530666933,0.6701951781237412,0.9477593970499268,-0.27756421892618566,36.77111158333333,36.476923769230766,36.58952059990656,35.919325421782816,57.91232326357672,26.449055096540814,16.145697718503698,0.9247728160152634,1.0090787990732293,-0.08430598305796588,0.4081912598156943,25.179217735452667,-161.91519038914365,-0.006333849999997199,87.34726457487541,123.41610111204838,-36.06883653717297,36.913334000000006,36.626667,36.7700005,32.5966665,32.15,30.9933335,88.0,4.0,84.0,,38.017067080000004,0.0,0.0,,50.41061425876035,0.0,0.0049719156542934574,0.19585561215241462,24.031476312553387,46.56113952463632,7.541943447470125,14.751693417597203,-92.45805655252988,1.0750587352941139,36.59073244028162,-1.80524885653039,9.11703659217473,-1.1527409648929559,10.269777557067686,-1.3555532272902737,-1.3648247321777163,20.712851378614673
68,2020-09-09,36.299999,37.119999,36.299999,37.006668,36.647739,2061150,798889.7127248708,6918150,-0.020058893495739073,135112.44678438987,60.6925282435485,27.052799165514266,1.0579649746217215,28259.457032041668,1112.0558069802944,36.72329877066789,0.8188652758064621,36.675000849999996,37.539889958500964,35.81011174149903,4.716504913187851,0.691739696303292,0.0,0.0,36.825555533333336,37.672221433333334,35.97888963333333,4.598251880999466,0.606956277952534,0.0,0.0,35.720001,38.106667,36.913334000000006,6.5076099377922665,0.5391064355045889,2.394713696809892,0.6538278065322842,0.8889730789463984,-0.2351452724141142,36.802778333333336,36.54282134615384,36.653697122997855,35.99986931646557,56.358281843878025,30.610315694890122,14.353363299842659,0.9606298189595299,0.8921866816030853,0.06844313735644458,0.38042549133572884,25.272885131173542,33.343019761618585,0.18500015000000047,82.82360140219053,114.91498226381431,-32.091380861623776,36.913334000000006,36.6366675,36.775000750000004,32.8033335,32.70999975,31.3999995,84.0,8.0,76.0,,37.879243115200005,0.0,0.0,,58.709921852812954,0.331603623696459,0.11550645688644647,0.1241119119320973,22.557531671256648,53.772965130367346,53.91064355045889,28.321464568299717,-46.08935644954111,0.885431223529416,36.596431316003816,1.037498170390443,10.739865914648806,1.2257804110153967,9.51408550363341,3.0826349257584873,3.0360761418910975,24.43398789509079
69,2020-09-10,37.066666,37.259998,36.040001,36.060001,35.710255,1893150,-1032189.6428391088,5025000,-0.08103203708505122,-140215.42147766525,53.66527677863563,-3.866529857723919,0.6162372189915218,15109.088991912431,1083.6083246339613,36.71110417338851,0.8589784482258164,36.66000085,37.556066222617204,35.7639354773828,4.888518013316964,0.1652030820878942,0.0,0.0,36.7699999,37.628665700000006,35.9113341,4.670469417107636,0.08656854622601791,0.0,0.0,35.720001,38.106667,36.913334000000006,6.510272625921115,0.14245814035143442,2.7506526288065163,0.5580357426753721,0.8227856116921932,-0.26474986901682107,36.736111666666666,36.55794953846154,36.562359257921266,36.00432351524589,54.393727042521114,27.341642434770247,15.096362185194673,0.940034192503435,0.8920617178370612,0.04797247466637378,0.3503058224165868,25.441830460280144,-57.426653662588066,-0.17333285000000132,74.32878676855724,106.48485002836368,-32.156063259806444,36.913334000000006,36.7933335,36.853333750000004,32.836667500000004,32.8616665,31.3999995,80.0,4.0,76.0,,37.749688588288,0.0,0.0,,50.867364187502844,0.018249706951776253,0.11661777688274501,0.07903204980782831,18.390872300200307,46.74353272505878,14.245814035143441,25.23280034435749,-85.75418596485656,0.5842350647058865,36.5782903050904,-2.1703743307006347,10.992391315056537,3.179102591823625,7.813288723232912,-2.5580984486363367,-2.591386711671939,21.250843981170142
70,2020-09-11,36.333332,36.466667,35.880001,36.080002,35.730064,1400700,-1477861.0551929867,6425700,-0.10845000825621601,-116182.44688085582,47.25576796771133,-19.9645493127008,-1.2160641326887844,-47651.73007810996,1084.2093576206494,36.680867428840756,0.8317472034032349,36.63066755,37.56166820793236,35.69966689206764,5.083176039102014,0.20426146033937262,0.0,0.0,36.67600003333334,37.504665933333335,35.847334133333334,4.518845562476059,0.1403870164481647,0.0,0.0,35.720001,38.106667,36.913334000000006,6.515485956520599,0.1508384499548731,3.060190942348906,0.4782211200789206,0.7538727133695388,-0.27565159329061817,36.70222283333333,36.56359061538462,36.488150449010305,36.009929328931385,52.2536335663385,25.90889564648483,15.734425257562501,0.9024663424510573,0.9702912222995773,-0.06782487984852004,0.3193792478385277,25.563763528252665,-121.90767655295906,0.6426674500000047,66.73622897960938,98.32394747192993,-31.587718492320548,36.913334000000006,36.7933335,36.853333750000004,32.94,33.133333750000006,31.620000500000003,76.0,88.0,-12.0,,37.62790733299072,0.0,0.0,,51.01624456163301,0.024198308205479153,0.12468387961790472,0.11893603779569874,15.353168886203559,44.455171443727316,15.083844995487311,27.746767527029885,-84.91615500451269,0.32017652058822677,36.56855386354379,-1.1145605293418441,8.703927927490357,4.284067658956972,4.419860268533385,0.05546588864486779,0.055450512006416375,21.318096839273704
71,2020-09-14,36.253334,36.526669,36.013332,36.193333,35.842293,1668600,-1976275.8996323815,8094300,-0.1186077682333433,-72570.08209787589,49.32976508951921,2.9738997429281344,-1.6996188213898888,6018.155051403832,1084.2093576206494,36.6437102365865,0.7999061830629114,36.6160008,37.56468773386857,35.66731386613144,5.181816217726132,0.2772353634742073,0.0,0.0,36.625333366666666,37.46399996666667,35.78666676666667,4.579707666296818,0.24244809160954586,0.0,0.0,35.720001,38.106667,36.913334000000006,6.5180957719445916,0.19832351908478169,3.3100950977927486,0.419279132345757,0.6869539971647824,-0.26767486481902547,36.61222266666667,36.580513653846154,36.442793918393335,36.02351478604758,50.34019238510147,25.239755724358652,14.994036622997545,0.9000553526310746,0.9827871307381514,-0.08273177810707677,0.28927735861518117,25.5402548033704,-90.50847853022945,0.17066619999999944,59.51337507616217,90.50075014647403,-30.987375070311863,36.913334000000006,36.903334,36.908334,33.19,33.316667,31.620000500000003,72.0,84.0,-12.0,,37.51343295301128,0.0,0.0,0.0,51.90553612145546,0.06338366977631174,0.03527722831118898,0.09219296160394624,13.277124067048995,39.5736076038278,19.832351908478167,16.387336979702976,-80.16764809152183,0.2142156117647005,36.563479511300734,-2.897519097767882,8.108865007518487,5.049027128669275,3.059837878849212,0.3141102930094064,0.3136179972602626,21.699169468729007
72,2020-09-15,36.240002,36.846668,36.226665,36.52,36.165791,1631700,-2064000.404352498,9726000,-0.09340434584907993,13943.150187535044,55.178261559206085,10.132605258197067,-0.5196331764990874,19968.336322143605,1093.9950111891083,36.63766606677608,0.7852490647566202,36.6130007,37.5625031718729,35.663498228127104,5.186695729492049,0.45102661511951975,0.0,0.0,36.6000002,37.46800030000001,35.7320001,4.743169919436249,0.453916940792979,0.0,0.0,35.720001,38.106667,36.913334000000006,6.5186298701815995,0.3351952053617893,3.4566266057835673,0.3943803085394819,0.6284392594397223,-0.23405895090024043,36.59000041666667,36.57846234615385,36.45467177710206,36.060291468562575,48.95099747680501,26.678076827354108,14.085585033480374,0.9321563664274201,0.9514615326763952,-0.01930516624897516,0.26227218592715074,25.4675375378229,-23.980191181792687,0.0669992999999991,52.218170173080395,82.80068313954348,-30.582512966463085,36.913334000000006,36.913334000000006,36.913334000000006,33.2566675,33.52666725,31.796667,68.0,80.0,-12.0,,37.405827035830605,0.0,0.0,0.0,54.471310526325276,0.1721707586918403,0.08658424555787698,0.0821817844956569,12.386516698814667,45.11038581065203,33.51952053617893,22.811905813381475,-66.48047946382107,0.20319588529410737,36.5631352452626,-0.7249012257620355,7.370628870214013,5.513347476978224,1.8572813932357892,0.9025612534772742,0.8985125127371596,22.79757901815738
73,2020-09-16,36.573334,36.706669,35.633331,35.733334,35.386757,1390500,-3195394.3790370775,8335500,-0.11029589822737862,-144314.31026782788,50.12605463621897,-28.303278516864495,-4.463789595458096,-15225.237517701647,1070.4296037555898,36.586184456736035,0.8140579582809581,36.582333999999996,37.60133804186494,35.56332995813505,5.571017102763022,0.08341676523373441,0.0,0.0,36.49822246666667,37.402222666666674,35.59422226666667,4.953666994745365,0.07694231336084299,0.0,0.0,35.633331,38.106667,36.869999,6.761012022907023,0.040432436191443794,3.8028492252631096,0.3076243376537704,0.564276275082532,-0.2566519374287616,36.51111158333333,36.54820596153846,36.34369673447097,36.0360723968172,46.47444909763856,24.095225109364286,18.073778125590575,0.8861247192268071,1.003316583472921,-0.11719186424611383,0.23366810522316672,25.483854793283495,-124.86442767466347,0.17766400000000715,43.44585085536228,74.6598565534455,-31.214005698083213,36.713331,36.869999,36.791664999999995,33.2566675,33.65166825,31.880001,64.0,100.0,-36.0,,37.30467747368077,0.0,0.0,0.0,47.85092182681332,0.0,0.07851814282271727,0.06679320556392775,9.459584640531178,37.73152814521159,4.043243619144379,19.131705354600495,-95.95675638085562,0.0215686735294085,36.53012253498646,-2.580877862595421,5.525159832521055,5.515709948086791,0.009449884434264533,-2.1540690032858856,-2.17760771014599,20.152434431741774
74,2020-09-17,35.446667,35.893333,35.133331,35.746666,35.399956,1503150,-2272407.3287398443,9838650,-0.06681365091263375,-120835.12368670998,44.79447126411193,-33.201542982137504,-8.998050225514293,-29391.508723168245,1070.4296037555898,36.50110436459789,0.8086523624528622,36.5576672,37.631056875210334,35.48427752478966,5.8723094629535675,0.12222424030626161,0.0,0.0,36.28577786666666,37.16044486666667,35.41111086666667,4.820990765109108,0.19181879122759213,0.0,0.0,35.133331,38.106667,36.619999,8.133276075121126,0.2062784024408942,4.10166227429794,0.23721096630281835,0.4988632133265892,-0.2616522470237709,36.42666725,36.532052038461536,36.251845852244664,36.014634885941845,43.3317240068053,22.43867322671311,21.35423050370631,0.8044692105427677,1.0921787349021719,-0.2877095243594042,0.20487138741117464,25.55202281077388,-188.01292105850433,0.5889998000000034,33.41781104401764,66.4496411255308,-33.031830081513164,36.1966645,36.619999,36.40833175,33.4600005,34.01000075,31.886667000000003,60.0,96.0,-36.0,,37.17096975578631,0.0,0.0,0.0,47.96634409737553,0.004418732009197992,0.05886316356701268,0.07465518398253564,7.205120875849827,42.98580138480866,20.62784024408942,19.39686813313758,-79.37215975591057,-0.24752947352941845,36.45451578454913,-2.756616036812639,4.570082364917286,5.32658443145289,-0.7565020665356039,0.037309700796450684,0.03730274245832277,20.197262945527903
75,2020-09-18,35.666668,36.226665,34.866669,34.946667,34.607719,4317450,-6081933.23911019,5521200,-0.19347365971985936,-596995.2035243226,39.807029187239365,1.0500519209255743,-7.8449838589114105,-96062.33515280919,1070.4296037555898,36.303182153647484,0.8637867262075755,36.4770005,37.75965406524983,35.19434693475017,7.032670162941883,-0.09654981729300058,0.0,1.0,36.14533353333333,36.98733373333334,35.30333333333333,4.65897042683814,-0.21179705974732996,0.0,1.0,34.866669,38.106667,36.486668,8.882303795784964,0.024690755981946977,4.606221413178521,0.11552295209562402,0.42219516108039623,-0.3066722089847722,36.243333916666664,36.47769303846154,36.051049105745484,35.93552615364986,40.89435633684101,22.680971038831764,18.856006622244873,0.8141823558439899,1.0067288798978646,-0.19254652405387473,0.17243209126585834,25.65114426405672,-191.40137633417453,1.509667499999999,25.18785391792604,58.33543808797568,-33.14758417004964,36.0633335,36.486668,36.275000750000004,33.7966675,34.32500075,31.886667000000003,56.00000000000001,100.0,-43.99999999999999,,36.96720588020768,0.0,0.0,0.0,41.96426854882715,0.0,0.00147291066973259,0.04628473901982085,3.288455494551497,31.464756259714544,2.4690755981946975,9.04671982047617,-97.5309244018053,-0.39962757941177074,36.36267018822565,-5.922469437163778,16.294730309858107,7.520213607133933,8.774516702724174,-2.2379681506521476,-2.2633906724451425,17.50728648285138
76,2020-09-21,34.84,35.006668,34.386665,34.893333,34.554901,1655550,-5031644.049944976,3865650,-0.17098804352729993,-524324.0464065622,33.19000416021106,-31.832494337319773,-10.131452221136744,-99149.78038211454,1068.7959632002057,36.17378644055438,0.8394083535868176,36.3903338,37.84370100712948,34.93696659287052,7.987655266462445,-0.015011207304140425,0.0,1.0,35.98911123333333,36.80844533333334,35.16977713333333,4.553233308196454,-0.16870049307927884,0.0,1.0,34.386665,38.106667,36.246666000000005,10.222500349804434,0.13620100204247138,5.081176902125083,0.014612274843884165,0.34067858383309385,-0.3260663089892097,35.985556,36.40948784615385,35.87293893563079,35.85832666078691,38.06991031095783,21.44901388729716,22.036993399037446,0.7778342301826449,1.0966597762344095,-0.3188255460517646,0.13835747942031112,25.741550456781475,-219.98493091809578,-0.03700080000000128,17.378605033341714,50.56114258336082,-33.182537550019106,35.8233315,36.246666000000005,36.03499875,33.7966675,34.63500125,31.986667500000003,52.0,100.0,-48.0,,36.715141454582756,0.0,0.0,0.0,41.59062312984672,0.0,0.00147291066973259,0.02060299496882596,0.07185347568558366,38.849725809964305,13.620100204247136,12.239005348843756,-86.37989979575286,-0.6917453647058878,36.2646060178179,-8.143212244885504,13.489146368061423,8.714000159319433,4.77514620874199,-0.1526154125084389,-0.15273198845275893,17.327952252858104
77,2020-09-22,34.880001,35.373333,34.813332,35.266666,34.92461,1133400,-4330016.056780685,4999050,-0.15917086756305704,-388972.66517705296,31.49258524274552,19.598849185283374,-9.30504495870377,9599.921953258181,1080.2312939360063,36.07165090795251,0.8114676182281357,36.31066705,37.82569097183665,34.79564312816335,8.344787055277472,0.15545063845118537,0.0,0.0,35.9055555,36.7188898,35.0922212,4.530409228733426,0.10724052827970194,0.0,0.0,34.386665,38.106667,36.246666000000005,10.244928838342563,0.2365592814197411,5.428845156922397,-0.034833768870079496,0.26557611329245917,-0.30040988216253867,35.89500041666667,36.36256469230769,35.77966617630298,35.81449994517306,35.7875172023146,23.65839425549872,20.93111828298794,0.807987909065767,1.0993345393238398,-0.29134663025807284,0.10643591638328616,25.79769958117953,-142.76785493581616,0.0826659499999991,11.211561566654117,42.60424926830122,-31.392687701647098,35.8233315,36.246666000000005,36.03499875,33.7966675,34.6400015,31.986667500000003,48.0,96.0,-48.0,,36.389154750941174,0.0,0.0,0.0,45.264511131438006,0.11345663914086783,0.037818879713622536,0.013588233684362577,-1.5480523817904723,41.71020555614188,23.655928141974112,13.248367981471986,-76.34407185802588,-0.9694317382352935,36.242594156517605,-2.989181212077579,8.906830125485289,8.752566152552603,0.1542639729326858,1.069926452712333,1.0642432411585023,18.58327505043713
78,2020-09-23,35.240002,35.613335,34.746666,34.866669,34.528496,1282950,-5257679.669820946,3716100,-0.1678285124041073,-406716.02031604527,25.570056966368938,5.8546684509915945,-11.722857671131523,-2424.7624937732817,1080.2312939360063,35.92163575272241,0.8169877564053223,36.2296671,37.86670232348723,34.59263187651277,9.036987389195367,0.08369921415113955,0.0,0.0,35.7322223,36.5502235,34.914221100000006,4.5785072819274255,-0.02906603315496631,0.0,1.0,34.386665,38.106667,36.246666000000005,10.267833788624573,0.12903326396061102,5.644549241473904,-0.10508517327424727,0.1914438559791179,-0.29652902925336516,35.767778416666665,36.29666726923077,35.63920507225637,35.744290245530614,33.999284046887354,23.969753748733044,19.3156027000136,0.7672728638488291,1.1412986239433587,-0.3740257600945296,0.07494261926530144,25.901575142365026,-129.6927503676686,-0.3296650999999997,1.3440374142565852,34.49483267337892,-33.15079525912234,35.6166665,36.246666000000005,35.931666250000006,33.7966675,34.7216665,31.989999500000003,44.0,100.0,-56.0,,36.10880618580941,0.0,0.0,0.0,42.201712453398244,0.03569593202621809,0.0497175237223619,0.029669771368572347,-3.8355628425199537,37.76224327359152,14.090139743667292,17.122056029962852,-85.9098602563327,-1.1460590794117635,36.021704037494196,-4.194900203287225,5.750705140662621,8.152193950174606,-2.401488809511985,-1.134207015769506,-1.1406881968180294,17.238295225285817
79,2020-09-24,35.060001,35.533333,34.753334,35.299999,34.957626,895650,-4897890.8622070905,4611750,-0.17670994044261876,-293169.1581994677,29.655901293144524,-3.1932365693070004,-6.6150817860444615,-3419.989926207216,1093.6566264964895,35.84884802725662,0.8132888807647898,36.1310003,37.74219606445023,34.51980453554976,8.918633589285028,0.24211659491187076,0.0,0.0,35.606444499999995,36.3804459,34.8324431,4.347535458082593,0.302038148768207,0.0,0.0,34.386665,38.106667,36.246666000000005,10.295873264267199,0.24551976047324672,5.662115765538877,-0.12436026022025715,0.12828303273924288,-0.25264329295950005,35.71777816666667,36.25641076923077,35.58701952267846,35.71137978289872,32.33878183113348,22.301442274041747,17.9712233641719,0.8431822799585736,1.151136556559875,-0.30795427660130137,0.04729915209440266,26.001457045433455,-103.10568026112355,0.875667700000001,-6.527664233870764,26.354400094103354,-32.88206432797412,35.6166665,36.246666000000005,35.931666250000006,33.7966675,34.7216665,31.989999500000003,40.0,96.0,-56.0,,35.86770641979609,0.0,0.0,0.0,46.43058166410808,0.28271943918873044,0.14395733678527203,0.07716458007375215,-4.515754514718215,41.248396727266204,31.786569812827064,23.17754589948949,-68.21343018717293,-1.2033921323529455,35.9921509368339,-1.6713174556369133,1.2592314544004068,6.773601451019767,-5.51436999661936,1.2428201845148923,1.2351605726321768,18.695356422326846
80,2020-09-25,35.093334,35.893333,35.093334,35.766666,35.419765,1273950,-4027359.9281059154,5885700,-0.11971849607517492,-166357.78922097213,35.340041348923265,21.97885709800213,-2.7081390616930108,27972.97454894355,1093.6566264964895,35.80234496961199,0.8119598926883107,36.08000025,37.669376197696415,34.49062430230358,8.810287897358968,0.4014285290858554,0.0,0.0,35.5506666,36.3460013,34.7553319,4.474372922166236,0.6357915101654698,0.0,0.0,34.386665,38.106667,36.246666000000005,10.310426757826868,0.37096781130762824,5.6218186724802015,-0.1008176159731633,0.08246290299676165,-0.18328051896992495,35.614444666666664,36.238205538461536,35.61465744226639,35.715475058239555,31.30117124125894,23.92186036208433,16.688286201827466,0.8921851226923396,1.0285229215402754,-0.13633779884793573,0.025855294682788334,26.083463655127588,-55.947356971503424,-0.019999249999997915,-10.644549584384844,18.55907513182035,-29.203624716205194,35.6166665,36.246666000000005,35.931666250000006,34.25,35.003333,31.989999500000003,36.0,92.0,-56.0,34.386665,,1.0,0.0,0.0,50.62070836669845,0.5274798566799647,0.281965075964971,0.1585466454908683,-3.816657857773114,48.73694245373776,48.02788260184249,31.301530719445623,-51.97211739815751,-1.195137244117653,35.98918924034579,-3.3507528967482214,-0.5482246919039024,5.309236222435033,-5.857460914338936,1.3220028703117004,1.3133406718575102,20.2645124411567
81,2020-09-28,36.113335,36.779999,36.113335,36.439999,36.086567,1075800,-4048880.317387465,6961500,-0.10242497003421012,-39110.7277036905,42.380038941058,59.07725640862586,1.954096832458179,37094.35794010479,1114.24549260128,35.81144924012992,0.8320972034194792,36.0680002,37.64263024490457,34.49337015509543,8.731451902922933,0.6181226032120275,0.0,0.0,35.57066656666667,36.381333966666666,34.75999916666667,4.558066959361833,1.036183170393514,1.0,0.0,34.386665,38.106667,36.246666000000005,10.313857101509056,0.5519712086176295,5.4421493894462305,-0.027510431836859084,0.06046823603003751,-0.08797866786689659,35.646111166666664,36.23359007692308,35.7416330665331,35.76914349836996,31.355813551725568,29.56375812188024,15.207373739200216,0.967849459933721,0.9351447349690768,0.03270472496464416,0.01308189830547949,26.17522179175093,37.46830051733962,0.012001800000000173,-13.40813427735247,11.267263526216702,-24.675397803569172,35.583332,36.246666000000005,35.914999,34.6366675,35.261666250000005,31.989999500000003,32.0,88.0,-56.0,34.41679836,,0.0,0.0,0.0,55.97186876576471,0.8400604410638016,0.5500865789774988,0.32533633057591393,-1.4973675349617939,49.06916859394199,71.4617484294371,50.42540028136889,-28.538251570562903,-0.8479802764705866,35.993593818352245,1.0537936479813201,-3.0502912801088438,3.637330721926258,-6.687622002035102,1.8825713305232306,1.8650702620172321,22.528577673167447
82,2020-09-29,36.433334,36.666668,36.32,36.333332,35.980934,981900,-4955257.391706419,5979600,-0.11996231043773546,-48485.81336030637,34.9284197537431,1.6476174311030711,0.13944099428595075,17378.489141765203,1110.9838782428574,35.74636287594127,0.7835542830775315,36.046666900000005,37.59455169588693,34.49878210411308,8.588227034588444,0.5925989778960704,0.0,0.0,35.56155546666666,36.34488936666666,34.778221566666666,4.405509768740293,0.9926229627833898,0.0,0.0,34.386665,38.106667,36.246666000000005,10.31996109465533,0.5232972993025266,5.400023042236594,0.02172843245040923,0.05272027531411185,-0.030991842863702622,35.667222,36.22230796153846,35.83266367168185,35.81093523923144,31.406552840016012,28.627809478238536,14.725928830678159,0.9677226818900851,1.046025124485099,-0.07830244259501395,0.006052136458403138,26.196329827579326,39.85231774068034,0.14666609999999736,-15.919830771760951,4.671076678758563,-20.590907450519516,35.583332,36.246666000000005,35.914999,34.78,35.351666,31.989999500000003,28.000000000000004,84.0,-56.0,34.5113263856,,0.0,0.0,0.0,54.955849591209876,0.9293511007129126,0.7656304661522263,0.5325607070315653,0.06984882678025747,52.409297106613856,67.74943941408797,62.413023481789196,-32.25056058591203,-0.5702348588235324,35.9964622941627,0.7021341074204992,-5.603181337752281,1.78922830999055,-7.392409647742832,-0.2927195470010857,-0.293148808560062,22.16991257565568
83,2020-09-30,36.5,36.593334,35.913334,36.126667,35.776272,2076150,-5728727.074206427,3903450,-0.16423636368877578,-102854.63141597717,34.657874604604075,-7.860703706379659,-0.1458571377608878,-14683.412007111969,1110.9838782428574,35.729603986093075,0.7731988547697783,35.9956669,37.460188426143574,34.53114537385643,8.137210127053214,0.5447245389232852,0.0,0.0,35.580222166666665,36.324222266666666,34.836222066666664,4.182099237688389,0.8672343816441231,0.0,0.0,34.386665,38.106667,36.246666000000005,10.334582799464679,0.4677422216439659,5.235038217652775,0.04357217589542017,0.05089065543037352,-0.007318479534953348,35.6616665,36.19410280769231,35.87789495296157,35.83432277706615,30.656930140903334,26.833297871371865,17.551601025803045,0.9522612378791767,1.0684672863769837,-0.11620604849780702,0.002034659672193855,26.1888133901407,20.335114165005155,0.5243330999999998,-19.606491682772027,-1.2205125131069556,-18.38597916966507,35.583332,36.246666000000005,35.914999,34.8433335,35.38666675,31.9933335,24.0,80.0,-56.0,34.602073290176,,0.0,0.0,0.0,52.950350492703954,0.7898987090857874,0.8531034169541671,0.7229401540279641,0.7966671366368681,49.58873795172651,70.73170235971243,69.98096340107917,-29.268297640287567,-0.351548600000001,35.998719817069585,-0.18419414426409692,-1.583726377218857,1.1146373725486687,-2.698363749767526,-0.5688027731670764,-0.5704266167132488,21.47500672494955
84,2020-10-01,36.419998,36.5,35.68,35.873333,35.525398,1363350,-6449197.694816174,2540100,-0.22309552868377,-137501.5281994081,34.7241366784493,-9.823880881651755,0.5784763215997583,-21369.53017517885,1103.193234566518,35.721286075959206,0.7778789692928005,35.890000150000006,37.034699889186335,34.74530041081368,6.37893415660144,0.49271985944023594,0.0,0.0,35.62288893333333,36.372888833333334,34.87288903333333,4.210775276556566,0.6669627333728108,0.0,0.0,34.386665,37.793331,36.089998,9.491964295798423,0.4363996940116821,5.0823279138527235,0.03998069083500866,0.04870866251130055,-0.008727971676291892,35.60777758333333,36.170513,35.8771931140444,35.837212423209394,29.532477187146377,24.81338003727677,18.372398720523304,0.9465272322959658,1.0024588168914368,-0.055931584595470984,-0.0011732548413295742,26.043816282160385,8.504020904472679,-0.1566661500000066,-21.27388136736626,-6.3829275448061,-14.89095382256016,35.583332,36.246666000000005,35.914999,34.8433335,35.38666675,31.9933335,20.0,76.0,-56.0,34.68919031856896,,0.0,0.0,0.0,50.51671849004022,0.6206760934463188,0.7799753010816728,0.7995697280626888,0.7214354822855742,44.85159748122653,60.43358483709172,66.30490887029738,-39.56641516290828,-0.15035253529411108,35.99781888825136,-1.7707201533406374,-2.2588958460077277,0.4399307288373894,-2.6988265748451172,-0.7012382293666741,-0.7037084595442167,20.623177538668468
85,2020-10-02,35.606667,36.700001,35.546665,36.313332,35.961132,1012800,-6115503.112838323,3552900,-0.18517369864216124,-54196.88314234976,32.70673056430347,3.795828286729748,0.6371855032998734,2862.015505916668,1116.7242861701154,35.70268831463395,0.8154246723635208,35.8880001,37.029590217844536,34.74640998215546,6.361960068343494,0.6862892352305408,0.0,0.0,35.70688883333333,36.43622273333333,34.97755493333334,4.0851159192516615,0.9157513908695806,0.0,0.0,34.386665,37.259998,35.8233315,8.006389300026786,0.6705338364888442,4.925542695963753,0.07181086418272287,0.05332910284558502,0.018481761337137845,35.65611075,36.13358980769231,35.94429140419142,35.872480540008695,28.754418857547297,24.04858212752526,16.49196225944517,0.926291315357555,0.9901338759444751,-0.06384256058692006,-0.001308632318680425,25.953634068484728,36.36916150280042,-0.14133410000000168,-19.54131881992019,-10.485141306279646,-9.056177513640543,35.7633325,36.246666000000005,36.00499925,34.943334,35.67999974999999,32.223333,16.0,72.0,-56.0,34.772822665826205,,0.0,0.0,0.0,54.43387611370198,0.8930556718799443,0.7678768248040168,0.8003185142799523,1.8045939333643461,50.971833746155696,78.31970123613677,69.82832947764697,-21.68029876386323,-0.012784002941181427,36.027378422558655,1.6231287010610411,-4.703595860283297,-0.588774588986748,-4.114821271296549,1.2265350420603616,1.2190740468748018,22.102663080026907
86,2020-10-05,36.380001,37.193333,36.360001,37.119999,36.759972,2379750,-4154593.5905831,5932650,-0.1355181595597681,227783.49919941358,35.07995298051216,22.878206907784623,1.547585621127556,65286.28660862851,1116.7242861701154,35.76876961717322,0.8218823051271688,35.9243334,37.16949987576158,34.67916692423842,6.93216189649091,0.980122788106986,0.0,0.0,35.91977773333333,36.67044453333334,35.16911093333333,4.179685105920856,1.2994367585369826,1.0,0.0,34.386665,37.259998,35.8233315,7.998291765102042,0.9512764444636236,4.816239011512377,0.1602801810314034,0.07471931848274871,0.08556086254865469,35.77055516666667,36.14641026923077,36.12516949585427,35.96488931482287,28.63738295394591,26.53197246939147,15.21256001882848,0.9778029247836555,0.9743882725216415,0.003414652262013984,0.005005106631665281,25.959532965675624,125.5304369594931,-0.9776664000000039,-15.58867560362093,-13.462945436310205,-2.1257301673107243,35.9699995,36.246666000000005,36.10833275,35.213333500000005,35.9383325,32.379999,12.0,68.0,-56.0,34.85310971919316,,0.0,0.0,50.0,60.59292977192605,1.0,0.8379105884420875,0.795254238109259,4.735362491519561,54.27546432922759,97.38715088496386,78.71347898606412,-2.6128491150361435,0.051647364705885934,36.19086826728289,3.841849195110958,0.7828990962074251,-0.31443985194791335,1.0973389481553384,2.221407278186427,2.197093440838538,24.815060524546073
87,2020-10-06,37.106667,37.98,36.673332,37.333332,36.971237,1684350,-4137408.081945866,7617000,-0.10540618215031523,246575.4905352113,42.27144206714925,42.66726590862925,6.616910222948538,62544.097251945015,1123.1422319826013,35.86915171495436,0.8703608746144514,35.9959999,37.38410371853329,34.60789608146671,7.71254485159218,0.9817118439358025,0.0,0.0,36.137555500000005,36.962889000000004,35.312222,4.567732867266037,1.224420188929683,1.0,0.0,34.386665,37.98,36.1833325,9.982595316097875,0.8200368181647414,4.547830634240936,0.2447852106874251,0.108732496923684,0.1360527137637411,35.96944391666667,36.171538423076925,36.31104065033823,36.0662554396508,29.318753334692275,30.24805411991272,13.533687597186765,1.054129119608595,0.897321639703098,0.15680747990549693,0.01651634166286932,26.143053945847655,159.97703622405373,-1.1026669000000027,-11.658187111446761,-14.907637050277243,3.249449938830482,36.366667,36.246666000000005,36.306666500000006,35.213333500000005,35.9383325,32.379999,8.0,64.0,-56.0,34.993523116041565,,0.0,0.0,75.0,62.05372546224439,1.0,0.9643518906266481,0.8567131012909175,7.587189901450646,52.2496551083453,82.00368181647413,85.90351131252491,-17.996318183525858,0.19292161764706606,36.352065576419584,6.829449572401285,1.3331097663862548,0.015070071718920275,1.3180396946673345,0.5747117611721864,0.5730665934354118,25.53238735709482
88,2020-10-07,37.619999,38.233334,37.546665,38.073334,37.704063,1596300,-3285012.350232315,9213300,-0.12676174220740155,380102.5908301821,49.302671682912035,24.23251588745852,10.719342999348255,41321.19062398368,1145.404576472817,36.03375695050013,0.8733249871530063,36.0493332,37.65377323889338,34.44489316110662,8.901357647821234,1.1307499036847786,1.0,0.0,36.425110933333336,37.232444433333335,35.61777743333333,4.43284030886064,1.5207820353464,1.0,0.0,34.386665,38.233334,36.3099995,10.670569074492613,0.9584055711578,4.2660311871082826,0.36723477852975606,0.16043295324489842,0.20680182528485763,36.234444,36.22205134615385,36.58216270413235,36.214927925602595,30.172246995033536,30.08916132699221,12.509633544520074,1.1494756001960844,0.7926089681405355,0.3568666320555489,0.034997424175712596,26.205009204778904,209.4769069317988,-0.7826671999999988,-4.316463992226306,-14.661948134538973,10.345484142312667,36.663334,36.3099995,36.48666675,35.3933335,35.99666575,32.379999,100.0,60.0,40.0,35.23244126675824,,0.0,0.0,87.5,66.66923963111985,1.0,0.9999999999999999,0.9340874930229118,11.61825584941832,54.00730610221972,95.84055711577999,91.74379660573932,-4.159442884220001,0.47447043823529356,36.79875526084827,9.113491680488089,1.3010476836862397,0.27226559411238416,1.0287820895738555,1.9821482850767458,1.9627595165976786,28.020625420309365
89,2020-10-08,38.153332,38.213333,37.700001,38.013332,37.644642,733500,-3123075.1341616265,8479800,-0.06732304568373239,319514.86828301277,62.17390979942393,4.665652503067554,10.977600183786967,30485.067405899692,1143.5994662243286,36.26309588416538,0.8373256884377056,36.14699975,37.96565538407081,34.32834411592919,10.062553720358537,1.0131076535425438,1.0,0.0,36.703110933333335,37.48377773333333,35.92244413333333,4.25395439322834,1.3391679181609,1.0,0.0,34.386665,38.233334,36.3099995,10.641737977160881,0.942807140411613,3.6913622353820816,0.4541995535796701,0.21918627331185278,0.23501328026781734,36.46333283333333,36.255384615384614,36.8023425958043,36.34814304222463,30.96477682249328,28.7527925765131,11.954035361933144,1.1981013185841196,0.808422340511945,0.38967897807217466,0.05694500951286957,26.06615186231928,182.35131142772153,-1.2803307499999974,3.2269472724023593,-13.12067070600706,16.347617978409417,36.8899995,36.3099995,36.5999995,35.3933335,35.99833275,32.379999,96.0,56.00000000000001,39.99999999999999,35.53253054008241,,0.0,0.0,93.75,65.96858239414092,0.9720615673937453,0.9906871891312483,0.9850130265859655,14.628959533791082,57.73834920064722,94.2807140411613,90.70831765780514,-5.719285958838699,0.8011371764705899,37.07442005724937,7.788278030024152,-3.264855407964716,-0.43515860630303593,-2.8296968016616804,-0.15759586486437938,-0.15772017777262448,27.818870208473445
90,2020-10-09,38.233334,38.353333,37.793331,38.313332,37.94173,898650,-2352806.4565497506,9378450,-0.0286346756914647,312383.45852829725,69.43920932571083,7.270086611027686,13.770641680097498,5936.15138110121,1143.5994662243286,36.49059853225657,0.8095933195939349,36.258666250000005,38.30691721856452,34.21041528143549,11.297993999238825,1.0015659168563646,1.0,0.0,36.9599997,37.7166668,36.203332599999996,4.094518972628679,1.3942719327958113,1.0,0.0,34.386665,38.353333,36.369999,10.939917019148487,0.9899157176753899,2.981541625137871,0.5410899094896635,0.28356700054741496,0.25752290894224855,36.75055475,36.26794861538462,37.0348025041421,36.493712594652436,31.830958210248287,28.566683482790374,11.361223019471725,1.2504465559512032,0.6857487605109481,0.5646977954402551,0.08176534409284009,25.676488029444947,164.90956920242232,-0.9586672500000049,10.672456120980181,-10.445049550636764,21.117505671616946,36.949999,36.369999,36.659999,35.536667,36.31500075,32.5966665,100.0,52.0,48.0,35.80261088607417,,0.0,0.0,96.875,67.7911972401593,1.0,0.9906871891312483,0.9937914594208322,17.714082370156,61.54458950258552,98.89091507477688,96.33739541057274,-1.1090849252231105,1.1471173735294187,37.345843769353515,9.885266068863649,-6.153403613649817,-1.5788076077723923,-4.574596005877424,0.7891968007434969,0.7860989309770527,28.827612642905187
91,2020-10-12,38.453335,38.986668,38.34,38.946667,38.56892,1252800,-1254995.5786340497,10631250,0.023931277270914906,381106.11988139676,69.83106292628105,30.454614729885076,14.546053504711907,27801.411871850833,1143.5994662243286,36.72609249858709,0.7959675876345413,36.39633295,38.75509098522933,34.03757491477067,12.961514768368051,1.0406095097312602,1.0,0.0,37.191333099999994,37.946000600000005,36.4366656,4.058297657526041,1.6629849569512323,1.0,0.0,34.386665,38.986668,36.6866665,12.638644135713681,0.9913041361059974,2.2863377448799653,0.6535225825303712,0.35755811694400624,0.29596446558636497,37.054443750000004,36.36769223076923,37.32893550350485,36.67541292097448,33.16937594161037,32.51846470448489,10.675694127385583,1.256197698733193,0.6629280341652545,0.5932696645679386,0.11068319615320453,25.368108262771216,175.19468683841507,-0.6296669500000007,18.94112357553238,-6.571610178715285,25.512733754247666,37.2666665,36.6866665,36.9766665,36.3533345,36.510000500000004,32.5966665,100.0,48.0,52.0,36.10869753974527,,0.0,0.0,98.4375,71.28731166126269,1.0,0.9906871891312483,0.9906871891312483,21.544666982957928,67.02342966612883,99.0565806336883,97.4094032498755,-0.9434193663117066,1.468666435294125,37.693396958575484,10.330504541940634,-6.397234921126836,-2.542493070443281,-3.8547418506835553,1.6530407744228537,1.6395267799423685,30.95718560860794
92,2020-10-13,38.866669,39.299999,38.746666,39.16,38.780182,925200,-797966.0105439571,11556450,0.04301389398717227,354858.9158411971,76.14065852399543,21.530377215791027,15.665746987911865,25777.140334911455,1149.8636095701002,36.9621847431068,0.7717041288710874,36.52833295000001,39.17758867068061,33.8790772293194,14.505210102562902,0.9966804505613942,0.0,0.0,37.45422193333333,38.22955593333334,36.678887933333336,4.140168771253918,1.6000279019536472,1.0,0.0,34.386665,39.299999,36.843332000000004,13.450747962479898,0.9715063132284507,1.6848631642002714,0.751181325425172,0.4362827586402394,0.3148985667849326,37.33722158333333,36.4741025,37.610637733734876,36.859456408309704,34.64319610899383,33.74055075894613,10.134512598366546,1.306617326087803,0.6466306175158877,0.6599867085719152,0.14198744767082097,25.14630864618535,161.5042594221488,-0.08833395000000621,26.909829485717303,-1.403130048883136,28.312959534600438,37.423332,36.843332000000004,37.133332,36.803332999999995,36.596667499999995,32.5966665,100.0,44.0,56.0,36.511613404180935,,0.0,0.0,99.21875,72.37504362739182,1.0,0.9999999999999999,0.9937914594208322,25.03416350497847,69.09563823641729,96.92084197978072,98.28944589608197,-3.0791580202192854,1.738293897058817,38.06698612475452,9.487420493707733,-8.501542888462597,-3.734303034047144,-4.767239854415452,0.5477567566949837,0.5462620252166595,31.674512441156686
93,2020-10-14,39.113335,39.446667,38.873333,39.193333,38.813198,801750,-704740.3070273256,12358200,0.0863479244501446,307982.6039710268,76.13648031716691,9.773136818833834,16.59191651563621,5750.295276731769,1150.842373709472,37.147898180688124,0.7518671159839783,36.7013329,39.563653694383234,33.83901210561676,15.597911946043993,0.9353111127323821,0.0,0.0,37.750221866666664,38.514889266666664,36.98555446666667,4.051194203312463,1.4436201499719625,1.0,0.0,34.386665,39.446667,36.916666,13.786970663400613,0.9499340118837907,1.148729348862669,0.8217931573179555,0.5133848383757826,0.3084083189421729,37.56666608333333,36.60076907692308,37.85412931316028,37.03233615584232,36.11709893938171,33.3037427609919,9.591938523428052,1.3236376746161649,0.6188120420177807,0.7048256325983842,0.17337814617860253,24.94546400999783,139.49505792000255,-0.3680008999999984,36.76243085028591,5.04534908641155,31.71708176387436,37.496666,36.916666,37.206666,36.916666,36.7700005,32.5966665,100.0,40.0,60.0,36.957755099511985,,0.0,0.0,99.609375,72.55002468535471,1.0,0.9999999999999999,0.996895729710416,27.91693681668541,66.45344810515626,94.18068868152297,96.71937043166399,-5.819311318477022,1.9251371441176488,38.42590298886319,7.5558015245829235,-10.966220881110369,-5.1806866034597885,-5.78553427765058,0.08512002042901923,0.08508381388416808,31.786593813046427
94,2020-10-15,38.966667,39.953335,38.720001,39.646667,39.262135,2472750,538313.1192951383,14830950,0.09427518776531096,424125.3246180223,77.85929072764188,8.811673283267758,15.651403386012328,29283.784804624207,1150.842373709472,37.545693007255245,0.8000138043855805,36.89633295,39.99367068846059,33.79899521153941,16.789406918340312,0.9439835565634741,0.0,0.0,38.0924442,38.898444999999995,37.2864434,4.231814560221872,1.4641571075363753,1.0,0.0,34.386665,39.953335,37.17,15.087325907275567,0.9449099731078002,0.7194523046869812,0.9039140494582512,0.5914906805922764,0.31242336886597477,37.84277733333334,36.7023075,38.12990434190485,37.225990292446596,37.824874052579105,34.16191244649518,8.533553300906481,1.2671021450690267,0.6204641000246371,0.6466380450443896,0.20551021921299154,24.828212521007845,132.23640762204715,-0.7696659500000038,47.229853105760405,12.464368189264949,34.76548491649545,38.156667999999996,37.17,37.663334,37.17,36.775000750000004,32.8033335,100.0,36.0,64.0,37.405759241599824,,0.0,0.0,99.8046875,74.88042385870916,1.0,0.9999999999999999,0.9999999999999999,31.141888812868125,70.14635691721963,93.0408222081526,94.7141176231521,-6.959177791847394,2.1391765058823538,38.938675403796154,9.119270976853986,-2.5947884948513806,-4.663506981738107,2.068718486886726,1.1566610066053862,1.150022821678709,33.31091795561534
95,2020-10-16,39.813332,40.48,39.700001,39.846668,39.460197,1500000,-397582.31134002376,16330950,0.21055842053040724,406393.3496725907,78.47867642424009,39.17323977783293,14.229687912384263,36168.21323516041,1156.6478964179578,37.793645460347825,0.803345723947022,37.141332999999996,40.35599579510401,33.926670204895984,17.310433069830918,0.9207805254287135,0.0,0.0,38.47466656666667,39.243333666666665,37.70599946666667,3.9957050630606323,1.3924548958406946,1.0,0.0,34.386665,40.48,37.4333325,16.405805898242793,0.896061516394553,0.5917166140082271,0.9739072606854648,0.6679739966109142,0.3059332640745507,38.152777416666666,36.84794853846154,38.39402182776564,37.42011456708018,39.713965536579906,36.32007967945501,7.899319180142567,1.294436974178718,0.6336154339851556,0.6608215401935624,0.23733892952396757,24.799774350829416,138.57608044179383,-1.2679999999999936,57.42038231073361,20.57648573530434,36.84389657542927,38.576666,37.4333325,38.00499925,37.4333325,36.853333750000004,32.836667500000004,100.0,32.0,68.0,37.91527439327986,,0.0,0.0,99.90234375,75.85434955950817,1.0,0.9999999999999999,0.9999999999999999,34.135003900584984,63.527591034986905,87.16219352628606,91.46123480532054,-12.837806473713945,2.445353338235293,39.31863696151021,10.297105459521088,-1.8715895557217883,-4.105123496534843,2.233533940813055,0.5044585462883999,0.5031904171662216,33.98341627437795
96,2020-10-19,39.799999,40.240002,39.153332,39.48,39.09708,1716000,-1081875.7435687638,14614950,0.14597953603046204,258451.11571936245,75.22054368937953,-24.908141867424238,12.332847962489454,-8223.709063810891,1156.6478964179578,38.012658797970445,0.8316781515523196,37.37066635,40.56548302892148,34.175849671078524,17.097991504887773,0.8301181041023106,0.0,0.0,38.74799993333333,39.54200083333333,37.95399903333334,4.098280692505886,0.960956698327838,0.0,0.0,34.746666,40.48,37.613333,15.341802970018486,0.8255814156300679,0.6260590899840275,0.9883967195023828,0.732058541189208,0.25633817831317485,38.453333,36.9787176923077,38.56109539272477,37.57269867322239,40.222735493988765,32.88754500329863,11.907162229783909,1.2118973056208466,0.6674221048399295,0.5444752007809172,0.265057791824306,24.905693481704255,107.94748692880928,-1.0573343499999979,64.21470969959171,29.006807603197508,35.2079020963942,39.0133325,37.4333325,38.2233325,37.4333325,36.853333750000004,32.94,96.0,28.000000000000004,68.0,38.42821951462388,,0.0,0.0,99.951171875,70.4606622398044,0.7871274033110698,0.9290424677703565,0.9763474892567854,35.195155675015755,58.888190470412205,79.7297365777917,86.64425077074345,-20.270263422208306,2.566725761764708,39.360075680573836,10.053894350993241,-0.09725017999039909,-3.303548833225955,3.2062986532355557,-0.9201973926653118,-0.9244573624319852,32.750504371217204
97,2020-10-20,39.626667,40.32,39.599998,39.833332,39.446991,1170750,-1493806.2389007246,15785700,0.10467901307394196,280624.30475945387,84.33481057143517,16.1947099435406,14.051091794626615,-5312.78991771121,1166.9994849320701,38.31872370081428,0.8325103363970878,37.59899965,40.81239196257829,34.38560733742172,17.092967060246163,0.8476594409674281,0.0,0.0,39.0068888,39.742223100000004,38.2715545,3.7702791615618505,1.0619506665199723,1.0,0.0,34.746666,40.48,37.613333,15.248634414133939,0.8872090828826651,0.5560329247122975,1.0166711078119093,0.7889810545137483,0.22769005329816094,38.74666633333333,37.118717653846154,38.756824101536345,37.740152993724436,40.75763695701933,31.183462196586497,11.038697352967935,1.2705414859339332,0.6489662128131035,0.6215752731208297,0.2901279562862914,24.996735196965098,108.99417025628264,-0.47900065000000325,71.56796336446118,37.438410642829446,34.12955272163173,39.0900005,37.4333325,38.261666500000004,37.4333325,36.908334,33.19,92.0,24.0,68.0,38.838575611699106,,0.0,0.0,99.9755859375,72.49059268189717,0.8672426452027573,0.8847900161712756,0.9379441613138773,36.69804745754862,56.00994698161424,86.89186929328743,84.59459979912172,-13.108130706712565,2.6667061352941204,39.484833198489994,9.693409571999606,-1.7172885615347289,-2.98629677888771,1.2690082173529813,0.8949645390071037,0.8909834665370653,33.93857431069267
98,2020-10-21,39.933334,40.066666,39.413334,39.473331,39.090477,981600,-2295121.0081145307,14804100,0.1105721144219167,190052.6924223895,85.49955334720588,-14.642663678484178,13.7068930234243,1606.4083840611784,1156.452514330288,38.55112038672868,0.8145925027573788,37.82933275,40.88272009071645,34.77594540928355,16.142961658325564,0.7692089254575633,0.0,0.0,39.17688873333333,39.908889333333335,38.444888133333336,3.736900114669814,0.7024877210938534,0.0,0.0,34.753334,40.48,37.616667,15.138162858555823,0.8242137746465402,0.38459739044987723,0.9985193823243677,0.8308887200758722,0.16763066224849543,38.94277733333333,37.23230730769231,38.86705593206921,37.868536549744846,40.83547699867335,29.388089291828006,12.04811581514886,1.278344250129656,0.6575966370105204,0.6207476131191356,0.30976474746110827,24.968846707979843,88.67689878643415,-0.4960007500000003,76.59684041936686,45.59062099249217,31.006219426874686,39.1366655,37.4333325,38.284999,37.4333325,36.913334000000006,33.2566675,88.0,20.0,68.0,39.153332,,0.0,0.0,99.98779296875,67.4078698901644,0.6056819336550446,0.7533506607229571,0.8557277148881964,36.51254501958517,50.252596590009865,79.59455419102909,82.07205335403607,-20.405445808970914,2.719176723529408,39.48343992579726,6.339795429412597,-4.107783200698002,-3.2105940632497685,-0.8971891374482333,-0.9037682310884643,-0.907876990676959,32.72808002689982
99,2020-10-22,39.580002,39.806667,39.200001,39.633331,39.248928,1317900,-1730319.1359146708,16122000,0.1163895876867719,193025.73636204752,78.87426358789995,-10.894393774641403,12.657591447612075,-3529.453156722987,1156.452514330288,38.741882168282615,0.7937998524816406,38.04599935,40.96263657181008,35.129362128189925,15.332162496134183,0.7721167442646314,0.0,0.0,39.33399983333333,40.07533383333333,38.59266583333334,3.769431042564638,0.7018868463247763,0.0,0.0,35.093334,40.48,37.786666999999994,14.158298091859683,0.8428213295570954,0.38146455184809375,0.9856823394800074,0.8618474439566993,0.12383489552330806,39.13444391666667,37.38230719230769,38.98494440405857,37.99926206457856,40.43576496669224,27.788195721680975,13.306593840075811,1.284779837734386,0.6819264335354766,0.6028534041989094,0.3251070813099209,24.920088195913173,77.44459550027584,0.027334650000000238,82.052403173898,53.52172622059415,28.530676953303853,39.41,37.4333325,38.42166625,37.4333325,36.791664999999995,33.2566675,84.0,16.0,68.0,,40.48,0.0,1.0,99.993896484375,68.46613136588932,0.5158891966505977,0.6629379251694664,0.7670262006878996,36.65512331718228,50.326602211215494,79.44977656547978,81.9787333499321,-20.550223434520216,2.677411835294123,39.50530325476241,6.160711827168279,-4.018567888860756,-3.372188828371966,-0.6463790604887896,0.40533696028843824,0.4045176831739994,33.26607599193005
100,2020-10-23,39.66,40.353333,39.48,40.133331,39.744076,1137900,-1165717.6962576336,17259900,0.10567676415286571,246729.20259604073,77.61691025234042,31.72307867321384,13.28936800228559,19697.277267155216,1171.041907716505,39.062031519892024,0.8017531672334769,38.2643326,41.118875230748344,35.40978996925166,14.920122405314556,0.8273726550564814,0.0,0.0,39.51755543333333,40.290222533333335,38.744888333333336,3.9105004928935947,0.8984740431336234,0.0,0.0,35.546665,40.48,38.0133325,12.892776810120033,0.929729280496865,0.38146455184809375,1.0042780199924835,0.8903335591638561,0.1139444608286273,39.306110333333336,37.551025076923075,39.16161926497263,38.157341244980145,40.59152941769899,30.497229838628154,12.270944720883916,1.241522663948049,0.6811424441237027,0.5603802198243463,0.33887742640888635,24.79694137491873,91.2386990189453,-0.2510006000000047,86.97394922822184,61.080929070892985,25.893020157328856,39.6000005,37.4333325,38.5166665,37.4333325,36.40833175,33.4600005,100.0,12.0,88.0,,40.454400019999994,0.0,0.0,99.9969482421875,71.57250401158109,0.6897353686507534,0.6037688329854651,0.6733524729592961,37.69066037543911,51.927820607777264,90.89311177123933,83.31248084258273,-9.106888228760665,2.536078402941179,39.60544441855419,5.410603127112523,-4.9800248705578785,-3.693756036809149,-1.2862688337487294,1.2615644140534066,1.2536729911452493,34.947313382649625
101,2020-10-26,39.939999,39.939999,39.353333,39.666668,39.28194,1679100,-1051222.0268307275,15580800,0.10828712329293733,99543.0531823214,68.41080921670607,-9.433631905961484,9.567875301243394,-5168.924866122825,1171.041907716505,39.27716747102979,0.7995776505101291,38.425666050000004,41.21349136741228,35.637840732587726,14.510225086455083,0.7225752708121476,0.0,0.0,39.60711093333333,40.373777833333335,38.840444033333334,3.8713598741925606,0.538841553396049,0.0,0.0,35.546665,40.48,38.0133325,12.838645382439633,0.8351354611028856,0.4920274366134222,0.9701758435279899,0.9063020160366829,0.06387382749130699,39.44388833333333,37.73256357692308,39.23931907036146,38.26914322683347,40.45461329724322,28.37323755346162,12.547329485837286,1.1941324933836641,0.7596757679420556,0.4344567254416085,0.34779230530925614,24.71715649165786,67.22234177681291,-0.11233405000000118,88.09393834609344,67.87916338871256,20.214774957380882,39.6000005,37.4333325,38.5166665,37.4333325,36.275000750000004,33.7966675,96.0,8.0,88.0,,40.42931203959999,0.0,0.0,99.99847412109375,65.12431829774451,0.0,0.4018748551004503,0.5561938710851272,36.64569811103293,48.081990659168596,72.27278848137033,80.87189227269648,-27.72721151862967,2.4197056882352967,39.60799406294735,4.349358272513451,-2.4730163717454055,-3.4496081037964004,0.9765917320509949,-1.162781629065368,-1.16959480102099,33.378170813718896
102,2020-10-27,39.773335,39.893333,39.293331,39.526669,39.143299,1466250,-1377036.3532829839,14114550,0.1270366064513226,55997.82647770342,60.144278646000515,-2.182472748030659,7.681090398708454,-24699.229195402688,1166.9088482914378,39.41828619686609,0.7796200854591158,38.5853329,41.238041917640835,35.93262388235916,13.749830924179163,0.6774292042097345,0.0,0.0,39.6573332,40.428667,38.8859994,3.889993288807414,0.4152998351686376,0.0,0.0,35.546665,40.48,38.0133325,12.785518820805612,0.8067572950144276,0.6366350164379786,0.9212334677392491,0.9092883063771963,0.011945161362052814,39.54499975,37.91076880769231,39.28352675184431,38.362293284105064,40.18975709272643,26.825544004449593,12.408395002294672,1.130378935270263,0.8021840066551025,0.3281949286151604,0.35161784643292837,24.681263406322746,57.702507926166454,0.36133410000000055,88.69769261848866,73.64974802962396,15.047944588864695,39.6000005,37.613333,38.60666675,37.4333325,36.03499875,33.7966675,92.0,4.0,88.0,,40.40472581880799,0.0,0.0,49.999237060546875,63.282358156321635,0.0,0.22991178955025096,0.4118518258787221,35.244330503497146,48.34305207773256,65.7075056501819,76.29113530093052,-34.29249434981811,2.261568376470585,39.60646088957897,3.166879351553124,-1.7436536162531773,-3.108417206287756,1.3647635900345787,-0.3529386435987103,-0.3535629413877306,32.907427706792205
103,2020-10-28,38.880001,41.619999,38.119999,40.906666,40.509914,3656100,788768.3431170187,17770650,0.21909904316845663,768770.5700808902,65.8612424973498,26.48544897568445,9.239647289609662,122470.67891239942,1166.9088482914378,39.607692865718,1.051658076913204,38.824332850000005,41.40833964150415,36.24032605849586,13.311274666264584,0.9029271820891529,0.0,0.0,39.761777566666666,40.825777966666664,38.69777716666667,5.35187541963404,1.0380112795696965,1.0,0.0,35.546665,41.619999,38.583332,15.64311233232177,0.8825467198082637,0.6352401998764742,0.9824751451954796,0.923925674140853,0.0585494710546266,39.708332999999996,38.12769188461538,39.5332404823298,38.55076533713432,41.30434720339971,32.569872805255116,9.241581946503725,1.0019949616482724,0.7157110075184747,0.2862839541297977,0.35842036920190484,25.164448337242234,90.19990641347297,0.3356671499999919,91.05807817889372,78.51955081552768,12.538527363366043,39.869999,38.1833325,39.02666575,38.003332,36.03499875,33.7966675,100.0,4.0,96.0,39.200001,,1.0,0.0,50.09161300325489,71.76096926940566,0.6744047813248597,0.2248015937749531,0.28552941280855143,36.723932882462584,61.2624443197051,81.35890022337975,73.11306478497733,-18.641099776620262,2.1928623088235355,39.72352676905659,5.0325204978387585,10.043920364036765,-0.4779496922228521,10.521870056259617,3.491306085013135,3.4317424010586794,37.547632817753886
104,2020-10-29,41.146667,41.146667,39.466667,39.466667,39.083878,3349950,-2561181.6568829813,14420700,0.12252125640281826,-30185.889937808388,55.114186347737736,21.89890117762956,10.284562615795508,9720.493583159143,1125.8312504585854,39.723387675704984,1.1144922692218837,39.003999549999996,41.21506472662759,36.792934373372404,11.33763307423478,0.6046254662437596,0.0,0.0,39.82044416666666,40.929111166666665,38.71177716666667,5.56833065628159,0.3404493113501763,0.0,0.0,35.546665,41.619999,38.583332,15.571054430493664,0.645444824868845,1.1351926638532102,0.9043885033712158,0.9200182399869256,-0.015629736615709766,39.73388858333333,38.30461488461538,39.52299840812522,38.618609904754,42.33932373473918,28.773835330138937,8.164470236303098,1.0883573596722118,0.7800277234155448,0.308329636256667,0.3585784066849731,25.586674528413457,75.4953942639486,0.18933345000000656,90.24042073962556,82.16622175207121,8.074198987554354,39.869999,38.1866665,39.028332750000004,38.003332,35.931666250000006,33.7966675,96.0,4.0,92.0,38.119999,,0.0,0.0,25.045806501627446,56.97626498330143,0.0,0.2248015937749531,0.22650499236671903,32.40046216053959,52.52733736642737,38.4762285714286,61.847544814996745,-61.5237714285714,2.2319602911764775,39.72168348968643,0.783112870275803,16.1277800745259,2.8431962611268986,13.284583813399003,-3.520206217734778,-3.5836590425832426,32.7056724949563
105,2020-10-30,39.259998,39.426666,38.206669,38.566666,38.192612,2415750,-3551251.5072596623,12004950,0.07738485396184738,-336470.3936252654,47.59462751985519,-75.24764234715938,2.7344013960066187,-173014.10251669103,1100.157705458092,39.67532100138465,1.1290428422996956,39.116666249999994,40.96824606950715,37.265086430492836,9.466961257247522,0.3514781150114306,0.0,0.0,39.69288856666667,40.845555366666666,38.54022176666667,5.807926012056408,0.011470892253220647,0.0,0.0,36.360001,41.619999,38.989999999999995,13.446948588058685,0.41951822034913316,1.904197478588974,0.7611081372311617,0.8882362194357728,-0.12712808220461114,39.68166633333333,38.43025592307692,39.37587034533672,38.61476220810556,41.04034424603577,26.298205011721354,16.0657742919641,0.9694829272331473,0.9438304056574615,0.02565252157568587,0.3488890882916551,25.881578515708892,-29.913265044430577,0.5300007500000063,86.10775259784667,84.59878207409955,1.5089705237471236,39.869999,38.3566665,39.11333275,38.003332,35.931666250000006,33.7966675,92.0,16.0,76.0,38.119999,,0.0,0.0,12.522903250813723,50.03745431022433,0.0,0.2248015937749531,0.2248015937749531,26.165017777562806,51.08153133840239,12.761914285714226,44.199014360174196,-87.23808571428579,1.9370585205882378,39.679298254038564,-1.5989122435696008,16.44756416292071,5.5640698414856615,10.883494321435048,-2.280407919928995,-2.306811398230524,29.67944182918627
106,2020-11-02,38.786667,39.293331,38.586666,38.766666,38.390671,2150100,-4606014.961654605,14155050,-0.01371822063809208,-226971.76596451236,50.02530591935671,4.053471983396253,1.4860510222641352,-43938.91091773219,1105.8629313412841,39.631000531887324,1.0888050580697264,39.1989996,40.820232686102294,37.57776651389771,8.271808478001534,0.36666519339319686,0.0,0.0,39.6186662,40.7333325,38.5039999,5.626975397773503,0.11782275107805958,0.0,0.0,36.673332,41.619999,39.1466655,12.619370520874206,0.4231806992465835,2.3623735093034464,0.6561322590618204,0.8418154273609824,-0.18568316829916198,39.60833291666666,38.54564053846154,39.2821465999003,38.62601434083848,39.83414900652547,24.964207868738676,15.250825249026292,0.9667689294675265,0.9724531889432864,-0.005684259475759901,0.33344858694095875,26.04458364761614,-30.287880720972442,0.6476684000000006,82.22998134795203,85.78345073893188,-3.553469390979842,39.869999,38.583332,39.226665499999996,38.003332,35.931666250000006,34.25,88.0,12.0,76.0,38.189999,,0.0,0.0,6.2614516254068615,51.45237069539826,0.05480583050408362,0.018268610168027725,0.15595726590597794,21.983969093528685,48.817974819935806,18.476200000000023,23.238114285714286,-81.52379999999997,1.7250387852941245,39.662089277771614,-2.219609027916521,15.430164772935996,7.537288827775729,7.892875945160267,0.5185825500187313,0.5172425414167847,30.35193678547412
107,2020-11-03,39.113335,39.700001,39.006668,39.613335,39.229122,1962150,-3134398.9241228607,16117200,0.030225230388374276,42780.14036613185,52.174723404147834,14.605381285222808,1.831211341291919,54003.65321669895,1130.0151208077652,39.63077616289484,1.0732580522627537,39.312999749999996,40.6966919949278,37.929307505072195,7.039362316419524,0.608526751920791,0.0,0.0,39.57088866666667,40.68288806666667,38.45888926666667,5.620290256138306,0.5190855918327522,0.0,0.0,37.546665,41.619999,39.583332,10.36129022436148,0.5073657107421097,2.508947338643515,0.6339494569740225,0.8002422332835903,-0.16629277630956785,39.5888885,38.66769192307692,39.333098661454095,38.69914920448007,39.096864016709084,26.184192378386435,14.25091819411644,0.9709527967087909,0.9410507663840563,0.029902030324734596,0.3186044587414697,26.187266510166314,17.932661599326746,0.16700025000000096,79.30317277947633,86.08415433449959,-6.78098155502326,39.869999,38.583332,39.226665499999996,38.003332,35.914999,34.6366675,84.0,8.0,76.0,38.206669,,0.0,0.0,3.1307258127034308,57.00357160074869,0.2698278481304837,0.1082112262115223,0.11709381005150099,20.507224064292977,50.58027177936684,42.666742857142836,24.63495238095236,-57.333257142857164,1.5834118000000004,39.66173506630984,-0.5855771930541389,13.728893279326801,8.775609718085944,4.953283561240857,2.1840129352366677,2.160505034006821,33.19883994620041
108,2020-11-04,39.786667,41.240002,39.573334,40.886665,40.490101,1592400,-2217182.990535603,17709600,0.03218234027403703,326333.0763138276,50.65494760677811,110.24599584137121,9.076520095442167,94039.67359257082,1166.338297176989,39.70596223019855,1.1325990470364777,39.4536663,40.87612408319942,38.03120851680058,7.210776166570961,1.003705177378576,1.0,0.0,39.66244433333333,40.87577733333334,38.449111333333335,6.11829664255103,1.0044866770567773,1.0,0.0,37.700001,41.619999,39.66,9.935700196257805,0.812924904553523,2.5089813687045206,0.7109214558286112,0.7823780777925946,-0.07145662196398339,39.706110583333334,38.84282011538462,39.57210886738423,38.86118741155562,39.53841521983261,33.59820008708528,12.655280485334838,1.0166251870324192,0.8782210723192021,0.13840411471321712,0.3107450077025356,26.387807088369673,147.18023591540768,0.3796656999999968,79.692921480858,85.82198970193957,-6.1290682210815675,39.869999,38.583332,39.226665499999996,38.003332,35.914999,34.78,80.0,4.0,76.0,38.2749356,,0.0,0.0,4.02683872808179,63.72208559161007,0.5300649496869827,0.2848995427738499,0.1371264597177999,21.803021456519996,54.04042531372329,79.04760000000002,46.730180952380955,-20.95239999999998,1.5468239529411676,39.701860870437194,3.56298125633233,10.781586018232064,9.176804978115168,1.6047810401168956,3.2143973740155873,3.163816676696962,37.48037995965032
109,2020-11-05,41.353333,42.560001,41.333332,42.193333,41.7841,1665600,-1547323.8477676592,19375200,0.04619251148088449,590626.3826689955,51.1261553228184,113.41669188259492,14.379623817210879,104415.79579547176,1166.338297176989,39.83598788054589,1.18667274233283,39.66266635,41.375822562273434,37.94951013772657,8.638633606504532,1.2385977507099883,1.0,0.0,39.91066656666666,41.18599986666667,38.63533326666666,6.390939614449636,1.3949293621257008,1.0,0.0,37.793331,42.560001,40.176666,12.018027123887492,0.9230766971491634,2.5089813687045206,0.8673611078562331,0.7993746838053224,0.06798642405091071,39.90277733333333,39.07615342307692,39.975374118555884,39.10801301069965,40.617339271299876,38.48860700535939,11.288646943713557,1.038704554732603,0.8250390713793118,0.21366548335329127,0.31394687510067626,26.521451669800747,293.90057299419055,-0.18933535000000035,82.75932794037628,85.35369844773453,-2.5943705073582493,40.34,39.053332999999995,39.6966665,38.473333,35.914999,34.8433335,100.0,4.0,96.0,38.341836868,,0.0,0.0,22.505071651540316,69.06417879734249,0.8473971064607394,0.5490966347594018,0.3140691345815913,25.00287889903094,57.724933364427386,91.74171543165978,71.15201942960088,-8.258284568340219,1.6865885735294128,39.85370456848936,5.924688901244827,8.626176447271332,9.066679271946402,-0.44050282467506996,3.195829251419746,3.1458252012265486,41.87401815736385
110,2020-11-06,42.240002,42.586666,41.933334,42.106667,41.698269,939450,-1988290.1156069818,18435750,0.010672883919445153,494619.9889019961,56.445752964190284,21.790494674756633,17.71524071308094,51300.08180600943,1163.9426136015022,39.937703796248776,1.133338668099547,39.852333099999996,41.75535635294539,37.9493098470546,9.550373114518585,1.0923032985831547,1.0,0.0,40.132666666666665,41.385999866666666,38.879333466666665,6.245950264954568,1.2875002167553433,1.0,0.0,38.119999,42.586666,40.3533325,11.208043927546116,0.8925375453330192,2.4975023510364194,0.9731298026601465,0.8341257075762872,0.13900409508385925,40.122222,39.315897038461536,40.30326533108575,39.3301355284256,41.63121419358253,36.994160889731305,10.798334909665517,1.1094449239405075,0.8042153834835206,0.3052295404569869,0.323221075645046,26.455563224943035,249.81957133843127,-0.2190020999999973,83.27848017445251,84.81864753977442,-1.5401673653219063,40.3533325,39.0666655,39.709998999999996,38.4866655,35.914999,34.8433335,96.0,4.0,92.0,38.51056343328,,0.0,0.0,46.4998489860393,68.34531587391808,0.8153809619233978,0.7309476726903732,0.5216479500745416,27.09413260787297,51.75675545601471,89.25375453330193,86.68102332165392,-10.746245466698083,2.1528040882352926,39.95525612950531,6.671177560363477,3.6658774156670453,7.986518900690531,-4.320641485023486,-0.20540211886082016,-0.20561335832276484,41.58260591795562
111,2020-11-09,42.633331,43.0,37.959999,37.959999,37.717228,2544450,-4532740.115606982,15891300,-0.09247371042224199,-1083324.208455431,49.235760393412576,-352.5793118355831,-8.625760842570752,-252507.29370803142,1163.9426136015022,39.910369471292356,1.524004901289592,39.8029997,41.843563792621296,37.762435607378706,10.253318131805504,0.04840901428572851,0.0,0.0,40.13133326666667,41.82999996666667,38.43266656666667,8.465538329925975,-0.13912899059793926,0.0,1.0,37.959999,43.0,40.479999500000005,12.662364741318722,0.0,3.664393128223032,0.7141188848836109,0.810124343037752,-0.09600545815414119,39.982777666666664,39.37923038461538,39.942762818611016,39.228643933727405,38.868468649619125,27.184842038339426,28.839103994934472,0.8789151236330365,0.8337096168456448,0.04520550678739166,0.3141854348885431,26.8930232070728,-25.43340358483703,0.33033129999999744,75.9554045004349,83.40283774887956,-7.447433248444668,40.479999500000005,39.6800005,40.08,38.6933325,36.00499925,34.943334,92.0,4.0,88.0,,42.586666,0.0,1.0,46.69062212119138,44.48622173215668,0.0,0.5542593561280457,0.6114345545259402,18.256845767318865,39.04249478607135,0.0,60.3318233216539,-100.0,2.3023729058823506,39.90903543888723,-4.2220322081936414,6.716278579329689,7.732470836418363,-1.0161922570886741,-9.848008155098098,-10.367314179747256,27.639539340954954
112,2020-11-10,37.973331,38.580002,37.459999,37.873333,37.631115,1852500,-5017920.144142619,14038800,-0.11602061817663262,-951499.1451046555,47.83369353799465,-148.7290828608363,-18.20336221273876,-254807.06313435925,1161.2852307456599,39.78999316111303,1.4836047111606325,39.73866635,41.931696146465214,37.54563655353479,11.037259162901982,0.0747131769466611,0.0,0.0,39.971333300000005,41.7220001,38.22066650000001,8.759611729038808,-0.09920034469152135,0.0,1.0,37.459999,43.0,40.229999500000005,13.941084361528896,0.07460901180342733,4.566490075804483,0.4961384691340882,0.7473271682570193,-0.25118869912293107,39.7944445,39.408204769230764,39.624389000363166,39.12825053122908,36.636709593157626,25.562711375716134,29.782113285083934,0.866750812531435,1.0347326431629449,-0.16798183063150984,0.29235421379921994,27.027924631749524,-190.5861484919207,-0.07199835000000121,67.87056757795305,80.82644768210837,-12.955880104155312,40.229999500000005,39.836666,40.03333275,38.6933325,36.10833275,35.213333500000005,88.0,100.0,-12.0,,42.586666,0.0,0.0,29.945753358075997,44.1394004050656,0.0,0.2717936539744658,0.5190002275976281,12.114645959935253,39.783240084612444,7.460901180342733,32.23821857121489,-92.53909881965727,1.9521766941176537,39.86332392695855,-5.631224579888462,6.003529423833059,7.386682553901303,-1.3831531300682443,-0.22830875206293344,-0.22856977386034316,27.348127101546748
113,2020-11-11,38.066666,39.753334,37.926666,39.593334,39.340118,1527900,-3757681.2626381586,15566700,-0.08229261901017375,-440143.6203897056,52.88223598396748,98.03435085188825,-10.42273759655807,65159.49651914228,1214.0244960796024,39.76325186494796,1.5232443400445692,39.758666399999996,41.938695364498194,37.5786374355018,10.966308288943006,0.4620802285904368,0.0,0.0,39.85888896666667,41.44222256666667,38.275555366666666,7.944695103388952,0.416140550965801,0.0,0.0,37.459999,43.0,40.229999500000005,13.934071490888833,0.3850784503468495,4.8522791206644165,0.45691014945415986,0.6892437644964474,-0.23233361504228756,39.788333333333334,39.49512792307692,39.6196113079996,39.16270115854544,34.30891561893263,29.150408287951855,26.882426648793057,0.9023227749082137,0.9663486381539875,-0.06402586324577386,0.27118866334577896,27.17952691114602,-73.99911312147316,-0.23199739999999736,62.80306196006742,77.77785226215747,-14.97479030209005,40.229999500000005,40.229999500000005,40.229999500000005,38.6933325,36.306666500000006,35.213333500000005,84.0,96.0,-12.0,,43.0,0.0,0.0,14.972876679037999,52.117850645054126,0.28884855451816305,0.09628285150605424,0.3074452872028552,10.437312489359819,45.85285364040487,38.50784503468495,15.322915405009226,-61.49215496531505,1.5301176088235309,39.85873427801942,-0.1848756240378009,3.9826738298448827,6.7058808090900195,-2.7232069792451368,4.541456649722364,4.441352109785202,33.13158708809685
114,2020-11-12,39.68,39.959999,38.853333,39.026669,38.777077,807750,-4312397.096954929,14758950,-0.1368957773483379,-442655.05372689053,52.29068707965473,77.63664445137778,-7.143197183832075,57828.29198770723,1196.6492179312415,39.73981431792194,1.4815865060401125,39.727666500000005,41.930695681933905,37.524637318066105,11.090654830853957,0.3409014492979513,0.0,0.0,39.7842223,41.310222499999995,38.2582221,7.671383839014988,0.251784665559022,0.0,0.0,37.459999,43.0,40.229999500000005,13.944944387810937,0.28279236772700866,5.25052062783681,0.3757647121043064,0.6265479540180192,-0.2507832419137128,39.74666666666666,39.531794653846156,39.528389414461195,39.15262470235689,32.285536406909394,28.541408408517267,25.3196516575196,0.931918671105511,0.9817267502814435,-0.04980807917593255,0.24797976420286227,27.29567955368568,-53.21601850623004,1.1789994999999962,57.893579226943736,74.64294410983491,-16.74936488289118,40.229999500000005,40.229999500000005,40.229999500000005,38.6933325,36.48666675,35.3933335,80.0,92.0,-12.0,,42.77839996,0.0,0.0,7.486438339518999,49.60415123079916,0.19784360738425147,0.16223072063413804,0.17676907537155262,8.230508613221312,41.530943721853546,28.27923677270087,24.74932766257618,-71.72076322729913,0.9070194941176553,39.85224476011599,-1.2649687227628517,-0.993550672173326,5.165994512837351,-6.159545185010677,-1.4312131431013175,-1.4415537813703416,31.226190316072632
115,2020-11-13,39.193333,39.566666,38.766666,39.220001,38.96917,876900,-4195473.443204919,15635850,-0.10910188396790894,-355199.64165161987,53.87275675615436,-21.895313034553645,-8.0333172644458,-7216.599035353037,1196.6492179312415,39.727064270145206,1.413427855436101,39.69633315,41.90950350985508,37.483162790144924,11.150502750428862,0.3923869218022627,0.0,0.0,39.82933336666667,41.31333386666667,38.345332866666666,7.451796826918357,0.2946994065478201,0.0,0.0,37.459999,43.0,40.229999500000005,13.955951495736569,0.31768983435201564,5.569422957872244,0.3233295037862831,0.565904263971672,-0.24257476018538893,39.606111250000005,39.578205,39.480945043005626,39.15761553921934,30.338396654879926,27.305636303786052,24.692431853277576,0.9422850001768998,0.9893988548678456,-0.04711385469094587,0.22492370048055468,27.346572295898408,-58.02449254555452,-0.2296661499999999,54.60214108480066,71.57318408059588,-16.971042995795223,40.229999500000005,40.229999500000005,40.229999500000005,38.6933325,36.5999995,35.3933335,76.0,88.0,-12.0,,42.5656639216,0.0,0.0,3.7432191697594996,50.4816669427162,0.2296128278882298,0.23876832993021466,0.16576063402346888,6.89635201915942,39.27542280562289,31.768983435201566,32.85202174752913,-68.23101656479844,0.20835272352941558,39.84563501397942,-4.123203294054807,-4.859119180621989,3.160971774145483,-8.020090954767472,0.49538432296132306,0.49416133216428904,31.87626429051784
116,2020-11-16,39.080002,39.439999,37.906666,39.286667,39.035416,1276050,-3174631.2794674905,16911900,-0.06088804327829277,-292304.10008710314,54.301630743568865,-59.280164222052214,-12.111723798304483,6513.049787175109,1196.6492179312415,39.694939518778384,1.425418369892491,39.6866665,41.90521434257305,37.46811865742695,11.180318420409797,0.4098510538460861,0.0,0.0,39.828889000000004,41.395556299999996,38.262221700000005,7.866989711914862,0.3269504954880974,0.0,0.0,37.459999,43.0,40.229999500000005,13.959350806145427,0.32972340618711066,5.851928119355986,0.28388120662787486,0.5094996525029126,-0.22561844587503777,39.591111250000004,39.61564096153846,39.451056113312454,39.16717490668458,28.471978613949517,25.06551849280691,27.267997586592685,0.9106335301347653,0.9932122892396488,-0.08257875910488344,0.20287195196625035,27.416629835731857,-81.89478239761311,-1.1200005000000033,52.33748514692381,68.57699656586782,-16.239511418944005,40.229999500000005,40.229999500000005,40.229999500000005,38.6933325,36.659999,35.536667,72.0,84.0,-12.0,,42.361437324736,0.0,0.0,1.8716095848797498,50.7998025794001,0.24113048056923364,0.22286230528057152,0.20795378528164132,5.981262462862644,40.87952651276753,32.972340618711065,31.006853608871168,-67.02765938128894,-0.21709827941177195,39.84059715251324,-0.4560810772290442,-5.949117709267098,1.3389538774629668,-7.288071586730064,0.16997959790974182,0.16983529609051473,32.100427034297255
117,2020-11-17,39.166668,39.700001,38.459999,38.666668,38.419376,1157250,-3946127.5464089983,15754650,-0.07137752826590968,-353045.4918960884,49.42031003661724,43.57472571484123,-10.891061174078999,-16094.012079265394,1177.7644059804554,39.579901803720844,1.4068767329032414,39.628333299999994,41.8893332370011,37.36733336299889,11.411027155164776,0.287336283327034,0.0,0.0,39.77911113333333,41.40044533333334,38.15777693333333,8.151686419364907,0.1569358947299914,0.0,0.0,37.459999,43.0,40.229999500000005,13.979899073878027,0.21781024949273453,6.263800964495422,0.20028069795244363,0.4476558615928189,-0.24737516364037526,39.599444749999996,39.60487176923077,39.330381018956686,39.13010032100424,26.53172790707568,24.79227308526884,25.449673236054903,0.9821707437689265,1.0613069091939606,-0.0791361654250341,0.17892669850881254,27.48473826347499,-69.93261955817853,-0.8616672999999935,47.53318658755054,65.00369268883365,-17.470506101283114,40.229999500000005,40.229999500000005,40.229999500000005,38.6933325,36.9766665,36.3533345,68.0,80.0,-12.0,,42.16537979174656,0.0,0.0,0.9358047924398749,47.7286809919054,0.14400451351463012,0.2049159406573644,0.22218219195605013,4.250720557355298,37.87147505758331,21.78102494927345,28.840783001062032,-78.21897505072654,-0.08823561470587293,39.82336921786692,0.25929646083486574,-7.416336943271162,-0.4121042866838589,-7.004232656587303,-1.5781410013733121,-1.5907262305287606,30.01569603227976
118,2020-11-18,38.686668,39.106667,38.34,38.426666,38.180908,1243050,-4908142.439119933,14511600,-0.07548049254027187,-345229.63392521936,54.31813641699365,-21.997862962511473,-14.026544326946217,-25978.583526649832,1177.7644059804554,39.4579497846288,1.3428557596129171,39.576000050000005,41.89659509357688,37.25540500642313,11.727284418056657,0.25236221132566294,0.0,0.0,39.584888866666674,41.11622296666666,38.053554766666664,7.736962986850733,0.12182554849831045,0.0,0.0,37.459999,43.0,40.229999500000005,13.99838536739641,0.1744885966627072,6.6364534248006715,0.11335386411326454,0.380795462096908,-0.2674415979836435,39.57111141666667,39.57666661538462,39.19134793911719,39.07799407500393,24.82624489127258,23.7382831087526,25.033147865611333,0.9094770898853128,1.0699341426696574,-0.16045705278434452,0.1532094820465248,27.492324273041998,-90.76139498741956,0.03733494999999465,37.87140163718634,60.01614532181255,-22.144743684626214,40.229999500000005,40.229999500000005,40.229999500000005,38.6933325,37.133332,36.803332999999995,64.0,76.0,-12.0,,41.977164560076694,0.0,0.0,0.46790239621993746,46.5553695132949,0.09693041479469691,0.1606884696261868,0.19615557185470747,2.503454747978836,48.75287092593675,17.44885966627072,24.067408411418416,-82.55114033372928,-0.18901990000000524,39.75044640432918,-0.8770421474985839,-8.07301275662433,-1.9442859806719532,-6.1287267759523765,-0.6206948061829531,-0.6226291246919313,29.20869535978481
119,2020-11-19,38.673332,39.306667,38.220001,39.133331,38.883057,1449150,-3921305.3566125208,15960750,-0.06305041678567037,-149616.31697161644,63.528785344737706,2.99949510630352,-8.437463080270295,18934.26937716303,1177.7644059804554,39.50179056038338,1.3172367836516248,39.551000050000006,41.87934606515187,37.22265403484814,11.773891998727679,0.41030777915266914,0.0,0.0,39.270666633333335,40.78800043333333,37.75333283333334,7.727568335761674,0.45474442296964035,0.0,0.0,37.459999,43.0,40.229999500000005,14.007233680555178,0.30204543284378393,6.742558255271352,0.10032914969096396,0.3247021996157192,-0.22437304992475526,39.531111083333336,39.57435884615385,39.18242225617608,39.08209310648512,23.067312176461026,23.41327844505501,23.507677253726545,0.9630848866657526,0.9775868747582096,-0.014501988092456952,0.13068266936675257,27.351573497061207,-61.72554291927206,1.3356649499999946,29.379936440675657,54.02741824028179,-24.647481799606133,40.229999500000005,40.229999500000005,40.229999500000005,38.6933325,37.206666,36.916666,60.0,72.0,-12.0,,41.79647793767363,0.0,0.0,0.23395119810996873,50.4201307493642,0.2519874096952743,0.16430744600153366,0.17663728542836155,2.1921353434184465,53.18811117720895,30.204543284378396,23.144809299974188,-69.79545671562161,-0.3953333882352936,39.70102078807561,-1.2117232744983502,-7.376997562046643,-3.0308282969468916,-4.346169265099752,1.8389963886016103,1.8222913426578113,31.584838601210485
120,2020-11-20,39.266666,39.279999,38.326668,38.413334,38.167664,1353600,-5028797.556488531,14607150,-0.11048277257209321,-267469.4058613854,55.56099615758244,2.8171367711655546,-8.525772738286772,1745.523218826911,1156.095235037335,39.51219826380617,1.2808462052864622,39.465000200000006,41.827762610965706,37.102237789034305,11.973963760252055,0.2774498622630929,0.0,0.0,38.9171111,40.464444799999995,37.3697774,7.951945333372905,0.3372112298723936,0.0,0.0,37.459999,43.0,40.229999500000005,14.037757435511164,0.1720820989021475,7.017126394938623,0.03154559110151922,0.2660708779128792,-0.23452528681135998,39.32500016666667,39.52692296153846,39.06410098599515,39.03255539489363,21.434017512707438,22.138682666318687,22.227942496981104,0.9511082321465234,0.9735979564414449,-0.022489724294921465,0.10738992255522038,27.20161025072191,-73.61301300548887,2.728332799999997,19.848581337292853,47.793326777710455,-27.944745440417602,38.709999,40.229999500000005,39.46999925,38.6933325,37.663334,37.17,56.00000000000001,68.0,-11.999999999999993,,41.62301878016668,0.0,0.0,0.11697559905498436,46.71363077215045,0.10327997009925247,0.1507325981964078,0.15857617127470935,0.8005960415568997,44.360879100701105,17.208209890214754,21.62053761362129,-82.79179010978525,-0.5276077264705847,39.5774304758965,-6.049236346373571,-7.27765019959087,-3.8801926774756876,-3.397457522115182,-1.8398561574019867,-1.8569920197368806,29.163866845998655
121,2020-11-23,38.633331,38.766666,37.813332,38.053333,37.809963,1491600,-5769379.567829782,13115550,-0.13566519996144263,-305970.56096690113,47.08838931751475,-32.8090126188653,-11.91251516000735,-38883.227750846265,1156.095235037335,39.42123490112324,1.2480949847578158,39.38433345,41.82298975806189,36.94567714193811,12.383890214406495,0.22710372396473424,0.0,0.0,38.7742222,39.912889199999995,37.6355552,5.873319620064478,0.18345038540679756,0.0,0.0,37.459999,43.0,40.229999500000005,14.066509484115686,0.10709998066787335,7.443307887495193,-0.05142218376031593,0.20257226557824018,-0.2539944493385561,38.98000016666667,39.457948538461544,38.90859821891897,38.960020402679284,20.390910924799623,20.912641137953557,23.97897427846969,0.9172906814423054,1.0302830412624424,-0.112992359820137,0.08258141370258625,26.986748738416768,-102.34226439816354,2.722333550000002,16.673468582652173,42.104760222677015,-25.431291640024842,38.88666550000001,40.229999500000005,39.558332500000006,38.6933325,38.00499925,37.4333325,52.0,64.0,-12.0,,41.45649798896002,0.0,0.0,0.05848779952749218,44.93493427940722,0.031917390069478954,0.12906158995466846,0.1480338780508699,-0.8743275794699964,44.44786148980029,10.709998066787335,19.374250413793494,-89.29000193321266,-0.6326077500000054,39.56882074326758,-9.811976693095092,-6.354409375162742,-4.375036017013099,-1.979373358149643,-0.9371771791534589,-0.9415963162467289,27.953372562205804
122,2020-11-24,38.126667,38.166668,37.593334,37.686668,37.445644,2351850,-7355506.384135824,10763700,-0.16763530357613976,-385452.06372163113,37.62830986177775,-9.994931366031084,-20.501152817678946,-36640.31587828432,1156.095235037335,39.14854302009048,1.1806188862820346,39.292333400000004,41.8390077541953,36.74565904580471,12.96270358021189,0.18475250921758152,0.0,0.0,38.758666733333335,39.84266683333333,37.67466663333333,5.593588177106907,0.0055356852211851755,0.0,0.0,37.459999,43.0,40.229999500000005,14.099445160464805,0.04091497456408296,7.971918458387374,-0.1450890480109237,0.1330400028604074,-0.2781290508713311,38.61166691666667,39.38897423076923,38.720608954469895,38.86569800248082,19.620271956478017,20.18852971999481,24.477330112569824,0.8720330633540568,1.1424145069924132,-0.27038144363835637,0.055835083502445454,26.763149729673255,-120.5089100396351,-1.3323344000000006,12.353005947387963,36.49919844349042,-24.146192496102458,38.776666500000005,40.229999500000005,39.503333000000005,38.6933325,38.2233325,37.4333325,48.0,100.0,-52.0,,41.29663802940161,0.0,0.0,0.02924389976374609,43.133480351736594,0.0,0.04506578672291036,0.10828665829132879,-2.793903986379234,41.04100827342281,4.0914974564082955,10.669901804470129,-95.90850254359171,-0.8723134764705947,39.55530778651696,-10.49714763697636,-1.0068564634728285,-3.7014001063050452,2.6945436428322167,-0.9635555445301036,-0.9682277782356863,26.720470746469395
123,2020-11-25,37.686668,38.006668,37.153332,37.293331,37.054821,1687650,-8489401.913798219,9076050,-0.27535666185633034,-425218.2243399684,29.166002633521714,-15.169119979616694,-29.685853664979778,-40275.43992502849,1144.0290308437493,38.77858993434796,1.1478905976538312,39.111666650000004,41.68712321893111,36.536210081068894,13.169761298991379,0.14698770852216997,0.0,0.0,38.59799996666667,39.584666866666666,37.61133306666667,5.112528632841533,-0.16114965783622878,0.0,1.0,37.153332,43.0,40.076666,14.948654712979357,0.023945091460641013,8.537293015421145,-0.2481986419621265,0.05679227389590063,-0.3049909158580271,38.55611125,39.29128188461538,38.501027730705296,38.74922637266742,19.293467065149766,19.126980861047983,25.901520449215482,0.7719110112356645,1.2424568181712878,-0.4705458069356233,0.026866243008990806,26.587998320768367,-135.31971724306226,-1.2383336500000013,1.4215956507658527,30.22453360169287,-28.802937950927017,38.426666499999996,40.076666,39.25166625,38.6933325,38.261666500000004,37.4333325,44.0,100.0,-56.0,,41.14317246822555,0.0,0.0,0.014621949881873045,41.224193235780106,0.0,0.01063913002315954,0.06158883556691271,-4.958343237148206,31.221873462793294,2.394509146064101,5.7320015564199105,-97.6054908539359,-1.089901735294113,39.208309164217724,-1.756238191681726,-0.3377855227566539,-3.028677189595367,2.6908916668387133,-1.0437033064318535,-1.0491880859867297,25.397885003362486
124,2020-11-27,37.406666,38.033333,37.099998,38.02,37.776848,738000,-7772487.0632890165,9814050,-0.1676569268689317,-287861.08914854424,28.100258673752137,-1.6863896419375595,-31.362773973315075,-3233.961723175569,1166.3206955870835,38.58183517311386,1.126435037888448,39.039333299999996,41.65183980709351,36.42682679290648,13.38397091475696,0.30491277299553426,0.0,0.0,38.44177763333333,39.41111143333333,37.47244383333334,5.043126825433153,0.2824394272987632,0.0,0.0,37.099998,43.0,40.049999,15.112968130529014,0.15593248951441097,8.602921367714444,-0.2681861398787362,-0.008203408859026734,-0.2599827310197095,38.5683335,39.23538453846154,38.42702346444295,38.69520960432168,19.03732892904618,18.011438991025102,24.724145020650294,0.7406227884498355,1.2388533890827766,-0.4982306006329411,0.0012321401862599763,26.470683927389686,-108.68901318942736,0.5540007000000031,-7.328978578074044,23.343298083595684,-30.672276661669727,38.3999995,40.049999,39.224999249999996,38.6933325,38.284999,37.4333325,40.0,96.0,-56.0,,40.903782040132015,0.0,0.0,0.007310974940936523,45.981445830321114,0.4366993027053568,0.1455664342351188,0.06709045032706283,-5.477047717579919,39.92963001423214,15.593248951441096,7.359751851304497,-84.4067510485589,-1.314333479411765,39.15958575149955,0.3872566483652251,-4.757249829009985,-3.374391717478291,-1.3828581115316938,1.9485226460462801,1.9297819961671792,27.841291190316085
125,2020-11-30,38.113335,38.313332,37.573334,38.119999,37.876205,5461200,-5164889.855729035,15275250,-0.047281117551536585,-168721.7137273261,48.00373980960263,5.1038818696440815,-5.813974422941706,28743.97242503315,1166.3206955870835,38.330150124535706,1.0877913340996033,39.01699995,41.652820006690234,36.38117989330976,13.511136479319372,0.32984404650020926,0.0,0.0,38.32355536666667,39.286888966666666,37.36022176666667,5.027370716433547,0.39434793582064,0.0,0.0,37.099998,43.0,40.049999,15.121618800935002,0.17288146681984184,8.234621770253288,-0.27281247995723845,-0.06112522307866908,-0.21168725687856937,38.44555558333334,39.177179461538465,38.37978893145173,38.652601411408966,18.450467815485105,18.951929157101052,23.551322160188302,0.969738802033507,1.3186611477326768,-0.3489223456991698,-0.02058266488478226,26.31144325676301,-81.1182890193076,0.009669049999999402,-14.975427195961933,15.864085601052823,-30.839512797014756,38.3999995,40.049999,39.224999249999996,38.6933325,38.42166625,37.4333325,36.0,92.0,-56.0,,40.59947931692145,0.0,0.0,0.0036554874704682614,46.621719873969624,0.4954742411482924,0.310724514617883,0.15564335962538703,-5.725151298680169,48.577476599998306,35.6643581593153,17.884038752273497,-64.3356418406847,-1.4651570794117603,39.109928588230794,-3.721169326129491,13.838352269128379,0.06815707984304309,13.770195189285335,0.26301683324565506,0.26267154927692715,28.177535305985213
126,2020-12-01,37.959999,38.779999,37.913334,38.360001,38.114674,1936650,-5105295.2962971935,17211900,-0.01472145441322204,-78218.62986628037,56.08208525779122,18.049468297188174,6.098779231202899,26556.94679493099,1173.6638043731643,38.36036228989323,1.0656787006896427,38.9966667,41.64613640425856,36.347196995741434,13.588185496164801,0.37985035288822666,0.0,0.0,38.27088876666666,39.167555566666664,37.37422196666667,4.685894834932504,0.549690829042255,0.0,0.0,37.099998,43.0,40.049999,15.129503363424652,0.21355975811533578,7.811166754528757,-0.2541826725548404,-0.09973671297390335,-0.15444595958093704,38.38999991666667,39.108974461538466,38.37674463430531,38.63092730686015,17.347806771390747,20.921791087341447,22.221799451623422,1.0279982708354392,0.9822680837827272,0.045730187052711924,-0.037673302777359245,26.208331665398312,-51.527193258564324,0.22333430000000476,-16.979713661882997,8.695985573337985,-25.675699235220982,38.2033325,40.049999,39.12666575,38.6933325,38.5166665,37.4333325,32.0,88.0,-56.0,,40.319520811567735,0.0,0.0,0.0018277437352341307,48.208388561620566,0.6411249283362496,0.5244328240632995,0.3269079243054337,-5.503480429616796,45.51031075795503,44.05603354684127,31.771213552532554,-55.94396645315873,-1.4339216382352973,39.08306849997627,-1.7082370007032919,12.158164403887362,2.486158544651907,9.672005859235455,0.6295960291079705,0.627622353100632,28.984535978480164
127,2020-12-02,38.360001,38.360001,36.766666,36.773335,36.538155,1429950,-6523275.011893721,15781950,-0.10151517729172707,-391166.40369966766,49.771367271004955,-87.28360331165392,-7.138217494764399,-46953.25247396114,1125.118121232292,38.2471764775189,1.1184443306206782,38.8546667,41.656740668506906,36.0525927314931,14.423358667013881,0.12860871565266957,0.0,0.0,38.10666656666667,39.03866666666667,37.174666466666665,4.891533077916916,-0.21530655772819135,0.0,1.0,36.766666,43.0,39.883333,16.04269069691955,0.0010698929337016527,7.824667631802983,-0.36326164769479163,-0.15244169991808101,-0.21081994777671062,38.18611108333334,38.99769242307692,38.13006622902757,38.49332787672236,17.41252307412419,18.818471207157543,27.222761942754975,0.9171428689795903,1.0995237714966046,-0.18238090251701433,-0.05874330671150834,26.255130131347517,-116.51964366210579,0.43200029999999856,-21.82706614110865,2.062822486860764,-23.889888627969412,38.036666499999995,39.883333,38.959999749999994,38.6933325,38.5166665,37.4333325,28.000000000000004,100.0,-72.0,,40.06195898664232,0.0,0.0,0.0009138718676170653,39.78804817587574,0.0,0.37886638982818055,0.4046745761697876,-7.841142533000903,38.90327528241185,0.20884135791670494,26.643077688024423,-99.7911586420833,-1.4502943588235269,38.90955157386382,-6.238311926611119,8.685359067210987,3.7259986491637234,4.959360418047264,-4.1362511956138714,-4.224228594442536,23.64941156691327
128,2020-12-03,36.66,37.346668,36.66,36.766666,36.531525,1442400,-7517554.410962835,14339550,-0.1594914511178584,-336659.6839711442,45.11316234135898,-26.659299547005162,-14.587927780363183,-59407.909318780694,1125.118121232292,38.13241868692798,1.0752666975586107,38.64866675,41.42859850703714,35.86873499296286,14.385654102995108,0.1615023470925347,0.0,0.0,37.936666599999995,38.860666800000004,37.0126664,4.871277752168146,-0.1331170707538804,0.0,1.0,36.66,43.0,39.83,16.404188121185328,0.016824290220820833,7.755060105394598,-0.44511464932644174,-0.2109762897997532,-0.23413835952668854,37.976110999999996,38.89153846153847,37.92031234763871,38.365426996965155,17.563110621540098,17.979571212020147,26.701687447993557,0.8384880446279688,1.1924396340383998,-0.35395158941043103,-0.08151578556747999,25.710448608252054,-131.73593883288794,0.01800125000000463,-28.487663164975096,-4.366910802655986,-24.12075236231911,37.9699995,39.83,38.89999975,38.873333,38.60666675,37.4333325,24.0,100.0,-76.0,,39.73242968797808,0.0,0.0,0.00045693593380853267,39.75661586378421,0.0,0.2137083094454164,0.3723358411122987,-9.724883661181776,38.61568829283736,3.5087488458064326,15.924541250188133,-96.49125115419356,-1.4970000882352963,38.76857196222715,-6.414392445151941,5.850105995702208,4.150820118471421,1.6992858772307873,-0.01813542339851315,-0.01813706806528259,23.62698722259584
129,2020-12-04,36.759998,37.419998,36.759998,37.033333,36.79649,1101000,-7706609.456417389,15440550,-0.18853984387487369,-246622.53383240962,49.2437018325505,5.195117166212658,-12.652897051737016,7723.9188865445285,1133.2785531309758,38.04572405436495,1.0337400278027493,38.39066675,40.72961810344531,36.05171539655469,12.184999904672456,0.20984138939002955,0.0,0.0,37.755110933333334,38.63644453333334,36.87377733333334,4.668684997674777,0.09051945067489892,0.0,0.0,36.66,43.0,39.83,16.514430554921276,0.05888533123028425,7.677479152732396,-0.4828993810968001,-0.26536090805916257,-0.21753847303763751,37.839999750000004,38.74256411538462,37.78385398646353,38.26675336756033,17.606096180252482,17.67659548128657,25.523931688858603,0.8506943896742888,1.1597222738921804,-0.3090278842178916,-0.10298434181521515,25.19322063467628,-116.08526341063482,0.03599924999999615,-36.53543762511406,-10.631801798478977,-25.90363582663508,37.7199995,39.83,38.77499975,38.873333,39.02666575,38.003332,20.0,96.0,-76.0,,39.36373812542071,0.0,0.0,0.00022846796690426634,41.738589743787124,0.17947481384157463,0.059824937947191396,0.2174665457402627,-10.752171018964761,39.70197628598394,12.280686749774159,5.332758984499097,-87.71931325022584,-1.504098220588233,38.57983492812632,-4.224142095719245,1.9805336964801226,3.7167628340731613,-1.7362291375930388,0.7252955707215847,0.7226779517593762,24.523648285137867
130,2020-12-07,37.033333,37.606667,36.866669,37.34,37.101196,1013550,-7423548.830307584,16454100,-0.16600036694568066,-166987.55216349335,54.05748685664461,10.708451152878517,-7.653710239241964,16378.546735382308,1142.6630482843832,37.96831040739786,1.0043658250224745,38.152333399999996,39.796271003197255,36.50839579680274,8.617756539091571,0.2529305861669861,0.0,0.0,37.61488876666667,38.47488906666667,36.75488846666667,4.5726590092278,0.340181005363215,0.0,0.0,36.66,43.0,39.83,16.617594351385083,0.10725552050473287,7.5534038646116475,-0.4825362121864387,-0.3087959688846178,-0.17374024330182092,37.74944425,38.66076923076923,37.71556875777683,38.19810496996327,17.391445145831586,18.05831387936028,24.233305482295723,0.917765144323774,1.1449656031955926,-0.2272004588718186,-0.1209454782511395,24.792105629001615,-96.2484217793917,0.980997600000002,-42.91786601679481,-17.25306119841753,-25.66480481837728,37.7199995,39.83,38.77499975,38.876667,39.028332750000004,38.003332,16.0,92.0,-76.0,,39.03928955037023,0.0,0.0,0.00011423398345213317,44.01949795426397,0.39976331783850644,0.19307937722669355,0.15553754153976704,-10.996371886723779,41.91447170987288,22.368413694600957,12.71928309672718,-77.63158630539904,-1.5730783088235256,38.5235960703858,-2.827895607701157,-1.66163613841077,2.641083039576375,-4.302719177987145,0.8280837158243459,0.8246739137002024,25.554808338937484
131,2020-12-08,37.206669,37.773335,36.926666,37.666668,37.425774,1837800,-6048816.717758292,18291900,-0.04732444958925045,-57367.83751156629,55.23227017404064,5.2211946045543245,-10.39324817569103,24470.98707592076,1142.6630482843832,37.88397403995321,0.9885961425202276,38.13766685,39.79339813384925,36.48193556615075,8.682918597833675,0.35776712242066805,0.0,0.0,37.53933336666667,38.38866716666667,36.689999566666664,4.5250340047550015,0.5749614776506793,0.0,0.0,36.66,39.959999,38.3099995,8.652860210298908,0.3050510015306073,7.284716127438591,-0.4506937042118011,-0.33717551595005446,-0.11351818826174664,37.627222333333336,38.62615392307693,37.7080455642727,38.1587392684845,16.961425218311778,18.153728172279276,22.812010370925293,0.8748640370263243,1.1572360375982507,-0.28237200057192635,-0.13392865865025957,24.56315762859393,-71.32274755563421,0.27566714999999675,-45.4134620122223,-23.671557638374225,-21.741904373848072,37.7199995,39.83,38.77499975,39.046667,39.11333275,38.003332,12.0,88.0,-76.0,,38.7537748043258,0.0,0.0,5.7116991726066584e-05,46.42556989233939,0.6253992328151989,0.40154578816509323,0.218150034446326,-10.546700473235623,41.787700907076335,38.03531007111981,24.228136838498305,-61.96468992888019,-1.6956468470588248,38.51158074281311,-3.7478613818997344,-0.6061264133633616,1.9916411489884278,-2.5977675623517893,0.874847348687724,0.8710427328884052,26.65322125084062
132,2020-12-09,37.779999,38.013332,36.333332,36.373333,36.140709,1624350,-7595814.784008285,16667550,-0.08104637217353891,-349290.8189027709,54.53199317702152,-18.27211376858453,-10.127123233267676,-39696.26691832267,1103.428197101027,37.783329647504395,1.057736528268205,38.06266685,39.88682320139017,36.23851049860983,9.585015987339691,0.03695475480690798,0.0,0.0,37.44844426666667,38.40844466666667,36.48844386666667,5.1270509031773415,-0.05995355140824363,0.0,1.0,36.333332,39.959999,38.1466655,9.528147395168672,0.011029686486243065,7.136361162320992,-0.523781782531259,-0.3744967692662954,-0.14928501326496357,37.45722225,38.534102653846155,37.50270516976921,38.026486952300466,17.179439195444388,16.13192817642358,24.204760038668176,0.8475948624515429,1.0830380865502127,-0.2354432240986698,-0.1492739301591022,24.58812755168642,-112.59546350287854,-0.009333849999997312,-48.7975603070798,-29.251463855912633,-19.546096451167166,37.556665499999994,39.666666,38.61166575,39.273332499999995,39.226665499999996,38.003332,8.0,100.0,-92.0,,38.5025218278067,0.0,0.0,2.8558495863033292e-05,39.23540179611895,0.0,0.3417208502179016,0.31211533853656276,-12.26620610426449,33.57881227751022,1.3453243580021674,20.583016041240974,-98.65467564199784,-1.6981569117647126,38.412514957920635,-5.310658533310326,-0.7952855753487436,1.4342558041209936,-2.229541379469737,-3.4336326218183166,-3.4939669179641086,22.304414929388038
133,2020-12-10,36.333332,36.566666,35.880001,36.093334,35.862503,1430400,-8137421.782471877,15237150,-0.13811793762671312,-356607.9261452329,48.78506043755862,-45.60477628652807,-13.598856904184219,-66785.31596291557,1094.9340953435637,37.627012273638556,1.0206293754413842,37.88766685,39.76172991839369,36.013603781606314,9.892734096365654,0.02127202113374551,0.0,0.0,37.31799993333333,38.26133323333333,36.374666633333334,5.055647685756016,-0.1491162420182428,0.0,1.0,35.880001,39.959999,37.92,10.768670491516431,0.05228752563113964,7.055226738719671,-0.5974116013566828,-0.41907973568437284,-0.17833186567230996,37.293889,38.398718,37.28587883595856,37.883290437315246,17.80623911277528,15.378061957797643,26.158805579444245,0.8167102019101613,1.2146214658358783,-0.39791126392571696,-0.16670259335038576,24.469297026458474,-159.0339656477769,-0.20099885000000484,-51.3824209066447,-34.146290781309375,-17.236130125335322,37.33,39.4400005,38.38500025,39.273332499999995,39.226665499999996,38.003332,4.0,100.0,-96.0,,38.19883525191376,0.0,0.0,1.4279247931516646e-05,37.868035992403485,0.0,0.2084664109383995,0.31724434977379806,-14.091304880012832,30.89746232955028,6.274503690884491,15.218379373335488,-93.72549630911551,-1.7576864088235382,38.31478682988935,-5.150663149532797,-1.875177411862739,0.7723691609242472,-2.647546572786986,-0.7697919791953223,-0.7727701714197011,21.362925353059858
134,2020-12-11,36.259998,37.150002,35.990002,36.669998,36.435478,1706800,-7843157.6914373925,16943950,-0.10827498357771617,-165056.77738162802,54.860251573676344,23.560783923131066,-12.117167821900967,16258.477087226316,1094.9340953435637,37.501740438186054,1.0345664378972461,37.7698333,39.63896457104705,35.900702028952956,9.89748223774684,0.20578971176703412,0.0,0.0,37.20655563333333,38.17255543333333,36.24055583333333,5.192632231372475,0.22227860019570836,0.0,0.0,35.880001,39.700001,37.790001000000004,10.113891606717788,0.20680549738219883,6.740164420588007,-0.602288985321259,-0.4557215856117501,-0.14656739970950888,37.2091665,38.2365385,37.19112793811878,37.79341692344004,17.548668736133354,18.1134135216526,24.10912053533605,0.8198870498777607,1.1641826617161024,-0.3442956118383417,-0.18159171595980006,24.405446292206644,-110.94697764863389,-0.47650229999999993,-54.147554459769644,-38.498749366176895,-15.648805093592749,37.33,39.4400005,38.38500025,39.273332499999995,39.226665499999996,38.003332,4.0,96.0,-92.0,,38.013332,0.0,0.0,7.139623965758323e-06,42.326011134464494,0.43112409487199377,0.14370803162399778,0.2312984309267662,-14.354622607521772,39.16578004712343,27.241294649168744,11.620374232685132,-72.75870535083126,-1.7632542999999998,38.22955341610118,-2.6976913958007587,-1.3624744535748408,0.3454004380244296,-1.7078748915992703,1.5977022239064942,1.5850732994114214,23.301943510423673
135,2020-12-14,36.669998,38.610001,36.52,38.459999,38.214031,2180900,-5975309.562513039,19124850,-0.05248210488270406,416210.35951574857,61.90747306682127,95.35273786044735,-2.962757073378635,133727.54157443266,1094.9340953435637,37.49135214906299,1.1401098941075207,37.7318332,39.51018753619753,35.95347886380247,9.42628112856987,0.7047302343460323,0.0,0.0,37.1926668,38.293666900000005,36.0916667,5.920522483211685,1.075536823293657,1.0,0.0,35.880001,39.700001,37.790001000000004,10.1240774063424,0.6753921465968594,6.20910934035059,-0.4564545028397049,-0.45586816905734107,-0.0005863337823638348,37.30638883333334,38.09294873076924,37.38633887071589,37.842793373555594,16.92034187828494,24.941958873839592,20.92742763373235,0.9083393597904013,1.0111031152081886,-0.10276375541778737,-0.18476391362065678,24.601838583015994,10.522224736944816,0.28816680000000616,-52.237236484386344,-42.4162519020106,-9.820984582375743,37.245001,39.4400005,38.34250075,39.273332499999995,39.6966665,38.473333,12.0,92.0,-80.0,35.880001,,1.0,0.0,50.00000356981198,53.483049229537734,1.0,0.4770413649573311,0.27640526917324276,-10.868558171783326,51.320994622531195,88.96550963138617,40.82710265714647,-11.034490368613826,-1.636362344117643,38.23164173891812,3.128355576497045,1.2946168440883783,0.5352437192372194,0.7593731248511589,4.881377413764798,4.765978661685688,29.320776731674524
136,2020-12-15,38.740002,39.389999,38.200001,38.93,38.681026,1538900,-5626146.790810908,20663750,-0.07173197345343937,460078.0994277837,70.15658822577117,95.1131941647284,4.544966178818471,125264.11076318614,1108.314754031193,37.54359955433212,1.1450987046967689,37.71399985,39.4358857749624,35.9921139250376,9.131282451136778,0.85310125147418,0.0,0.0,37.24155566666667,38.37488906666667,36.108222266666665,6.08639128904274,1.244901867946948,1.0,0.0,35.880001,39.700001,37.790001000000004,10.128864652896265,0.7984290575916229,5.5140018535433715,-0.299501999438597,-0.42459493513359226,0.12509293569499524,37.382222166666665,37.97076923076923,37.623825198298064,37.92332719773666,17.01244747981247,27.981712104019827,19.360737166411663,1.0411951298148368,0.9169309038541508,0.12426422596068598,-0.17717166885616226,24.253065178646835,108.68571485208159,0.40599914999999953,-50.83640229360822,-45.63951147451055,-5.196890819097668,37.635000000000005,39.4400005,38.53750025,39.273332499999995,39.709998999999996,38.4866655,8.0,88.0,-80.0,35.934601,,0.0,0.0,75.00000178490599,55.895624097518116,1.0,0.8103746982906644,0.477041364957331,-7.24755981322701,52.945978489929985,86.89460791715543,67.70047073257011,-13.105392082844576,-1.323882091176472,38.240755038281634,2.3934771173066713,0.33166512665590864,0.49452800072095726,-0.16286287406504862,1.2220515138338772,1.2146447462770826,30.9011432414257
137,2020-12-16,39.110001,39.889999,39.060001,39.200001,38.949303,1489700,-6613296.182255225,22153450,-0.07729019331023446,451812.72660952905,76.74865367155174,37.886731556689405,8.334669859983192,29138.041054635218,1116.001527519587,37.657530723649906,1.1265887342270924,37.7406665,39.535707240610115,35.94562575938989,9.512501537884138,0.9064906347206324,0.0,0.0,37.44988896666667,38.50688866666667,36.39288926666667,5.644874947110316,1.3278678004039797,1.0,0.0,35.880001,39.889999,37.885000000000005,10.625138270941777,0.8279305874965518,4.590242729627531,-0.15158184435865962,-0.3699923169786058,0.21841047261994617,37.472222333333335,38.018461615384616,37.866313783175286,38.017895627533946,17.488082005483715,29.45354376636327,18.17842326511795,1.1197753896275895,0.8642697314581597,0.25550565816942983,-0.1609270594952666,24.032313536686345,155.79284854196376,0.6193344999999937,-45.013224721172186,-47.47568498075467,2.4624602595824854,37.885000000000005,37.92,37.9025,39.4400005,40.08,38.6933325,4.0,84.0,-80.0,36.07281692,,0.0,0.0,87.50000089245299,57.26677882544355,1.0,0.9999999999999999,0.7624720210826651,-3.8972005874381335,50.59490605408773,82.79305874965517,86.21772543273227,-17.20694125034482,-0.8519308735294189,38.342743932232224,2.8331637679214006,-0.6719342502059806,0.2612355505355697,-0.9331698007415503,0.6935550988954597,0.6911610684256164,31.809014794889045
138,2020-12-17,39.290001,40.259998,39.130001,40.209999,39.952839,1488500,-5256519.561166849,23641950,-0.010024101491971837,602036.9118081684,77.50357586242333,16.701294927880472,9.64807590068448,48683.4715492768,1144.7555908368743,37.78383800019274,1.1269295608043834,37.82983315,39.907276297446494,35.752390002553504,10.983094422907836,1.072859443331964,1.0,0.0,37.744111100000005,38.8454437,36.642778500000006,5.835785068998462,1.619501910685297,1.0,0.0,35.880001,40.259998,38.0699995,11.578155744522503,0.9885846953776453,4.465694874862923,0.046607084485827954,-0.28667243668571907,0.333279521171547,37.62638883333334,38.108333384615385,38.226880739609854,38.180273655124026,18.20520979346,29.68991386835485,16.872321707122637,1.1264140309313517,0.8432024552506443,0.28321157568070743,-0.1340872380198031,23.855765453143704,179.77131935127275,-1.056498149999996,-35.38600705866751,-47.347970473371724,11.961963414704215,38.0699995,38.0699995,38.0699995,39.4400005,40.03333275,38.6933325,100.0,80.0,20.0,36.3018478448,,0.0,0.0,93.7500004462265,62.02303135458132,1.0,0.9999999999999999,0.936791566096888,0.5859188591685804,52.22330752536688,98.85846953776453,89.51537873485837,-1.1415304622354683,-0.1396074529411706,38.61116363887381,4.822726673025912,-1.4707457980811114,-0.08516071918776652,-1.3855850788933448,2.5765254444763963,2.5438923733126284,35.20510759919302
139,2020-12-18,40.18,40.919998,39.98,40.599998,40.340347,4273600,-3892610.858382369,27915550,0.000763590206878227,754131.599606999,76.67533727722883,16.606561681041722,10.469695887212882,79801.46355512881,1144.7555908368743,38.20904150893534,1.1082364047239452,37.9031665,40.24607073197954,35.56026226802045,12.362577844146852,1.0755317403053686,1.0,0.0,38.087,39.2163324,36.9576676,5.930277522514238,1.6126033398138588,1.0,0.0,35.880001,40.919998,38.3999995,13.297034167316864,0.936507898715019,4.353544769672104,0.23246320726158842,-0.18284530789625758,0.415308515157846,37.94527741666666,38.147051230769236,38.5919757027468,38.35951249548521,19.32909892656795,32.140476233457065,15.851995594074458,1.1494856235324595,0.8203106856319635,0.329174937900496,-0.0989978614527515,23.760021139340495,203.24247209633776,-1.1365004999999968,-26.627289339321635,-45.53790639809693,18.910617058775294,38.3999995,38.3999995,38.3999995,39.4400005,40.229999500000005,38.6933325,100.0,76.0,24.0,36.618499857216,,0.0,0.0,96.87500022311325,63.702987033033246,1.0,0.9999999999999999,0.9999999999999997,4.780995957217258,60.254578932399305,93.65078987150191,91.7674393863072,-6.349210128498099,0.5883527852941128,38.90508200836258,10.406080927933232,10.117583276726473,1.9553880799950816,8.16219519673139,0.9699055202662343,0.9652321306855338,36.5164694014795
140,2020-12-21,40.009998,40.240002,38.810001,39.77,39.515652,1658300,-3324386.0633647307,26257250,0.044991341604140145,449771.9877488572,69.37644078976084,-79.76526261819316,3.4829293932570726,7548.755437194959,1121.3530071499633,38.29338786175961,1.1764124642515505,37.9709998,40.444004875127284,35.49799472487272,13.025756962698058,0.863727559254485,0.0,0.0,38.32055556666667,39.51888826666667,37.12222286666666,6.254255358669074,1.1047754656671434,1.0,0.0,35.880001,40.919998,38.3999995,13.273279678034708,0.7718256578327335,4.307990743626426,0.3092171586413244,-0.08443281458874119,0.39364997323006556,38.195555250000005,38.17564088461538,38.77321021001652,38.4639930513752,18.990298563776555,28.594348196102587,21.314671554899416,1.0251756217373202,0.8792818196872779,0.14589380205004232,-0.06388908571566096,23.820624543542316,121.1431548737028,-0.9376668000000024,-19.74134591972075,-42.685449054485645,22.944103134764894,38.3999995,38.3999995,38.3999995,39.4400005,40.229999500000005,38.6933325,96.0,72.0,24.0,37.0486496714944,,0.0,0.0,98.43750011155663,57.838956623074324,0.7730194881834009,0.9243398293944668,0.9747799431314887,6.547126498140115,60.43242842371667,77.18256578327335,89.89727506417994,-22.81743421672665,0.963147014705882,38.96660834326193,8.168632967699608,7.775986792418054,3.1195078224796764,4.656478969938378,-2.0443301499669886,-2.0655158127002693,33.725622057834585
141,2020-12-22,39.860001,40.939999,39.77,40.849998,40.588745,1141000,-2358926.625365213,27398250,0.09086666069312115,561558.520641877,74.93619760184028,85.10927519737086,15.796706429615986,-2916.0195598295904,1151.804578812421,38.458934073951404,1.1757711178263952,38.110833050000004,40.884623079245046,35.33704302075496,14.556438719699106,0.9937585255408697,0.0,0.0,38.626999833333336,39.85766553333333,37.39633413333333,6.372049112330962,1.4031689786538568,1.0,0.0,35.880001,40.939999,38.41,13.277059552493828,0.982213234076377,3.954166269065777,0.4519818651793912,0.02285012136488529,0.4291317438145059,38.51361066666667,38.23833307692308,39.092716023860135,38.64073415868074,19.195326925394244,30.845326095432373,19.778586622072083,1.159779959159539,0.8048317134868941,0.35494824567264494,-0.024649172009896823,23.861613183855418,154.93184589888008,-0.7708330500000002,-11.44834305692399,-38.53553602669055,27.087192969766562,38.41,38.41,38.41,39.4400005,40.229999500000005,38.6933325,100.0,68.0,32.0,37.435784504344966,,0.0,0.0,99.21875005577832,62.656071550828486,0.9594767770003392,0.9108320883945799,0.9450573059296822,9.671082114259354,65.05971565239099,98.2213234076377,89.68489302080432,-1.778676592362307,1.2456861794117629,39.14114687682097,10.306026195373775,3.6506633450597645,3.225738926995694,0.42492441806407033,2.715609756097548,2.6793913126803126,37.357088096839284
142,2020-12-23,40.959999,41.220001,39.810001,39.84,39.585209,932900,-3252130.076287194,26465350,0.11362428528484822,346731.99852160935,76.2346411010449,24.18288294565339,19.428290893377312,7919.570466863268,1123.3267237831162,38.62639499220604,1.199194006043756,38.21849965,41.083733184911786,35.35326611508821,14.99396135981904,0.7829612892357004,0.0,0.0,38.965333333333334,40.168999033333336,37.76166763333333,6.178136292088704,0.8633345482332297,0.0,0.0,35.880001,41.220001,38.550001,13.972291034192924,0.7415728464419478,3.6239741194376114,0.4781141239749829,0.11390292188690482,0.36421120208807806,38.721944,38.25961511538462,39.20768278942012,38.729568665445136,19.583240842624086,29.90559393560747,18.086903161609168,1.1616697322078624,0.7348055143396277,0.4268642178682347,0.010559816097811182,23.953881962392064,118.66878651780469,-0.5518316499999969,-0.9571231314434353,-32.9327251627793,31.975602031335864,38.6050015,38.550001,38.57750125,39.4400005,40.229999500000005,38.6933325,96.0,64.0,32.0,37.85629024382357,,0.0,0.0,99.60937502788916,56.19031470504093,0.7092050874732688,0.8139004508856695,0.883024122891572,10.182749121448142,54.604780622533724,74.15728464419477,83.18705794503528,-25.84271535580523,1.450500114705875,39.219753724897885,6.695232994108194,-0.7543373674194013,2.429723668112675,-3.184061035532076,-2.4724554454078507,-2.5035339630004927,33.96099529253534
143,2020-12-24,40.009998,40.41,39.84,40.049999,39.793865,412000,-3360552.57453281,26877350,0.14722039328620296,309558.7970185221,73.70185519459127,-53.95644902912579,15.203179022281708,-20893.86044458734,1129.2478454866232,38.728446331231005,1.1362746054393797,38.35633305,41.294574291386134,35.41809180861387,15.320761958949202,0.7882108395566936,0.0,0.0,39.357333266666664,40.54933246666667,38.16533406666667,6.057316901648691,0.7905479019337139,0.0,0.0,35.880001,41.220001,38.550001,13.92208163652913,0.7808985018726586,3.325255725989825,0.5098915788834901,0.1931006532862219,0.31679092559726824,38.92055491666667,38.312820153846154,39.337269898740104,38.827378319856614,19.943446622908937,28.83200239375831,17.437594998916964,1.1582811337625165,0.7873292958073732,0.3709518379551433,0.04257722699519761,24.01120257183924,94.60582840668515,-1.9830000500000011,10.466959129909007,-25.75333476392612,36.22029389383513,38.8700005,38.550001,38.710000750000006,39.4400005,40.229999500000005,38.6933325,92.0,60.0,32.0,38.32720974968827,,0.0,0.0,99.80468751394457,57.179748670515146,0.7475033588312506,0.8053950744349527,0.8433758712384005,10.89949304024343,53.25907383098486,78.08985018726585,83.48948607969945,-21.91014981273414,1.5900786411764685,39.33744238136645,6.327427209648589,-7.111512033640345,0.521476527762071,-7.632988561402416,0.5271059236947595,0.5257215829181483,34.66711163416274
144,2020-12-28,40.240002,40.25,38.540001,38.810001,38.561794,1315300,-4260494.4368964685,25562050,0.0991662513946709,32340.48753016183,68.34019206930819,-94.90598456629708,7.6592907566263095,-38551.6546835993,1129.2478454866232,38.819513445804,1.193647044895442,38.395833100000004,41.33616633187174,35.45549986812827,15.315897556975958,0.5704287350002755,0.0,0.0,39.61699993333333,40.863999033333336,38.370000833333336,6.295272747045077,0.17642361035652068,0.0,0.0,35.880001,41.220001,38.550001,13.907759172960887,0.5486891385767786,3.367289498735466,0.4300604956479006,0.24049262175855765,0.18956787388934296,39.12361058333333,38.32756380769231,39.25615160662625,38.826091110978346,18.85306534856471,25.835533538448548,23.526331781894275,1.0682693715607425,0.8192308433432438,0.24903852821749872,0.06464817279781533,24.170701667425206,41.70271034144961,-2.3024991000000057,17.660322575099375,-17.986939312872146,35.647261887971524,39.710001000000005,38.550001,39.13000100000001,39.4400005,40.229999500000005,38.6933325,88.0,56.00000000000001,31.999999999999993,,41.220001,0.0,1.0,99.20183303697291,49.99904749915116,0.46955813803051694,0.642088861445012,0.7537947955885448,9.152512620999557,48.84723778384263,54.86891385767787,69.0386828963795,-45.13108614232214,1.4633436323529452,39.311967617246175,6.699050647901849,-7.6586557600983065,-1.1145499298100048,-6.544105830288302,-3.096124921251553,-3.1450677398209503,30.497649630127775
145,2020-12-29,39.049999,39.139999,37.939999,38.119999,37.876205,1187100,-5091464.436896469,24374950,0.0023578299685163943,-89294.06414557552,62.25990336517194,-86.42926459438955,1.112829385273174,-61828.75116380509,1109.1709773648868,38.90926756650171,1.194282340405898,38.395833100000004,41.33616633187174,35.45549986812827,15.315897556975958,0.45309475521173903,0.0,0.0,39.6706665,40.8286655,38.512667500000006,5.838061732590233,-0.16954613086885542,0.0,1.0,35.880001,41.220001,38.550001,13.907759172960887,0.41947528089887615,3.6777007152532586,0.3075709062679053,0.2539082786604272,0.053662627607478086,39.29249933333333,38.2885895,39.08135889791452,38.773787991646614,17.723286353552552,23.95411601648936,25.454232235412654,1.029589318001546,0.8950247398419587,0.13456457815958733,0.0754537264973518,24.334272627995745,-1.699592181252095,-1.7258351000000047,19.56566525463485,-10.164487363067362,29.730152617702213,39.58,38.550001,39.0650005,39.4400005,40.229999500000005,38.6933325,84.0,52.0,32.0,,41.166401,0.0,0.0,95.2634528901795,46.4996869684077,0.33410750275584067,0.5170563332058693,0.6548467563619446,6.558160944346575,41.57394390633641,41.94752808988761,58.30209737827712,-58.05247191011239,1.323401970588236,39.301669130973046,5.615067314091853,-8.725111761460644,-2.6366622961401327,-6.088449465320512,-1.7778974033007655,-1.7938918594317066,28.177535305985213
146,2020-12-30,37.889999,38.619999,37.869999,38.25,38.005379,1059900,-5077329.61049647,25434850,0.0009240471313847681,-56853.76071049331,63.67946654149055,-20.874610812340908,0.9269367392905757,-17490.832888996065,1112.9535938394679,39.02618711359306,1.1498541063653083,38.39033305,41.33132526062932,35.449340839370684,15.321524857827812,0.4761418868277156,0.0,0.0,39.6113331,40.725332300000005,38.4973339,5.62464887100708,-0.11101170449673596,0.0,1.0,35.880001,41.220001,38.550001,13.909751689429543,0.4438200374531832,3.5869271843381805,0.21846864785032238,0.24682035249840625,-0.02835170464808387,39.424166166666666,38.28230742307692,38.953457529004595,38.73498888115427,16.73774597219165,22.834856643907937,24.700981012192013,1.0624629512826935,0.9345535173402467,0.1279094339424468,0.07876871885692728,24.433908755949517,-9.612275304255128,0.06966595000000098,19.91858476407194,-2.949841864706905,22.868426628778845,39.545,38.550001,39.0475005,39.4400005,39.46999925,38.6933325,80.0,48.0,32.0,,41.03734492,0.0,0.0,86.05876323388549,47.248788054758165,0.36310314842872693,0.3889229297383614,0.5160227081297474,4.730584251568512,41.9281852056886,44.38200374531832,47.0661485642946,-55.61799625468167,0.8947842676470543,39.285445262437754,4.30870489821134,-10.235564001521688,-4.156442637216443,-6.079121364305244,0.34103096382558373,0.3404507719492411,28.614660390047074
147,2020-12-31,38.27,39.130001,37.849998,39.07,38.820133,2936500,-2416130.428541426,28371350,0.12927378775396026,295258.20510529156,71.80609061222917,10.679427039043073,4.947236976831372,66567.0054862409,1112.9535938394679,39.157585505881585,1.1628689957287777,38.5051663,41.36281242497834,35.64752017502166,14.84292316887533,0.5988284894800057,0.0,0.0,39.54133303333333,40.70033273333333,38.382333333333335,5.86221865116668,0.29666386741371276,0.0,0.0,35.880001,41.220001,38.550001,13.868268892530411,0.5973780898876401,3.4083426208938365,0.21158262033966935,0.23977280606665888,-0.02819018572698953,39.474999583333336,38.32141,38.97138713992696,38.75980451958729,15.760246211235511,24.18003968765536,22.747460738076303,1.085302637909149,0.8240153553970142,0.26128728251213484,0.08094878852083424,24.613808411411963,10.399630576615406,0.42483370000000065,23.77058537152775,3.623112849759235,20.147472521768517,39.5349995,38.550001,39.04250025,39.4400005,39.558332500000006,38.6933325,76.0,44.0,32.0,,40.8473041648,0.0,0.0,62.60364838453755,51.830310257769305,0.44460447391631064,0.38060504170029263,0.42886143488150763,4.57852171782411,46.32470269867384,58.89098640363028,48.4068394129454,-41.10901359636972,0.5000780999999961,39.284230787455876,1.5860660838810652,-1.2979466914384286,-3.5847434480608404,2.2867967566224117,2.1437908496731994,2.1211348794434315,31.371889710827183
148,2021-01-04,39.310001,39.98,38.02,38.240002,37.995438,1628500,-3679045.4724189863,26742850,0.12011480860355632,59985.35537596347,71.82535410507117,61.381699723671936,7.648730962584291,28356.77604316691,1089.310152401547,39.31636020573848,1.2425820961558993,38.5788331,41.327290839986844,35.83037536001315,14.248527076298984,0.4383597762719063,0.0,0.0,39.429333166666666,40.67133316666667,38.18733316666667,6.299878289851376,0.021203234031130534,0.0,0.0,35.880001,41.220001,38.550001,13.84178724679986,0.4419477528089879,3.6257774073827513,0.1375657199214757,0.21933138883762224,-0.08176566891614653,39.41749975,38.34269207692308,38.85886634916897,38.721300629247494,15.597394601459353,26.393683624141268,20.123074117716598,1.084848582018581,0.8170800745851611,0.26776850743341984,0.07789752601510705,24.897369578898438,9.450744699965577,0.6211679000000032,24.787597812048524,9.335878088800364,15.45171972324816,39.5349995,38.550001,39.04250025,39.4400005,39.503333000000005,38.6933325,72.0,40.0,32.0,,40.607519671616004,0.0,0.0,31.301824192268775,47.347764708583306,0.04929738695423168,0.28566833643308964,0.3517321026239144,3.0332430406086677,37.0951630501221,36.59577944770636,46.62292319888499,-63.40422055229364,0.2870388647058775,39.229667474510606,-1.7724068841510474,-1.1527399568260566,-3.098342749813884,1.9456027929878275,-2.124386997696448,-2.1472768582524893,28.581042367182242
149,2021-01-05,38.07,38.939999,38.02,38.869999,38.62141,1352200,-2532615.261299193,28095050,0.16064214066971136,173113.43937939784,64.9473976262037,-35.37937731101146,-1.6892772639484808,-12318.395948765166,1107.2563368207454,39.415125514395505,1.2103237865403091,38.6706664,41.32764361724944,36.01368918275056,13.741564160112022,0.5375111609361769,0.0,0.0,39.24033323333333,40.480333333333334,38.000333133333335,6.32002838827404,0.3506716921501318,0.0,0.0,35.880001,41.220001,38.550001,13.808916414225546,0.5599247191011232,3.8502417803998847,0.12826374130412432,0.20111785933092266,-0.07285411802679834,39.389999583333335,38.403333153846155,38.86057906468143,38.73231532337731,15.446175249524348,24.93924892172818,19.014183910012974,1.059481958439431,0.9517081548168255,0.10777380362260558,0.07452987287495692,25.0848076164899,-3.4282335570702878,1.5393326000000016,25.314791322631525,14.342115560172838,10.972675762458687,39.5349995,38.550001,39.04250025,39.4400005,39.25166625,38.6933325,68.0,36.0,32.0,,40.38691793788672,0.0,0.0,15.650912096134387,50.82423218845846,0.25137881707609966,0.24842689264888054,0.30490009026075415,2.8207678896440402,43.073331646243936,30.26706504415573,41.91794363183079,-69.73293495584427,0.12423473823529463,39.21470389471629,-0.8418418152591383,-2.40141701384184,-2.9589576026194755,0.5575405887776355,1.647481608395318,1.63405786528954,30.69939139206457
150,2021-01-06,38.580002,39.84,38.27,39.509998,39.257313,1378500,-1733615.5886877284,29473550,0.17468170077563444,274417.03682519874,64.71879037478439,65.48790605730885,-3.8053692716213052,44974.407209085955,1107.2563368207454,39.44198357198106,1.2462914078862783,38.7791663,41.38669384791132,36.17163875208868,13.448084611923786,0.6401388262581184,0.0,0.0,39.200333066666666,40.45433306666666,37.94633306666667,6.397904823244041,0.6234708665603421,0.0,0.0,35.880001,41.220001,38.550001,13.770280564283311,0.6797747191011237,3.9487917947468096,0.1705682225434728,0.1950079319734327,-0.024439709429959877,39.331666166666665,38.46064076923077,38.96048967011505,38.78992144757158,16.02678328401257,27.917416490853814,17.265649723026353,0.9758065542775916,0.9458526216977876,0.029953932579803944,0.07419669872976037,25.318511674156767,30.021642913331124,1.8208316999999994,25.797943466960245,18.48059184060442,7.317351626355826,39.5349995,38.550001,39.04250025,39.4400005,39.224999249999996,38.6933325,64.0,32.0,32.0,,40.18396434285578,0.0,0.0,7.825456048067194,54.1371303105549,0.44395222506475773,0.24820947636502957,0.26076823514899977,3.6698815204416646,47.76749831881714,49.25811638743353,38.70698695976521,-50.74188361256647,0.21600942352941388,39.216888992231155,-1.7408630127048754,-3.246338191502525,-3.0164337203960856,-0.22990447110643952,1.6465114907772582,1.6331034665852062,32.85137188971083
151,2021-01-07,39.650002,40.259998,39.400002,40.169998,39.913094,1238100,-754654.0032850147,30711650,0.1655799644540479,351949.7458501698,64.34443858322098,53.832234876019754,-2.666404748811995,43379.16650309808,1125.752647104074,39.47416601926305,1.2076618670976509,38.9043328,41.5265237488578,36.2821418511422,13.480200070968957,0.7413373443591726,0.0,0.0,39.14266643333333,40.365666133333335,37.91966673333334,6.248934022330732,0.9200048318354718,0.0,0.0,35.880001,41.220001,38.550001,13.725977585715087,0.8033702247191006,3.9737745208939157,0.2544185343686749,0.20689005245248113,0.04752848191619377,39.295832833333336,38.539486884615386,39.14656787471273,38.892149340344055,16.868273614650537,28.993863563300295,16.37722969560923,0.9988415403301554,0.9577059381501307,0.041135602180024655,0.07910355447552772,25.462166656113624,72.24020019336807,0.8656672000000043,25.28511022307755,21.396395546662305,3.888714676415244,39.129999,38.550001,38.84,39.4400005,39.224999249999996,38.6933325,60.0,28.000000000000004,31.999999999999996,37.849998,,1.0,0.0,10.98141115323854,57.329642308567934,0.6295277824299208,0.44161960819025925,0.3127519924013897,5.37691434056771,54.94267228602505,68.84266868605154,49.4559500392136,-31.15733131394846,0.5109508000000034,39.231592395408484,-1.0591133526656817,-4.628084601661012,-3.3387638966490707,-1.2893207050119413,1.6704632584390255,1.6566644779588469,35.07060524546066
152,2021-01-08,40.27,40.860001,40.150002,40.799999,40.539063,1179900,225819.35019858996,31891550,0.24807745676066087,407862.3792858598,63.868791667027374,40.6178820237728,-0.9580770991054008,39186.81558305778,1143.4082440356,39.508649101025796,1.1578955803878854,39.125666100000004,41.599013977748015,36.65231822225199,12.643096587424035,0.8384750109484154,0.0,0.0,39.17399976666666,40.32699936666667,38.02100016666667,5.886555403418845,1.2051169980168814,1.0,0.0,35.880001,41.220001,38.550001,13.648329938592413,0.9213479400749057,3.9739091596058174,0.36747035663209004,0.23900611328840293,0.1284642433436871,39.381666083333336,38.633332961538464,39.40094189398769,39.0334715373556,18.05455643472566,31.422454035259772,15.660765660833853,1.0391927192355814,0.9429928996394893,0.09619981959609214,0.09033005961842352,25.4098197331209,108.15327090804173,1.7243318999999957,28.13954270624595,23.360015944033076,4.779526762212875,39.3549995,38.550001,38.95250025,39.4400005,39.12666575,38.6933325,56.00000000000001,24.0,32.00000000000001,37.898198,,0.0,0.0,30.16741674045248,60.1791132110123,0.7951629159066437,0.6228809744671073,0.43757001967413195,7.69752468262159,59.83536093335952,87.53704373556928,68.54594293635145,-12.462956264430721,0.8615491999999989,39.26865532206939,2.5898893638420835,-6.0211974091492895,-3.8752505991491146,-2.145946810000175,1.5683371455482709,1.556165831752132,37.1889677202421
153,2021-01-11,40.5,41.23,40.5,40.91,40.648361,797000,324079.6241711891,32688550,0.27387399521754124,362120.72467359377,56.78469759488287,32.97351380175642,0.2109909095170777,20653.60407710823,1146.4909904408673,39.336083347933084,1.1151060223490965,39.366499399999995,41.53057169805399,37.202427101946,10.994486840524079,0.8566194626186862,0.0,0.0,39.2519998,40.42099939999999,38.0830002,5.956382380293377,1.2091534505229968,1.0,0.0,35.990002,41.23,38.610001,13.310805075037994,0.9389312744012497,3.9739091596058174,0.4606310338284132,0.283331097396405,0.1772999364320082,39.38666625,38.79243546153846,39.633104679528046,39.17247364569963,19.39160338898264,32.31241150279462,14.937207931293294,1.0096214117240707,0.9597114658864538,0.049909945837616876,0.10566069736475275,25.370045120415295,121.45978925726016,0.4735006000000084,30.63356467485573,24.80148728845045,5.832077386405281,39.539998999999995,38.5550005,39.04749975,39.4400005,38.959999749999994,38.6933325,100.0,20.0,80.0,38.01667012,,0.0,0.0,53.51803552507121,60.67293422339748,0.877253644383485,0.767314780906683,0.6106051211880165,9.716439272290994,59.90925130138438,90.53254998073965,82.30408746745348,-9.46745001926036,1.1727354941176458,39.30349088583897,0.14688372812159556,-9.286856891458353,-4.957571857610962,-4.32928503384739,0.2696103007257422,0.2692475040995568,37.55884330867518
154,2021-01-12,41.0,41.759998,40.900002,41.509998,41.244522,981500,734937.4351377534,33670050,0.2843225001599303,394517.48357736703,64.716576922189,40.74357004584861,8.818764671234346,16543.759557551803,1146.4909904408673,39.42543185560192,1.089595020114187,39.6084994,41.58679315998727,37.630205640012726,9.98923862279556,0.9805905569889266,0.0,0.0,39.470999666666664,40.554998966666666,38.38700036666667,5.4926366656755246,1.4404979935565172,1.0,0.0,36.52,41.759998,39.139999,13.229478721428158,0.9522900581259763,3.9361699146788633,0.5762339001921646,0.3419116579555569,0.2343222422366077,39.52583275,38.974871307692304,39.921857498062195,39.34562359787003,20.953903656951155,33.935633469551476,14.110124543736772,1.1331211591140404,0.9031849126537711,0.22993624646026933,0.1258768503660859,25.36246919749678,148.99109022024808,0.4414996000000002,37.025578170197875,26.7414776124019,10.284100557795973,39.804998,38.8199995,39.31249875,39.4400005,38.89999975,38.873333,100.0,16.0,84.0,38.2094699128,,0.0,0.0,75.86232637567949,63.3431802358386,1.0,0.8908055200967094,0.7603337584901665,12.240389575584071,57.7337238752674,93.60613810741688,90.55857727457527,-6.393861892583114,1.668421873529411,39.57033544570392,4.19176204819277,-10.849293957458904,-6.135916277580551,-4.713377679878353,1.466629186018098,1.455978194247809,39.57632145258911
155,2021-01-13,41.830002,41.830002,39.810001,39.860001,39.60508,1228200,-432460.61476420565,32441850,0.1897092488003407,48654.083723456424,57.73804037054079,-83.87864191487574,-3.2518008367832687,-34425.23239614397,1146.4909904408673,39.429453113220184,1.1826356181027684,39.6784995,41.58713412244742,37.769864877552585,9.620497985048127,0.5475474713351001,0.0,0.0,39.680999899999996,40.8469993,38.5150005,5.876865013172214,0.5767586587094287,0.0,0.0,37.849998,41.830002,39.84,10.030631324654808,0.5050253718337964,4.077010533914868,0.5286154860874959,0.3792524235819447,0.14936306250555115,39.50999958333333,39.08358930769231,39.91234111374493,39.383725627657434,21.03311247854923,29.76648584020663,19.00591527967489,1.002416979874251,0.9462233609403943,0.05619361893385677,0.13987120047219165,25.531074576084965,70.1270541127754,-0.8684985000000012,40.98700957250624,29.08241370222793,11.904595870278307,39.84,38.8550015,39.34750075,39.4400005,38.77499975,38.873333,96.0,12.0,84.0,38.493512159776,,0.0,0.0,87.93116318783974,52.738338140900474,0.3703893885573025,0.7492143443135957,0.8024448817723293,11.190981005934589,53.573883169811076,50.502537183379644,78.21374175717872,-49.497462816620356,1.9470103352941166,39.58446967460488,-0.47440200934837173,-10.524886653601662,-7.0137103527847735,-3.5111763008168886,-3.974938760536695,-4.056097401132952,34.02824815063887
156,2021-01-14,39.790001,39.790001,37.380001,37.470001,37.230366,1741200,-2043612.4819841175,30700650,0.12177248423097259,-552791.9282370356,55.42926597451538,-309.3470712726853,-27.075368995236033,-153222.30261350685,1146.4909904408673,39.271049626970566,1.3123720562924912,39.605499550000005,41.72328447198935,37.48771462801066,10.694398232830002,-0.004182112127329352,0.0,1.0,39.67766673333333,41.00966613333333,38.34566733333334,6.714101456379138,-0.3287037266433216,0.0,1.0,37.380001,41.830002,39.6050015,11.235815860325388,0.020224714556244684,4.790753279670376,0.29462823303014574,0.36232758547158495,-0.06769935244143921,39.39833291666667,39.088589346153846,39.5365964808611,39.241968247830954,20.099994858810977,25.607040007173538,30.04196872755892,0.8603858696198122,1.0771850476898606,-0.21679917807004834,0.13676360944738647,25.832142082554196,-117.09272147642434,-1.4855005500000047,35.305219316465234,30.364039696109874,4.94117962035536,39.6050015,38.8550015,39.2300015,39.4400005,38.77499975,38.876667,92.0,8.0,84.0,,41.830002,0.0,1.0,81.83801574833487,41.81738301299226,0.0,0.4567964628524341,0.6989387757542462,6.182175140574134,42.069095435892606,2.0224714556244683,48.710382248807,-97.97752854437553,1.6772752411764742,39.555556632968845,-3.4527182825890583,-7.087987291156531,-7.0285657404591255,-0.0594215506974054,-5.9959858004017486,-6.183270037884281,25.991933422999345
157,2021-01-15,37.470001,38.0,37.02,37.240002,37.001835,2153100,-3230005.7346372027,28547550,0.1124640730112063,-544566.059474604,50.92429103486018,-48.929496075425824,-26.71630092711461,-117618.29994431387,1146.4909904408673,39.05659649058829,1.2791348506632416,39.5074996,41.859695793349154,37.15530340665085,11.907593328681074,0.01800415152201825,0.0,0.0,39.551333500000005,40.8533326,38.2493344,6.583844259005829,-0.38760871647300116,0.0,1.0,37.02,41.830002,39.425001,12.174908684932308,0.04573844252039686,5.49869291078671,0.089599801340988,0.30778202864546556,-0.21818222730447756,39.32499983333333,39.072179115384614,39.183274253036316,39.09367445169533,19.481824234624384,24.16976643850422,30.417624157406536,0.841930055103183,1.1297837442310708,-0.2878536891278878,0.12096539088304759,25.877094030057158,-154.24414505804342,-1.2574996000000027,27.662040590646942,30.683422227065257,-3.0213816364183153,39.425001,38.8550015,39.14000125,39.4400005,38.77499975,39.046667,88.0,4.0,84.0,,41.830002,0.0,0.0,59.28553580941575,40.93880154724409,0.0,0.1234631295191007,0.4431579788950433,2.05272578059231,36.604588882483824,4.573844252039686,19.032950963681266,-95.42615574796031,1.080333764705884,39.46644870347628,-2.308491666015004,-2.113448601426075,-6.045542312652516,3.9320937112264405,-0.6138217076642416,-0.6157133379055324,25.218567585743102
158,2021-01-19,37.470001,37.650002,36.470001,36.860001,36.624264,1671500,-3796616.8404752645,26876050,0.048235255736300275,-557509.7183353748,50.26888102671554,-31.767794196739345,-22.20643018643191,-30272.3616052178,1134.7920726250595,38.879451104020156,1.2692214655969172,39.33999970000001,41.933019320443826,36.74698007955619,13.182611287329616,0.021793302208886544,0.0,0.0,39.376000233333336,40.59999943333334,38.152001033333335,6.216980865231903,-0.5277781363473669,0.0,1.0,36.470001,41.830002,39.1500015,13.624812000189202,0.07276118045500247,6.116998021693758,-0.10236956025411814,0.22575171086554882,-0.32812127111966694,39.209166583333335,39.090897115384614,38.82584759872304,38.928217158977155,19.27789783047692,22.52999915384694,31.51617851984007,0.8799999657142765,1.144571355591816,-0.2645713898775395,0.09524969005024685,25.946724956177203,-155.84296178371963,-0.2699997000000067,21.06714182239669,30.211461171483606,-9.144319349086917,39.1500015,38.8550015,39.0025015,39.4400005,38.61166575,39.273332499999995,84.0,4.0,80.0,,41.63760192,0.0,0.0,31.310249908869594,39.463554147999936,0.0,0.0,0.19341986412384482,-1.7132226238369168,33.939991103203546,7.2761180455002465,4.624144584388134,-92.72388195449975,0.3342359470588292,39.39162093547412,-3.6339843137254983,-0.9206117768290752,-5.0205562054878285,4.099944428658754,-1.0204107937480833,-1.02565267432011,23.940823806321454
159,2021-01-20,37.0,37.959999,36.619999,37.759998,37.518509,1295300,-2887975.490176757,28171350,0.03681601320014705,-311327.4565588916,56.13938498625749,23.793457114182065,-14.333378635819654,14570.694203042043,1162.4998705978905,38.8171137714706,1.2762993190372258,39.197999700000004,41.810442366013305,36.5855570339867,13.329469289287744,0.22477832361495365,0.0,0.0,39.259666833333334,40.52566613333333,37.99366753333333,6.449363441490577,-0.09228659657763105,0.0,1.0,36.470001,41.830002,39.1500015,13.67416970514441,0.2406710371882394,6.329057744548997,-0.17981166907929946,0.14463903487657917,-0.3244507039558786,39.09999975,39.154999576923075,38.66187073738103,38.84168240646033,18.802831862195273,22.576281293702575,29.10163899405137,0.9234693660627458,1.062925187903965,-0.13945582184121919,0.06837023481545436,25.97321528120383,-113.5958791007451,-0.9579977000000071,16.551620136602473,29.184091912554965,-12.632471775952492,39.1500015,38.910002,39.03000175,39.4400005,38.38500025,39.273332499999995,80.0,96.0,-16.0,,41.3275458648,0.0,0.0,15.655124954434797,44.559210638678174,0.21338929143757976,0.07112976381252643,0.06486429777720894,-3.2363774666831997,37.37569441024732,24.06710371882394,11.972355338787958,-75.93289628117606,-0.4545485470588275,39.3567810048786,-3.35296135142052,-1.9837543846985783,-4.413195841329978,2.4294414566314,2.441662983134507,2.412330893984027,26.96704102219234
160,2021-01-21,37.610001,37.860001,37.049999,37.200001,36.96209,1161400,-3619222.6688256953,27009950,-0.011005020527748531,-359763.6078790504,55.939440192015965,11.507761322713689,-12.020352054744325,14402.79943812259,1145.2594978617688,38.765237710067865,1.2296695871335028,39.06949975,41.80660965407894,36.33238984592106,14.011491939202225,0.15849037570358382,0.0,0.0,39.07600026666667,40.26599976666667,37.88600076666667,6.090692455108382,-0.28823531718570855,0.0,1.0,36.470001,41.830002,39.1500015,13.719144177165967,0.13619400444141658,6.6980541913618765,-0.2831086754912846,0.05908949280300642,-0.342198168294291,39.013333,39.175384307692305,38.43696770086087,38.720076376352154,18.361699177362315,21.50381827671967,27.71919557262689,0.9519773929905189,1.0389829444603862,-0.08700555146986733,0.03892552247502714,25.762086573853313,-104.7647064632401,-0.19950074999999856,11.969482723450819,27.70457774592977,-15.735095022478953,39.1500015,39.1500015,39.1500015,39.4400005,38.38500025,39.273332499999995,76.0,92.0,-16.0,,41.036093172912004,0.0,0.0,7.827562477217398,42.18007141663905,0.11375878578025869,0.10904935907261266,0.06005970762837959,-5.240327680201852,35.49384920635381,13.619400444141657,14.987540736155282,-86.38059955585834,-1.101323361764699,39.23662770099198,-2.7196677447872433,-3.556251620940374,-4.241806997252057,0.6855553763116835,-1.4830429810933854,-1.4941500150375653,25.084065232010765
161,2021-01-22,37.209999,37.279999,36.259998,37.02,36.783241,1605600,-2832159.8945734976,25404350,-0.017362726666652617,-349655.8932677569,44.848023764061814,-43.51658040617178,-15.891495443688244,-24993.136392927187,1145.2594978617688,38.619490641668385,1.208702728420152,38.87799985,41.625933040892114,36.13006665910789,14.136186025486147,0.16192776153396912,0.0,0.0,38.76700023333333,39.97300023333333,37.56100023333333,6.221786533604606,-0.22429528745162866,0.0,1.0,36.259998,41.830002,39.045,14.326879009955027,0.1364455034502669,7.201727730371096,-0.37517212295946223,-0.027762830349487316,-0.3474092926099749,38.85916641666667,39.11999973076923,38.2189726699592,38.59414479291866,18.526464851817796,20.20235728864252,30.729079945178228,0.907110065111831,1.102064364123958,-0.19495429901212702,0.008047548495733355,25.576855028129422,-121.61639014311056,0.6319981500000011,5.510912641043738,25.19028551646286,-19.679372875419123,39.045,39.045,39.045,39.4400005,38.34250075,39.273332499999995,72.0,88.0,-16.0,,40.76212764253729,0.0,0.0,3.913781238608699,41.41463329300844,0.08170476111441902,0.1362842794440857,0.10548780077640814,-7.0801867404268926,35.708435556557994,13.64455034502669,17.1103515026641,-86.35544965497331,-1.4409904794117665,39.01931355708629,-4.759452141997731,-2.3100932734995907,-3.8554642525015645,1.5453709790019738,-0.48387364290661816,-0.48504810154694766,24.478816408876945
162,2021-01-25,36.939999,37.189999,36.380001,37.150002,36.912415,1474800,-1503008.589014717,26879150,0.06292347135265196,-272315.4871437922,44.20280906612664,0.8239208704231268,-20.21705107606316,-2590.065226716164,1149.2812705587169,38.47756850640676,1.1688322555781367,38.74349995,41.55257139540815,35.93442850459185,14.500865688610306,0.2163657135519263,0.0,0.0,38.39733356666667,39.61333346666667,37.18133366666667,6.333772619334321,-0.012883087682271413,0.0,1.0,36.259998,41.830002,39.045,14.376615450819635,0.1597851635295052,7.538517303179594,-0.4326556088908333,-0.10874138605775653,-0.3239142228330768,38.662500083333335,39.05153826923077,38.054515643811634,38.48717125270247,18.679461549526454,19.20816697414322,29.21685277195889,0.8974831358122745,1.1669737365755775,-0.269490600763303,-0.02183958909545893,25.43733747348334,-108.56874553931705,1.4264980499999993,-2.8092151914235197,21.474421086876276,-24.283636278299795,39.045,39.045,39.045,39.4400005,38.53750025,39.273332499999995,68.0,84.0,-16.0,,40.40195727113431,0.0,0.0,1.9568906193043496,42.23002216188841,0.11585055828396609,0.1037713683928811,0.11636833563652638,-8.344366900035705,44.71314339206872,15.97851635295052,14.414155714039623,-84.0214836470495,-1.5795688911764643,38.75955880301348,-5.973161527368344,-2.0275306761378293,-3.4898775372288178,1.4623468610909884,0.35116693679091426,0.3505517854216045,24.915944855413596
163,2021-01-26,37.240002,37.360001,35.689999,37.040001,36.803116,2122600,-193859.11182846432,24756550,0.10731571097879053,-266768.72078039456,42.72203959180104,-20.456068972015537,-19.15110048042059,-1105.9997074589446,1149.2812705587169,38.27989144790226,1.2189492300203226,38.59300005,41.42836162955339,35.75763847044661,14.693657274013312,0.22613738910777262,0.0,0.0,37.97900026666667,39.28900036666667,36.66900016666667,6.8985496764102985,0.14160336069185275,0.0,0.0,35.689999,41.830002,38.760000500000004,15.909628668528452,0.21986992514498713,7.9645474558356115,-0.4815369883653773,-0.1833005065192807,-0.2982364818460966,38.401666999999996,38.968461346153845,37.89843646784061,38.37997345620599,19.304762133919358,17.316104758566535,30.408796567938488,0.8615022562211869,1.0886149269049128,-0.22711267068372587,-0.050309884867747706,25.40169335782268,-110.14640114114582,2.206998949999999,-10.374943609250655,16.207696444715328,-26.58264005396598,38.760000500000004,38.760000500000004,38.760000500000004,38.760000500000004,37.9025,39.4400005,64.0,80.0,-16.0,,40.07060052944356,0.0,0.0,0.9784453096521748,41.701144910039716,0.09370292289372706,0.09708608076403724,0.11238057620033458,-9.53340530747222,56.40604580582508,21.986992514498713,17.203353070825305,-78.01300748550129,-1.6699516029411825,38.49620046578863,-7.791877410598833,1.641077330813754,-2.463686563620304,4.104763894434058,-0.2960995802907429,-0.29653882237492546,24.546069266980485
164,2021-01-27,36.41,36.689999,34.09,34.950001,34.726482,3657400,-1431744.5986305804,21099150,0.08881391504211543,-1320654.0463831935,32.49982637559424,-80.68573754578357,-29.59207502349862,-212655.57647390314,1149.2812705587169,37.72476824467596,1.3920544070182896,38.40000005,41.645789602637024,35.15421049736298,16.905153897972564,-0.03145759976907204,0.0,1.0,37.36433366666667,38.848334066666666,35.88033326666667,7.943406207850565,-0.31345418325583596,0.0,1.0,34.09,41.830002,37.960001000000005,20.156255182088202,0.11111121159916977,8.972433197901092,-0.6810704111632049,-0.2828544874480655,-0.39821592371513936,37.914167166666665,38.76615373076923,37.44483101124975,38.12590142241295,20.79542394230617,14.583371273220495,34.16927127298361,0.7524428478462838,1.148208438904741,-0.3957655910584571,-0.08703293250944927,25.575729770761157,-165.27391330905115,2.509999949999994,-23.130993736970336,9.083473854773489,-32.214467591743826,36.9400005,37.960001000000005,37.45000075,37.960001000000005,38.0699995,39.4400005,60.0,100.0,-40.0,,39.63254037649921,0.0,0.0,0.4892226548260874,33.19487822943245,0.0,0.06985116039256424,0.09023620318316077,-13.424212254204527,51.13790232023569,11.111121159916978,16.35887667578874,-88.88887884008302,-1.9956377235294056,37.52708238733396,-14.338230743584084,11.272581963761619,0.28356714185608056,10.989014821905538,-5.642548443775686,-5.807993948369639,17.518496973772702
165,2021-01-28,35.299999,36.400002,34.650002,35.98,35.749889,1899200,-444164.93965916,22998350,0.14271980865161385,-852535.7396427381,33.936672049108,12.439678548862569,-32.54868618972414,-150399.92172315682,1183.151328513628,37.43582909724684,1.4278489663164606,38.29300009999999,41.70547043593076,34.88052976406922,17.822945849211592,0.16109594043267883,0.0,0.0,36.88200033333333,38.33900063333333,35.42500003333334,7.900874610009595,0.19045979834961563,0.0,0.0,34.09,41.830002,37.960001000000005,20.21257665836425,0.2441859834144738,9.642801984634927,-0.7474733673590777,-0.375778263430268,-0.37169510392880967,37.503333833333336,38.5884615,37.2194723941344,37.96694576149348,22.179609907236774,13.247732011278194,31.039828882117575,0.7343344518728923,1.1781457183767112,-0.44381126650381897,-0.12242267685171836,25.69189553605165,-123.7758763350293,3.2169979000000097,-31.650046443976866,1.6439998813910317,-33.294046325367894,36.045,37.960001000000005,37.002500500000004,37.960001000000005,38.3999995,39.4400005,56.00000000000001,96.0,-39.99999999999999,,38.9674355313193,0.0,0.0,0.2446113274130437,39.72068925804303,0.21645700070351975,0.10338664119908213,0.09010796078522776,-14.654001791752588,55.09348535251007,24.41859834144738,19.172237338621024,-75.58140165855262,-2.327960897058823,37.33039476120942,-12.05084331459301,10.423098865158128,2.31147348651649,8.111625378641637,2.947064293360091,2.9044731230265075,20.981842636180215
166,2021-01-29,35.880001,36.509998,35.740002,36.02,35.789639,2705200,-1181950.5904936818,25703550,0.11387433297189782,-715286.6339794875,37.548087072788654,17.07807407984634,-34.23010104286174,58978.093642041276,1183.151328513628,37.13460937369696,1.3620636696848152,38.1815001,41.7351124709273,34.627887729072704,18.6143151087314,0.1958728366543865,0.0,0.0,36.669666899999996,37.9626668,35.376667000000005,7.052149688329992,0.24877534793312797,0.0,0.0,34.09,41.830002,37.960001000000005,20.271602686453896,0.2493539407354159,10.27019136976045,-0.7877893772862166,-0.45818048620145774,-0.3296088910847588,37.045834,38.444230730769235,37.03493817965219,37.8227275569384,23.32670403270394,13.290885914456624,29.748800450125874,0.7527102480857252,1.2028911412381147,-0.4501808931523895,-0.15502036808420555,25.690336961746414,-92.36112287757392,1.678500899999996,-36.3450284831847,-5.467896682368039,-30.87713180081666,36.02499950000001,37.960001000000005,36.992500250000006,37.960001000000005,38.3999995,39.4400005,52.0,92.0,-40.0,,38.382143267560984,0.0,0.0,0.12230566370652185,39.965951243028016,0.22459218473255296,0.14701639514535744,0.1067513989123345,-15.54868421696322,51.283037525596605,24.935394073541588,20.15503785830198,-75.06460592645841,-2.4261273029411683,37.267517914927744,-13.225724559177285,12.92529004324635,4.434236797862462,8.491053245383888,0.11117287381881003,0.1111111225422956,21.116341627437805
167,2021-02-01,36.59,36.75,35.889999,36.220001,35.988361,2225900,-1699593.3866067016,27929450,0.021391017190584404,-549505.3682824178,40.69030440194384,7.534020620850026,-36.04720769864077,15366.755242735131,1189.7207746228464,36.94664768728293,1.3118574027163334,38.03900015000001,41.666471069140194,34.41152923085982,19.072377848186875,0.24927446828007135,0.0,0.0,36.5563335,37.8373335,35.2753335,7.008361492270546,0.36872267759562927,0.0,0.0,34.09,41.830002,37.960001000000005,20.347543230575674,0.27519385653905526,10.820228694512096,-0.7944438423027975,-0.5254331574217257,-0.2690106848810718,36.742500666666665,38.26615392307693,36.90956322893646,37.70400707123926,24.081623666845704,13.987268702489198,28.331440007149116,0.7441023971334567,1.2082050363182073,-0.4641026391847506,-0.18309905961314538,25.59152100069409,-75.47721439532053,-0.5689991500000033,-42.00896449807172,-12.476352940197863,-29.532611557873857,36.02499950000001,37.960001000000005,36.992500250000006,37.960001000000005,38.41,39.4400005,48.0,88.0,-40.0,,37.86708607545366,0.0,0.0,0.061152831853260925,41.25302759202079,0.2672836885100887,0.23611095798205364,0.1621713314421643,-15.905360338148416,51.866294558559844,27.519385653905527,25.624459356298164,-72.48061434609448,-2.5219705205882335,37.23587493323191,-9.131961637431955,12.695454844145528,6.086480407119075,6.608974437026453,0.5552498611882228,0.5537140316512534,21.788839946200422
168,2021-02-02,36.43,37.349998,36.32,37.0,36.763371,1466900,-1229611.955768971,29396350,0.07347822941458854,-307550.2395135017,41.51405127644153,36.16118719755933,-36.37452075923286,43949.04993766676,1215.341453498174,36.778357902972424,1.2936713624446996,37.97700005,41.630901134212195,34.32309896578781,19.242705213163322,0.366307266195378,0.0,0.0,36.54599996666666,37.811999666666665,35.28000026666667,6.928253166719791,0.6793049529685251,0.0,0.0,34.09,41.830002,37.960001000000005,20.380762013349173,0.3759688950984764,10.988842277828665,-0.7283818209647634,-0.5660228901303332,-0.1623589308344302,36.703333916666665,38.15692315384615,36.92347657833085,37.65185839929561,24.03670953882318,16.45744378037742,26.54203717603718,0.7440564997470919,1.196762721294892,-0.45270622154780005,-0.20270084456151363,25.571824233451938,-45.59778604330391,-0.736998050000004,-45.116966698520066,-19.328418144100365,-25.7885485544197,35.9750005,37.960001000000005,36.96750075,37.960001000000005,38.57750125,39.4400005,44.0,84.0,-40.0,,37.41383574639922,0.0,0.0,0.030576415926630462,46.105854785876225,0.6606290091381244,0.3841682941269218,0.25576521575144423,-14.775067535141071,51.745976642446685,37.59688950984764,30.017223079098255,-62.40311049015236,-2.4677647500000006,37.23442068933842,-1.2543394381014386,9.34908320566044,6.739000966827349,2.6100822388330913,2.1535035297210348,2.1306432579901724,24.41156691324815
169,2021-02-03,36.990002,37.470001,36.18,36.610001,36.375862,1492300,-1727043.7466745689,27904050,0.024064438415581042,-346756.70639728784,41.296994775971264,-0.8643084499428917,-30.444925511737654,15860.134961261614,1215.341453498174,36.60558508794359,1.29330432620023,37.864000149999995,41.540161881916454,34.18783841808354,19.41771454338249,0.32944178718896255,0.0,0.0,36.47666683333333,37.73766663333333,35.21566703333333,6.914007827314232,0.5528684329159544,0.0,0.0,34.09,41.830002,37.960001000000005,20.441585594067238,0.3255814404182317,10.967615833188475,-0.6994342108456237,-0.5927051542733913,-0.10672905657223242,36.65083383333334,38.02461553846154,36.87524956627995,37.57468377712557,24.100098994787597,15.271615275575304,25.41155434758619,0.7841385504201684,1.201680672268908,-0.4175421218487395,-0.21737628948545534,25.474787013718586,-47.46140660935042,-1.0039991499999985,-51.67000274855445,-26.399472085434283,-25.27053066312017,35.7800005,37.960001000000005,36.87000075,37.960001000000005,38.710000750000006,39.4400005,40.0,80.0,-40.0,34.09,,1.0,0.0,0.015288207963315231,44.14240647162306,0.8479241050690918,0.5919456009057681,0.4040749510049144,-14.391921015992452,49.12968177290944,44.210536103414654,36.44227042238927,-55.789463896585346,-2.158999844117645,37.21183367044905,-1.6917319177372763,6.6728868922191475,6.7257781519057085,-0.05289125968656094,-1.0540513513513594,-1.0596458197138503,23.100205110961667
170,2021-02-04,36.669998,37.290001,36.580002,37.18,36.942219,1347800,-796876.3005232266,29251850,0.02800843441494824,-187470.7980262462,47.21182249314358,5.7946728000443235,-7.93480093511411,5254.948668636072,1234.2636986287466,36.520142114981546,1.2349737935802065,37.74750025,41.35465780533441,34.14034269466559,19.112034076134144,0.42133691954198677,0.0,0.0,36.441333566666664,37.69233306666667,35.190334066666665,6.865827221780418,0.7952305070199192,0.0,0.0,34.09,41.830002,37.960001000000005,20.50467434595221,0.39922470304271207,10.662606307346664,-0.6233136933922125,-0.5988268620971555,-0.02448683129505702,36.67750041666667,37.961923192307694,36.922134248390726,37.54544794178294,24.15896063246884,14.646105588743838,24.370723164045216,0.9276201463590128,1.1187029020673371,-0.19108275570832434,-0.22482969268608424,25.330599643614782,-33.02618247845528,0.012497750000001417,-54.737126832113184,-33.093698693562835,-21.643428138550348,35.7800005,37.960001000000005,36.87000075,37.960001000000005,39.13000100000001,39.4400005,36.0,76.0,-40.0,34.157600020000004,,0.0,0.0,9.954840250743356,47.65125751861484,1.0,0.8361843714024052,0.6040994221450317,-13.039405003376805,50.1536657886679,79.02813299232734,53.61185286852989,-20.97186700767266,-1.8222941058823494,37.21169205468791,0.8681470193123512,3.823680444518961,6.145358610428359,-2.321678165909398,1.5569488785318608,1.5449527846211897,25.016812373907204
171,2021-02-05,37.459999,37.599998,37.18,37.549999,37.309853,1846900,610292.3050415644,31098750,0.04008217340044047,-63067.66215106817,55.072567391213056,10.346961936488185,-3.700768219977394,39364.09310911277,1234.2636986287466,36.511192543377426,1.1534762142221857,37.6165003,41.0482701000311,34.1847304999689,18.246087608692818,0.4903109322776551,0.0,0.0,36.50033356666667,37.69133276666666,35.30933436666667,6.525963374141091,0.9406658851380159,0.0,0.0,34.09,41.830002,37.960001000000005,20.57608214020909,0.4470281790624857,10.303155427477014,-0.5270562316450409,-0.5844727360067327,0.05741650436169177,36.6600005,37.94000011538461,37.01872882556138,37.54578505720642,23.7938829128,16.15058802889457,23.750989703667162,0.9826450597208367,0.997007839079804,-0.014362779358967237,-0.22479912077828682,25.180326467119365,-9.456442683784998,-0.41649929999999813,-53.8034348785713,-38.759723103245925,-15.043711775325377,35.844999,37.960001000000005,36.9025,37.960001000000005,39.0650005,39.4400005,32.0,72.0,-40.0,34.22384803960001,,0.0,0.0,54.97742012537168,49.85335108143687,1.0,0.9493080350230304,0.7924793357770678,-11.265972354274792,57.15159699148711,89.40568201697201,70.88145037090466,-10.594317983027999,-1.5079707470588133,37.21659681031298,-0.5561414489481789,3.731161934225793,5.662519275187846,-1.9313573409620535,0.995155997848296,0.9902369285687218,26.260924680564912
172,2021-02-08,37.779999,37.950001,36.919998,37.23,36.991898,1310000,88838.78500326566,29788750,-0.004007177820936335,-113943.52327234467,55.83111546123908,3.53821755736645,-1.1789102375412661,7215.7890892736505,1223.7453721356487,36.52348282562645,1.1411288927999672,37.438000349999996,40.544853860161886,34.331146839838105,16.597326145181743,0.46652556206469475,0.0,0.0,36.54633346666667,37.759333166666664,35.33333376666667,6.638147167930569,0.7818082037997749,0.0,0.0,34.09,41.830002,37.960001000000005,20.67418646199141,0.4056846496938883,9.865715909570136,-0.4711614883201065,-0.5618104864694075,0.09064899814930094,36.66250041666667,37.900769346153844,37.05123208316732,37.52239357148743,22.994843524100556,17.2727065248402,22.256253548303786,0.9999997584540918,0.9547101421926418,0.045289616261450005,-0.2209226561481648,25.037112094236658,-6.318623797600052,-0.4180003499999927,-54.59461142143872,-43.67301952682237,-10.921591894616348,36.0200005,37.960001000000005,36.99000075000001,37.960001000000005,39.0475005,39.4400005,28.000000000000004,68.0,-40.0,34.358894038016004,,0.0,0.0,77.48871006268584,47.973748961075195,0.8871684015059332,0.9623894671686443,0.9159606245313597,-10.28849127594059,51.868265616812955,81.1369718700184,83.19026229310592,-18.863028129981597,-1.218500158823531,37.21666761241795,0.08064247095046195,1.195823894293729,4.769180199009023,-3.5733563047152943,-0.8521944301516537,-0.8558463694359641,25.184936112979138
173,2021-02-09,37.34,37.98,37.130001,37.919998,37.758621,1282400,1190187.831296269,31071150,0.024982064977705883,28741.75650941934,55.82223145508576,7.953893480895066,-2.3103076399189084,12603.468522359617,1246.4255187723088,36.534539931853814,1.1120159035199702,37.28850025,39.97152944235076,34.60547105764924,14.390652208388344,0.6176837269978992,0.0,0.0,36.6443334,37.7753328,35.513334,6.172847450405526,1.063954587420647,1.0,0.0,34.09,41.830002,37.960001000000005,20.757075098508412,0.4948316550822594,9.565713792765106,-0.36695737331259437,-0.5228398638380448,0.15588249052545045,36.737500250000004,37.8565385,37.184888378064656,37.55184575137725,22.212911914676756,16.54474803244668,21.077388125793693,1.0037337279071228,0.9707528277228169,0.032980900184305884,-0.21067149874822783,24.787282597099516,26.972072726636092,-0.13849824999999782,-53.632151884705856,-47.062037098792985,-6.570114785912871,36.315000999999995,37.960001000000005,37.137501,37.960001000000005,39.04250025,39.4400005,24.0,64.0,-40.0,34.57436045573505,,0.0,0.0,88.74435503134292,52.16196252289584,1.0,0.9623894671686443,0.958028989786773,-8.221779989641906,56.34544270541318,98.45753213367615,89.66672867355551,-1.5424678663238387,-0.98935284411764,37.23171931073356,2.4311129119394823,-1.006364539442055,3.6140712513188076,-4.620435790760863,1.8533387053451644,1.8363736759578142,27.505036987222596
174,2021-02-10,38.099998,38.240002,37.580002,37.93,37.768578,1354100,1272246.291296274,32425250,0.015333369180764729,26570.60675093088,60.79588508812724,17.303078797725348,-1.8963563917037904,24124.380876817067,1246.4255187723088,36.56948361036301,1.0668143131679728,37.109500350000005,39.003854468269715,35.215146231730294,10.209537182678398,0.7165644855116723,0.0,0.0,36.911666866666664,37.84866636666667,35.974667366666665,5.0769828595639295,1.0434011081827308,1.0,0.0,34.09,41.830002,37.960001000000005,20.857198094826938,0.49612390281036073,9.154362505535849,-0.28033624191568407,-0.4743391394535727,0.19400289753788863,36.802500083333335,37.844615346153844,37.29952093528548,37.57985717720116,21.13210217607889,17.51386710496268,20.18342966521336,1.005025252518908,0.9478641828804483,0.057161069638459794,-0.19609083460705104,24.59029019021732,72.99782634582704,-0.06949935000000806,-49.82360898120041,-49.08132182515116,-0.742287156049251,36.990002,37.960001000000005,37.475001500000005,37.960001000000005,39.04250025,39.4400005,20.0,60.0,-40.0,34.846811619276245,,0.0,0.0,94.37217751567147,52.22200490441592,1.0,0.9623894671686443,0.9623894671686442,-6.5113963131403425,58.12858715545101,92.53007588912011,90.7081932976049,-7.469924110879892,-0.7248525588235353,37.387507028923615,2.0995907348807115,-2.4323584057715104,2.404785319900744,-4.837143725672254,0.026376583669640574,0.026373105660404406,27.53866845998656
175,2021-02-11,38.060001,38.32,37.450001,37.650002,37.489773,1278400,581620.0206913662,31146850,0.02889777258222879,-28360.828956344787,61.50272585593925,-1.701445556828736,1.0904389546778552,-9079.941013247388,1237.2244469978505,36.61369791327723,1.0471327818511755,36.9990004,38.442992855384006,35.555007944615994,7.8055755008127505,0.7254172442427609,0.0,0.0,37.124666833333336,37.97366623333333,36.27566743333333,4.573775187324802,0.8093848868837057,0.0,0.0,34.09,39.790001,36.9400005,15.405824315188779,0.6245616448137468,8.6881594426552,-0.2316119909133647,-0.4257937097455311,0.1941817188321664,36.8533335,37.79769238461539,37.35344109908771,37.585053090001075,20.283199611975483,16.519261989911474,19.88580861809913,1.04692468494281,0.9055166412872447,0.14140804365556525,-0.1802585239112063,24.378268767072107,94.90066238139357,-2.0489993999999996,-46.56519908040149,-50.216896335953024,3.6516972555515324,37.104999500000005,37.960001000000005,37.532500250000005,37.960001000000005,39.04250025,39.4400005,16.0,56.00000000000001,-40.00000000000001,35.18613065734862,,0.0,0.0,97.18608875783573,50.318031151760074,0.8999337217237768,0.9666445739079254,0.9638078360817378,-5.553145991766437,52.759140850202236,84.16080378250591,91.71613726843407,-15.839196217494093,-0.46220572941176385,37.417855268316906,1.6468709058620277,-3.941666417781949,1.1354949723642054,-5.077161390146155,-0.7381966780912186,-0.7409348334056265,26.597182246133166
176,2021-02-12,37.380001,37.66,37.16,37.59,37.430027,909500,1236460.020691391,30237350,0.09573974841654946,-32105.25610543803,56.90682474019215,-26.113276525563702,-0.8336465736069182,-10886.55695957328,1235.2527089546822,36.6276238146201,0.9924195036660579,37.00500035,38.45774189824796,35.552258801752046,7.851595916809425,0.701343332785355,0.0,0.0,37.262666833333334,38.084666633333335,36.440667033333334,4.411921474523558,0.6991078140570527,0.0,0.0,34.09,38.32,36.205,11.430887609760546,0.8274231678487004,8.225647774696318,-0.195584751627635,-0.37975191812195186,0.18416716649431686,37.073333416666664,37.72384630769231,37.38983477615114,37.585419527778775,19.83868066923559,15.958352701177917,21.17997758119149,1.0213452836598407,0.9404914464402196,0.08085383721962103,-0.16421043537997948,24.19762842403338,63.38918490999904,-1.0250003500000062,-41.52541129909224,-50.16316820273308,8.637756903640842,37.25,37.960001000000005,37.6050005,37.960001000000005,39.04250025,39.4400005,12.0,52.0,-40.0,35.562194978466785,,0.0,0.0,98.59304437891787,49.89818742672683,0.8778681869635943,0.9259339695624568,0.951656003546342,-4.8558267616952815,57.55143473309291,82.74231678487004,86.47773215216534,-17.257683215129962,-0.36688197058823135,37.43571635724695,7.5536449913120265,-7.086245025384113,-0.5088530271854583,-6.577391998198655,-0.1593678534200227,-0.1594949790664657,26.39542703429727
177,2021-02-16,37.580002,37.619999,36.830002,36.84,36.68322,1384200,-112703.81689279154,28853150,0.09307768315879336,-175825.93380466115,58.61275285166567,-10.558376679778725,-0.12666855273286018,-29067.168104907814,1235.2527089546822,36.648430699990065,0.9721772532994521,36.98500025,38.43526155680141,35.53473894319859,7.842429617403658,0.4500089227644784,0.0,0.0,37.343666866666666,38.158666266666664,36.52866746666667,4.364860059993061,0.1910016948069752,0.0,0.0,34.09,38.32,36.205,11.437069004751452,0.6501182033096932,7.743919055356056,-0.22495845587240382,-0.3487932256720423,0.12383476979963848,37.145000083333336,37.59576946153846,37.30524481058943,37.53020326646183,19.80048068678229,15.086713497699359,22.304709209475256,1.0473252692679993,0.9513031935342074,0.09602207573379185,-0.15223634827435972,24.10971447540749,18.97371379743329,-0.9650002499999957,-39.227447633520576,-49.508777195510916,10.28132956199034,37.25,37.960001000000005,37.6050005,37.960001000000005,38.84,39.4400005,8.0,48.0,-40.0,35.893131581050774,,0.0,0.0,99.29652218945893,44.85969548515224,0.6130624689147881,0.7969547925340529,0.8965111120014783,-5.5856397490062974,48.389514073294265,65.01182033096931,77.30498029944842,-34.988179669030686,-0.32358766764705393,37.42177420315773,2.390216787103965,-7.022400319249895,-1.8115624855983457,-5.210837833651549,-1.9952114924181918,-2.0153846188980307,23.873570948217914
178,2021-02-17,36.66,36.759998,36.060001,36.599998,36.444241,1024600,443505.60429043346,27828550,0.1290968790746,-185837.3788611387,65.37014926223802,-55.680095158793854,1.659448760623548,-34292.69166914941,1227.205392976003,36.87881603785408,0.9529594279695074,36.972000099999995,38.43114444735092,35.512855752649074,7.893239983794772,0.3725273134644402,0.0,0.0,37.30200016666667,38.08399946666667,36.52000086666666,4.192800903468991,0.05114910801923721,0.0,0.0,34.09,38.32,36.205,11.441090524069313,0.5933801418439711,6.558001327053419,-0.2645538713818638,-0.3319453548140066,0.0673914834321428,37.19333325,37.43423096153846,37.19674530126798,37.461299172649845,20.531308253893815,14.258619813497878,26.498964771289625,1.1555205246354363,0.979854937824683,0.17566558681075328,-0.1444598537606658,24.069085143383592,-55.948815066284894,-0.7519990999999919,-38.78149449547214,-48.076720722946206,9.295226227474068,37.1900005,37.960001000000005,37.57500075,37.960001000000005,38.95250025,39.4400005,4.0,44.0,-40.0,,38.32,0.0,1.0,95.1007914398842,43.351162445256456,0.29040728911334746,0.5937793149972431,0.7722226923645842,-6.615612451310623,49.90144525302458,53.133434950100764,66.96252402198003,-46.866565049899236,-0.46479372058824,37.407893099146555,1.6102109938922713,-8.907281893935693,-3.2307063672658156,-5.676575526669877,-0.6514712269272693,-0.6536025624595876,23.066570275722942
179,2021-02-18,36.400002,36.919998,36.32,36.560001,36.404408,991800,245151.55511026861,26836750,0.09628244507811765,-164956.1853952617,63.94138280282598,12.704101633494556,1.678336123811547,-7758.8273814712265,1225.8642854135692,36.97612881557226,0.9176632851725566,36.91200025,38.334836435934754,35.48916406406524,7.70934209090853,0.37630366254399594,0.0,0.0,37.286666733333334,37.99966573333334,36.57366773333333,3.824418015690314,-0.00958397791114056,0.0,1.0,34.09,38.32,36.205,11.459687828756984,0.5839245862884156,5.591264000954561,-0.29575170551170515,-0.3247066249535463,0.028954919441841143,37.22166658333333,37.26692330769231,37.09878463953444,37.39453634504615,20.941598657141096,14.798279798027158,25.346460380988372,1.1447608243242198,0.9378332319566625,0.2069275923675573,-0.13977119727507234,24.02492333864037,-35.687939240819006,0.0879997500000016,-34.751494304620465,-45.85609488655813,11.104600581937667,37.1900005,37.960001000000005,37.57500075,37.960001000000005,39.04749975,39.4400005,4.0,40.0,-36.0,,38.27480002,0.0,0.0,85.80634792328378,43.09109661625284,0.25498789900622276,0.38615255234478596,0.5922955532920272,-7.54765113072179,50.07723170310964,31.78293161467574,49.976062298581944,-68.21706838532427,-0.6663237323529358,37.40330541201962,0.9387078702731021,-10.583666980336773,-4.701298489880007,-5.8823684904567655,-0.10928142673668484,-0.10934118242640345,22.932081371889712
180,2021-02-19,36.68,36.68,35.759998,35.810001,35.657604,1798400,-1357758.8803018406,25038350,0.06816154646222965,-334076.73033879575,53.43072146233688,-20.462677935942914,-1.0031461630305425,-37976.63117470768,1225.8642854135692,37.01628219894791,0.9178971566553006,36.84250025,38.33629856135445,35.348701938645554,8.109103894784916,0.1544047338412706,0.0,0.0,37.19333326666667,37.927332566666664,36.45933396666667,3.9469401397148793,-0.4423253310096291,0.0,1.0,34.09,38.32,36.205,11.481305479532423,0.4066196217494084,4.582506218200758,-0.37665312307198207,-0.3350959245772335,-0.04155719849474859,37.1225,37.047692653846156,36.90051023345222,37.277163356524206,21.839717033227714,13.806700956394316,27.72673997937804,0.9982474134734354,0.9693248716278797,0.02892254184555565,-0.14096931841681273,23.873207583606398,-89.74207182405051,-0.2324992500000036,-33.99390270499656,-43.65503575616094,9.661133051164384,37.039999,37.960001000000005,37.5,37.960001000000005,39.31249875,39.4400005,76.0,36.0,40.0,,38.2305040396,0.0,0.0,61.51168032364605,38.43494285737637,0.0,0.1817983960398566,0.3872434211272951,-9.693846773687662,40.333057678749014,1.953240661530606,28.95653574210237,-98.0467593384694,-0.9397652088235304,37.260344016267425,-3.216213513513514,-7.135444274138567,-5.1881276467317194,-1.9473166274068472,-2.0514222633637225,-2.0727562002744726,20.410225285810355
181,2021-02-22,35.700001,35.759998,35.009998,35.080002,34.93071,1737400,-2770825.6813685196,23300950,0.0018413263725683884,-467537.23494753905,43.523094835234296,-36.04528318176579,-4.115953577503101,-72310.26547895794,1200.8746267289011,36.944147117303956,0.9061077409897702,36.74550035,38.42144075962261,35.06955994037739,9.121881012147448,0.0031152836827185765,0.0,0.0,36.9773333,37.7443328,36.2103338,4.148484661007184,-0.7368530227203534,0.0,1.0,34.09,38.32,36.205,11.511613557331781,0.2340430260047276,3.6649065645683363,-0.4939786197579892,-0.36687246361338466,-0.12710615614460452,36.99500008333333,36.86384653846154,36.62043204369034,37.11441066344833,23.26285513198911,12.99150324746477,31.62497199606228,0.9145376716024984,1.0669602057093421,-0.1524225341068437,-0.14959299565480097,23.58515778791681,-156.0983885926976,0.43449964999999935,-36.36057501054984,-41.629031710506624,5.268456699956786,36.664999,36.9400005,36.802499749999996,37.960001000000005,39.34750075,39.4400005,72.0,32.0,40.0,,38.131683798016,0.0,0.0,37.37846464230599,34.52460590516198,0.0,0.08499596633540744,0.21764897157334986,-12.770306960349071,35.99601182276183,2.114923193399803,11.950365156535383,-97.8850768066002,-1.253442035294114,36.82110933185884,-4.179183169101789,-4.7508849221790115,-5.100679101821178,0.3497941796421662,-2.0385338721436996,-2.059598741897828,17.955622057834564
182,2021-02-23,35.0,35.540001,34.599998,35.389999,35.239388,1220900,-1939578.569284819,24521850,-0.013207021447611522,-346678.29605503305,36.47750767343401,-24.252562453559168,-8.43122140972585,-24628.56743412977,1211.4865854072982,36.83463022142542,0.9094972668907928,36.6575002,38.42174298828221,34.89325741171779,9.625548816240396,0.14078039360043937,0.0,0.0,36.75833326666667,37.516332766666665,36.000333766666664,4.1242321543853695,-0.4025957580886666,0.0,1.0,34.09,38.32,36.205,11.539248385518652,0.3073283687943264,3.5996334193392237,-0.5555418138024919,-0.40460633365120613,-0.15093548015128577,36.84583333333333,36.78384646153846,36.43113465235337,36.98667646615586,24.867483170214108,12.08834822476353,32.4586364005712,0.8467742968840231,1.1505369040737548,-0.3037626071897317,-0.16097179471551587,23.448551949939134,-141.39481143601554,0.8924987999999985,-37.63427904645652,-39.85149028403447,2.217211237577949,36.459998999999996,36.205,36.3324995,37.960001000000005,39.2300015,39.4400005,68.0,28.000000000000004,40.0,,37.94438265013504,0.0,0.0,18.689232321152996,37.43556036060039,0.16448487461694963,0.05482829153898306,0.10720755130474892,-14.56346997566446,42.41580017764145,21.236574603992242,8.434912819640884,-78.76342539600776,-1.568853985294119,36.64423996363019,-4.814419042495956,-5.681937996061904,-5.216930880669324,-0.4650071153925799,0.883685810508239,0.8798041584278771,18.997979152656374
183,2021-02-24,35.34,35.889999,34.810001,35.459999,35.30909,1353900,-1663786.1213358373,25875750,-0.04552661765366376,-283613.8251900283,43.76515348211209,22.335473816308784,-6.774094104993587,13466.880011836027,1211.4865854072982,36.73701606682838,0.9265473402017138,36.5785001,38.407469483342965,34.749530716657034,10.000242647144328,0.19422640144046177,0.0,0.0,36.52933326666667,37.31033266666667,35.74833386666667,4.276012344920993,-0.18459352636293108,0.0,1.0,34.09,38.32,36.205,11.564170177661268,0.3238768321513005,3.9145684071061573,-0.5918600790646877,-0.4420570827339025,-0.14980299633078525,36.671666666666674,36.71538480769231,36.28172916737593,36.873589246440616,25.74449610333087,13.697680882225793,29.88779564937848,0.8757994293697584,1.132419841537871,-0.2566204121681126,-0.17306910353914257,23.413034761097215,-105.5346774968283,0.6514998999999975,-40.438944749449355,-38.80874981383991,-1.6301949356094454,36.459998999999996,36.205,36.3324995,37.960001000000005,39.14000125,39.4400005,64.0,24.0,40.0,,37.67683187812424,0.0,0.0,9.344616160576498,38.10473572402652,0.20229694877848814,0.1222606077984791,0.08736162189095642,-15.869428416619414,43.614082501349756,23.11829402242267,15.489930606604906,-76.88170597757733,-1.6887950764705977,36.3219181925138,-5.565912265403779,-5.624398495132172,-5.298424403561894,-0.325974091570278,0.19779599315614682,0.19760063444698162,19.233352387357105
184,2021-02-25,35.299999,35.75,33.860001,34.0,33.855305,1473000,-2918565.3423830396,24402750,-0.0493914434455419,-550323.0683057392,36.5051188467022,-69.92861575020416,-12.182900430011335,-57970.05436473393,1211.4865854072982,36.54624711258513,1.0228925061815428,36.53100005,38.56457686822099,34.49742323177902,11.13343086933086,-0.12230254282062791,0.0,1.0,36.191333166666666,37.095332466666676,35.287333866666664,4.995667309833268,-0.7120214952968744,0.0,1.0,33.860001,38.32,36.0900005,12.208806202665134,0.03138991735200008,4.777393208397877,-0.7300368728847602,-0.499653040764074,-0.23038383212068614,36.4025,36.60538476923077,35.930693910856554,36.660730783741315,27.21821400397453,11.918607974364704,32.53435894079633,0.7765871024875678,1.1162404148788814,-0.3396533123913136,-0.192415933316884,23.565019367510835,-168.53120107774728,1.3889979499999967,-44.27556997282927,-38.554346579665214,-5.721223393164053,35.7600005,36.0900005,35.925000499999996,37.845001499999995,39.0025015,39.4400005,60.0,100.0,-40.0,,37.4306851678743,0.0,0.0,4.672308080288249,30.723593188433853,0.0,0.1222606077984791,0.09978316904531363,-19.472965035487128,38.8149566624502,3.1389917352000074,15.831286787204972,-96.86100826479999,-1.9267947911764765,35.569932011918326,-8.675799086757984,-4.848700494142548,-5.208479621678025,0.3597791275354769,-4.117312580860489,-4.2044747829110385,14.324142568930732
185,2021-02-26,34.040001,34.18,33.130001,33.169998,33.028831,2042400,-4805365.436478369,22360350,-0.14419098382659554,-713876.3563763481,26.556503055872625,-59.12156531531522,-17.144938090854435,-110506.72269254559,1211.4865854072982,36.13436367864412,1.0256031555633887,36.39049995,38.891503810094314,33.889496089905684,13.745366859651043,-0.1438418591402237,0.0,1.0,35.7599997,36.681999000000005,34.838000400000006,5.156595680843921,-0.9045573028092357,0.0,1.0,33.130001,38.32,35.7250005,14.261961245739908,0.00770655254461506,5.8352862212566965,-0.8961865219131937,-0.5789597369938979,-0.3172267849192958,36.00666666666667,36.428846307692304,35.505971463032466,36.40215798494566,29.00172249112138,11.059231160277594,35.20144331569443,0.6833858686039078,1.2578364622128893,-0.5744505936089814,-0.21982222675280794,23.742275921217267,-213.64919196105495,1.539500050000001,-51.74729955655288,-39.69011194160529,-12.057187614947594,35.375,35.7250005,35.55000025,37.4800015,39.03000175,39.4400005,56.00000000000001,100.0,-43.99999999999999,,37.073616751086874,0.0,0.0,2.3361540401441245,27.466305295701957,0.0,0.0674323162594959,0.10398451061881792,-23.674136116451713,32.72332430933213,0.770655254461506,9.009313670694729,-99.2293447455385,-2.258176858823532,34.764451376494506,-12.526371968690505,-1.0989079789985954,-4.386565293142139,3.2876573141435435,-2.4411823529411736,-2.471473195264995,11.533281775386683
186,2021-03-01,33.259998,34.43,33.259998,34.07,33.925007,1370600,-4278210.148538691,23730950,-0.10709476393550671,-435673.6281511554,33.38983847084276,16.21907376309654,-16.239162647588003,-12670.200219189406,1244.3578671553325,35.89248348920485,1.0490430400070498,36.29299995,38.98864185299949,33.59735804700051,14.854886103178089,0.08766779305396075,0.0,0.0,35.40499963333333,36.39399913333334,34.416000133333334,5.586778761431605,-0.1749243216671662,0.0,1.0,33.130001,38.32,35.7250005,14.300275554928326,0.18111737593783742,6.427073632283626,-0.9443527652042647,-0.6520383426359713,-0.29231442256829343,35.684999999999995,36.30846165384616,35.28505277641209,36.22940554161635,30.24009025661884,11.807791879055983,32.20094272972929,0.7120864067877452,1.2540413016229872,-0.5419548948352421,-0.24644742758098276,23.92352312624685,-153.2009057525684,1.3570020499999984,-57.266723335674996,-41.694475908511336,-15.57224742716366,35.0249995,35.7250005,35.375,37.4800015,39.1500015,39.4400005,52.0,96.0,-44.0,,36.60038286095645,0.0,0.0,1.1680770200720623,35.456963453144255,0.3227805428140516,0.10759351427135039,0.09909547944310836,-24.66704530561276,37.52427897622981,18.11173759378374,7.340461527815084,-81.88826240621626,-2.370294232352933,34.6459250824897,-10.17664118112312,-1.7693522334900866,-3.863122681211729,2.093770447721642,2.7133013393609406,2.677143900936363,14.559515803631484
187,2021-03-02,34.09,34.16,33.419998,33.5,33.35743,1142400,-5173599.23559521,22588550,-0.124838951160113,-466458.53841527615,26.767745195189192,-3.562684698879749,-17.061775374714774,18075.85773168682,1223.5394349780934,35.64091412505415,1.0181389360063444,36.1569999,39.11531110567235,33.19868869432766,16.363698392312383,0.05092623539649924,0.0,0.0,35.0646662,36.0486662,34.0806662,5.612487478919724,-0.2950539634146363,0.0,1.0,33.130001,38.32,35.7250005,14.354064259629018,0.07129076518126495,7.144980563193794,-1.0167980809997843,-0.724990290308734,-0.29180779069105034,35.3391665,36.17307703846154,35.01042927234869,36.02722735334847,31.39000318172362,11.203781741817552,30.553751109432405,0.705745364460763,1.2795026956907847,-0.5737573312300217,-0.27399551114175486,24.05977020258692,-138.7967603514474,1.433000100000001,-63.04319197817302,-44.39022007325588,-18.652971904917138,35.0249995,35.7250005,35.375,37.4800015,39.045,39.4400005,48.0,92.0,-44.0,,36.18393703764168,0.0,0.0,0.5840385100360311,32.97899255845775,0.22268355772160583,0.181821366845219,0.11894906579202165,-26.296538431476474,36.33242581354516,7.129076518126496,8.670489788790581,-92.8709234818735,-2.4182060676470556,34.45759819641268,-11.022581087777898,-3.532308045996772,-3.796959754168738,0.2646517081719657,-1.6730261226885812,-1.6871792841854472,12.642905178211162
188,2021-03-03,33.5,33.5,32.450001,32.459999,32.321857,1342000,-6490042.418874425,21246550,-0.18988667159172123,-599204.6532130933,19.427390100990067,-63.76658792857657,-22.852465855164915,-60774.78003753454,1223.5394349780934,35.27962349108087,1.02132494240571,35.92999985,39.267202630174864,32.59279706982514,18.57613578684645,-0.01989661380693457,0.0,1.0,34.697666299999995,35.7166665,33.6786661,5.873595020423612,-0.5979719631065807,0.0,1.0,32.450001,38.32,35.385000500000004,16.33731985668238,0.0017032370874344373,8.038892254736906,-1.144932831768358,-0.8089787986006588,-0.33595403316769923,34.91166641666667,35.99269230769231,34.61805538429504,35.7629882160634,33.02287732623567,10.391521226786432,35.03613347769113,0.6073852298417477,1.3406177091183118,-0.7332324792765641,-0.3060146041239384,24.099303228439474,-155.4868852462922,0.9100001500000019,-71.94285167971624,-48.52259311493319,-23.420258564783055,34.5650005,35.385000500000004,34.9750005,37.1400015,39.045,39.4400005,44.0,100.0,-56.0,,35.81746471312468,0.0,0.0,0.29201925501801557,28.997073600788,0.06698698884838175,0.2041503631280129,0.1645217480815273,-29.060479276125434,34.14224215168859,0.17032370874344374,8.470379273551226,-99.82967629125656,-2.6474706882352947,34.07683186725109,-13.647249268422451,-3.806307029149387,-3.798829209164868,-0.0074778199845186855,-3.1044805970149136,-3.1536907551723115,9.145928043039685
189,2021-03-04,32.450001,32.779999,31.58,31.9,31.76424,1175600,-7038655.229718433,20070950,-0.19395140939242847,-607651.8205255094,19.73871238490827,-81.1500854881764,-28.527368707404033,-61943.54811722125,1202.4309666738181,34.91138791458538,1.0391923481651388,35.6944998,39.44560373713727,31.94339586286274,21.017826041295383,-0.005784412214376021,0.0,1.0,34.246332966666664,35.32533326666667,33.16733266666667,6.301406349405264,-0.587271693375186,0.0,1.0,31.58,38.32,34.95,18.88246098912976,0.04747774480712169,8.99728932648917,-1.276947923319021,-0.9025726235443313,-0.37437529977468975,34.49999975,35.79499996153846,34.19989301748042,35.47684094079944,34.94646648349305,9.54025146583142,38.10517201141593,0.5625001470588228,1.3911761764705886,-0.8286760294117658,-0.3421747189491284,23.984841199331612,-158.08370853573163,0.9054981999999967,-83.74464439083094,-54.05045330224812,-29.69419108858282,33.7349995,34.95,34.34249975,36.705000999999996,38.760000500000004,38.760000500000004,40.0,100.0,-60.0,,35.346019793287226,0.0,0.0,0.14600962750900778,27.099680240292273,0.0,0.09655684885666238,0.16084285960996467,-31.949045798691873,30.090221220487727,5.263157894736849,4.18751937386893,-94.73684210526315,-2.918353182352945,33.62980701066113,-13.409337676438666,-4.929785201611738,-4.025020407654242,-0.9047647939574954,-1.7251972188908726,-1.7402521488498746,7.2629455279085375
190,2021-03-05,32.16,33.040001,31.440001,32.939999,32.799816,1169400,-6015433.153218428,21240350,-0.19180300033060987,-347105.1560790079,25.32469998401878,8.209543355566984,-26.075738715894694,17843.184334844365,1241.6324401192667,34.64206737277348,1.0952731133486249,35.48249975,39.351235644967105,31.6137638550329,21.806444992461966,0.17140419777587038,0.0,0.0,33.88533303333333,35.03233313333333,32.73833293333333,6.769891261636323,0.08791022192006268,0.0,0.0,31.440001,38.32,34.8800005,19.389837380327187,0.2180229968056683,9.4286179626946,-1.2828635543251679,-0.9786308097004988,-0.3042327446246691,34.194999833333334,35.717692192307695,34.006063168637276,35.288926722962444,36.29197052618981,10.24645323272506,34.094673204662726,0.6054424489795914,1.2993193197278914,-0.6938768707483,-0.3736028301527058,23.950606774808655,-123.57917239297763,1.0775012499999974,-91.61032461287195,-60.1893143691728,-31.42101024369915,33.665,34.8800005,34.27250025,36.6350015,37.45000075,37.960001000000005,36.0,96.0,-60.0,,34.74345662636127,0.0,0.0,0.07300481375450389,35.53596181388376,0.4750154466242974,0.1806674784908929,0.16045823015852262,-31.541617959042107,36.32953322535249,24.271820152692626,9.90176725205764,-75.72817984730737,-3.014735435294128,33.56992595589706,-9.999997814207529,-5.826811440342302,-4.385378614191855,-1.4414328261504474,3.2601849529780624,3.2081684600467675,10.75991593813046
191,2021-03-08,33.02,33.27,32.470001,32.490002,32.35173,1096100,-7056725.344458684,20144250,-0.28979055336753645,-367981.8068820073,31.44298927770336,45.98111212485214,-22.037203801278203,23150.658496654047,1224.6703608806986,34.35277001086324,1.0657457020137624,35.2294999,39.185151509483305,31.273848290516696,22.456473243795916,0.15372356182325134,0.0,0.0,33.6313332,34.7833332,32.4793332,6.850754284103141,0.004630555555554554,0.0,0.0,31.440001,38.32,34.8800005,19.529085055221014,0.15261644660122742,9.864898449571267,-1.3087759768590388,-1.0446598431322067,-0.26411613372683207,33.855833249999996,35.5834615,33.772822988846926,35.081598965705965,37.15204579883438,11.23884076246313,32.266089106552634,0.6981646909361395,1.280760940753101,-0.5825962498169616,-0.40229735751006623,23.959674012219285,-101.42569464889282,0.5805010999999993,-99.15585845861976,-67.02504541496872,-32.130813043651045,33.665,34.8800005,34.27250025,36.6350015,37.002500500000004,37.960001000000005,32.0,92.0,-60.0,,34.148834613616245,0.0,0.0,0.036502406877251946,33.71776142291458,0.40722938985840584,0.29408161216090095,0.19043531316948528,-31.809112572838274,37.74771124841668,19.16061267916749,16.23186357553232,-80.83938732083251,-3.0732645617647023,33.485124159476605,-11.13238208062413,-6.9348447797588335,-4.895271847305251,-2.0395729324535825,-1.3661111525838376,-1.3755283152857345,9.246812373907186
192,2021-03-09,32.959999,33.59,32.759998,32.919998,32.7799,1395600,-7914263.990389669,21539850,-0.30151803604731,-229684.06052743428,38.026299150775884,18.139106119016915,-16.764403710006007,3496.4274835295273,1224.6703608806986,34.14898162465108,1.0691709318123868,35.0139998,38.979826089489826,31.048173510510175,22.65280351940726,0.23599426107624866,0.0,0.0,33.42266646666666,34.563666366666666,32.281666566666665,6.827701201745534,0.27972457900010955,0.0,0.0,31.440001,38.32,34.8800005,19.649280400121558,0.2151158742900981,10.174402776521344,-1.2798612312447304,-1.0917001207547115,-0.18816111049001893,33.61499966666667,35.46423065384615,33.641619144408935,34.921480375653665,37.41640172477363,12.552298076019246,29.892134202708775,0.7531602293306564,1.1836326557795966,-0.43047242644894024,-0.42500366169347104,23.990176404912102,-78.5688786121059,0.06600219999999979,-104.59540915656538,-74.15354146020383,-30.441867696361555,33.5950005,34.8800005,34.237500499999996,36.6350015,36.992500250000006,37.960001000000005,28.000000000000004,88.0,-60.0,,33.66124456316532,0.0,0.0,0.018251203438625973,37.03308243763325,0.6211708809154372,0.5011385724660467,0.3252958877059467,-30.95893922335015,40.24006378003372,27.00725931054343,23.47989738080118,-72.99274068945657,-3.081999782352945,33.444875589621674,-8.070379556817104,-5.952328316587812,-5.1066831411617635,-0.8456451754260481,1.3234717560189901,1.3147903817116724,10.692663080026898
193,2021-03-10,33.009998,33.57,32.98,33.27,33.128414,915800,-7929786.0242879605,22455650,-0.34840842813040246,-151081.79022351466,37.47365471723225,6.442519108975496,-17.211659604614514,28207.06232133216,1237.690928975781,33.980897895779066,1.0272540386311482,34.7814999,38.58030172389238,30.982698076107617,21.843806821524584,0.30105570518400165,0.0,0.0,33.21133316666667,34.30333326666666,32.11933306666667,6.576069045587173,0.5268621007147056,0.0,0.0,31.440001,38.32,34.8800005,19.78062768937691,0.2659882654052717,10.304379228479332,-1.2147015276295932,-1.1163004021296878,-0.09840112549990532,33.464166166666665,35.35076907692307,33.58444696834602,34.799148495975615,37.66187508457436,11.990882121655918,28.55517415366152,0.7473474975638266,1.1909811700990813,-0.44363367253525476,-0.4401210174260968,23.97561730879739,-64.17519932497218,0.6084991000000031,-109.52113394037333,-81.40304856770872,-28.11808537266461,32.9350005,34.8800005,33.9075005,36.6350015,36.992500250000006,37.960001000000005,24.0,84.0,-60.0,31.440001,,1.0,0.0,0.009125601719312986,39.67789967830843,1.0,0.6761334235912808,0.4904512027394093,-29.43861773140466,37.79642930402481,34.92365170298704,27.030507897565986,-65.07634829701296,-2.9039116764705852,33.43502410906142,-5.159640526816381,-8.036004714563251,-5.692547455842062,-2.3434572587211893,1.0631896150176123,1.057577497485962,11.869535978480172
194,2021-03-11,33.599998,33.860001,33.220001,33.25,33.108498,998400,-8834589.14428797,21457250,-0.3914283061294265,-132351.24876301302,44.73891456536941,16.98724358974352,-14.536665209922623,9136.5101516801,1237.690928975781,33.74666548820716,0.9885286347680328,34.5474999,38.1109756063867,30.984024193613294,20.62942740691175,0.3179446126608173,0.0,0.0,33.10199986666667,34.069000066666675,32.134999666666666,5.842548510029829,0.5765253892053638,0.0,0.0,31.440001,38.32,34.8800005,19.914607482204527,0.2630812882385595,10.330696579102822,-1.1514031669324964,-1.1233209550902497,-0.028082211842246796,33.28583291666667,35.206538307692306,33.532993588600476,34.68439675553297,37.38341681060836,13.499629278207323,27.262249664010156,0.7966217979820677,1.1587836164627805,-0.3621618184807128,-0.44880442816942645,23.90604117147465,-51.567712318199355,0.9124991000000051,-111.6889125777139,-88.06322779228216,-23.62568478543173,32.9350005,34.8800005,33.9075005,36.6350015,36.96750075,37.960001000000005,20.0,80.0,-60.0,31.482600979999997,,0.0,0.0,0.004562800859656493,39.575604551652965,0.9918672808055575,0.8710127205736647,0.6827615722103305,-28.25275215998813,37.74515310994264,40.67415311197892,34.20168804183646,-59.32584688802108,-2.5167643470588246,33.43152728833782,-6.046903250830843,-9.157426850897151,-6.3855233348530795,-2.7719035160440715,-0.06011421701233033,-0.06013229285222188,11.802286482851375
195,2021-03-12,33.200001,33.43,32.630001,33.040001,32.899391,1072500,-8807775.270145636,20384750,-0.3665656284853111,-145618.77429686883,46.68044078193591,-38.04194778550117,-14.679284110189437,-7373.832297538458,1237.690928975781,33.55335517805567,0.9696756712912296,34.31699985,37.63592207692965,30.99807762307035,19.342729501044367,0.307618443174343,0.0,0.0,33.05599996666666,33.99800016666667,32.113999766666666,5.699420383288396,0.49150798127926526,0.0,0.0,31.440001,37.66,34.550000499999996,18.125124653051504,0.25723476804417467,10.29647416373062,-1.105441087560898,-1.1197449815843794,0.014303894023481423,33.08416641666667,35.06923061538462,33.45714857496964,34.562589662530534,37.594773412763324,12.724080850130026,29.932958055394582,0.8108111358656166,1.129054062773923,-0.31824292690830636,-0.4530993908814567,23.90198088577427,-63.48909774797982,-0.31699985000000197,-110.94024355713357,-94.02695226133312,-16.913291295800448,32.800000499999996,34.8800005,33.8400005,36.6350015,36.87000075,37.960001000000005,16.0,76.0,-60.0,31.5776969808,,0.0,0.0,0.0022814004298282466,38.45455207935437,0.9027407969003438,0.9648693592353004,0.8373385011334152,-27.579118953798393,42.61994312977489,35.95507233935827,37.18429238477474,-64.04492766064172,-2.248764505882356,33.42911032528022,-6.824585640851277,-9.50479662552829,-7.009377992988123,-2.495418632540167,-0.6315759398496379,-0.6335788182742608,11.096170141223926
196,2021-03-15,33.029999,33.790001,32.57,33.619999,33.476921,1207100,-7937083.870138581,21591850,-0.3540254896681463,-24799.579997315566,53.6727287110265,15.160313975643916,-11.864078650960646,14416.2864413011,1237.690928975781,33.42631708781475,0.9947082041621063,34.1184998,37.08705023912141,31.149949360878598,17.401412468442743,0.4160363264456534,0.0,0.0,32.996666700000006,33.943666799999995,32.0496666,5.739974335043949,0.829108888161682,0.0,0.0,31.440001,37.619999,34.53,18.113334514198073,0.3527505995956634,10.234133051280862,-1.0105656454599483,-1.0979091143594932,0.08734346889954492,33.05249966666667,34.9323075,33.48220248651277,34.49276813197272,37.1768503328738,14.17113964015941,27.352267997872254,0.8375333894297189,1.088196436643853,-0.2506630472141341,-0.45028811954848463,24.054467517860186,-44.725842386886285,-0.9485018000000025,-109.05688236638764,-99.1395845266903,-9.91729783969734,32.650000999999996,34.8800005,33.76500075,36.6350015,36.87000075,37.960001000000005,12.0,72.0,-60.0,31.668989141567998,,0.0,0.0,50.00114070021492,43.23707542844653,1.0,0.9648693592353004,0.933583813014755,-25.603424656432217,49.08579447477577,48.98874111853531,41.87265552329083,-51.011258881464684,-2.0807351088235393,33.431684649818116,-1.11765,-8.806469377645183,-7.368796269919535,-1.4376731077256473,1.7554418354890577,1.7402119317148301,13.046398789509084
197,2021-03-16,33.41,33.650002,32.830002,32.98,32.839645,1179800,-8685255.47891908,20412050,-0.33346241250778125,-129124.04288341387,46.28595725601018,4.170302593660086,-13.161590881149838,-1269.0396721929465,1214.1299242043776,33.257030227565835,0.9772373837458957,33.9254998,36.653359657252196,31.1976399427478,16.081471891843428,0.32669567912619746,0.0,0.0,32.9426669,33.8976668,31.987667,5.7979513492273,0.5195461277011632,0.0,0.0,31.440001,36.919998,34.1799995,16.153032474999826,0.2810218691725557,10.121243850336791,-0.9757706677972635,-1.0734814250470472,0.09771075724978373,33.0366665,34.75653830769231,33.404940565510806,34.38071123330807,36.78877890154781,13.338726497820039,25.745595003860227,0.838056871663756,1.1228069583540456,-0.28475008669028967,-0.4454240632950781,24.156264975615972,-49.233248100757145,0.14450020000000308,-107.40358678219393,-103.07966620474338,-4.323920577450551,32.650000999999996,34.8800005,33.76500075,36.6350015,36.9025,37.960001000000005,8.0,68.0,-60.0,31.75662961590528,,0.0,0.0,75.00057035010747,39.58199972491481,0.7735027455846932,0.8920811808283456,0.9406066330996486,-24.935813391777184,39.594554307297265,35.73084355704021,40.22488567164459,-64.2691564429598,-1.971116920588237,33.42480959763796,-0.5728007580826588,-8.339146802790392,-7.562866376493707,-0.7762804262966849,-1.9036258745873336,-1.921978110481648,10.894418291862817
198,2021-03-17,32.889999,33.080002,32.580002,32.669998,32.530964,1288900,-9510172.101319084,19123150,-0.3832464848917879,-167757.9764429257,46.97910852771076,-15.90503530141982,-9.302763706236671,-34574.247255767565,1214.1299242043776,33.11309148665257,0.9295136453713061,33.728999800000004,36.21323795895499,31.244761641045017,14.730577092030977,0.2868558221395566,0.0,0.0,32.940000299999994,33.8400003,32.040000299999996,5.464480824549369,0.34999872222222367,0.0,0.0,31.440001,36.919998,34.1799995,16.247137574473822,0.22445213017452395,9.796811624470037,-0.9621192560353649,-1.051208991244711,0.08908973520934604,32.91999966666667,34.581153615384615,33.29187247850914,34.253991734544506,36.65769193297698,12.843330334246259,26.646396080096114,0.8734179448994784,1.1675353685778105,-0.29411742367833205,-0.44025471012937867,24.19074668726528,-67.75122065748643,-0.22899980000000397,-104.01004058088932,-105.33137689252766,1.3213363116383334,32.650000999999996,34.8800005,33.76500075,36.6350015,36.99000075000001,37.960001000000005,4.0,64.0,-60.0,31.84076447126907,,0.0,0.0,77.7297241848268,37.910267188737926,0.669909041849655,0.8144705958114492,0.8904737119583649,-24.855289868907462,42.24456354361991,41.13703716957767,41.952207281717726,-58.86296283042233,-1.9848224764705904,33.41841178276827,-4.109192838274144,-7.164977338651343,-7.483288568925235,0.31831123027389197,-0.9399696785930778,-0.9444152736718614,9.852044384667114
199,2021-03-18,32.529999,33.360001,32.200001,33.009998,32.869514,1452600,-8934148.580284588,20575750,-0.3472693068988097,-73237.69409393561,57.32209974938773,-3.992920280875799,-5.365003346633855,3002.087109972783,1214.1299242043776,33.04472106751434,0.9525622808341752,33.55149965,35.6836096791046,31.419389620895394,12.709476782535425,0.3730127332529359,0.0,0.0,33.017000333333336,33.91300043333333,32.12100023333333,5.4275075927804,0.4960924483527798,0.0,0.0,31.440001,36.68,34.0600005,15.617778801729362,0.2996178052705743,9.242281364609495,-0.9133368763810523,-1.0236345682719792,0.11029769189092686,32.87916616666667,34.392307461538465,33.24850717412312,34.16184405050417,36.86804865113428,11.752766600954072,27.1654097883445,0.9002955760490706,1.029542169162321,-0.12924659311325037,-0.4324309036652635,24.32467209528235,-59.67278085991276,-1.0915006499999933,-96.64139179286737,-105.89038435697158,9.248992564104213,33.030001,34.8800005,33.955000749999996,36.6350015,37.137501,37.960001000000005,4.0,60.0,-56.0,31.921533932418306,,0.0,0.0,88.8648620924134,40.86043224255859,0.8527244850747331,0.765378757503027,0.8239768447142738,-23.943234262089533,47.344019805520354,52.508278430862475,43.12538638582678,-47.491721569137525,-2.056087152941174,33.39909745350296,-1.4626925373134239,-5.112993311320115,-7.009229517404211,1.8962362060840965,1.040710195329675,1.0353320882665162,10.995285810356448
200,2021-03-19,33.040001,34.009998,32.360001,33.779999,33.636238,7450000,-3561113.023250293,28025750,-0.06867369010947537,756725.8979194767,68.71362078320004,8.969749127577245,-5.882812249170947,188898.265039006,1214.1299242043776,33.1025288303825,1.0223057527507584,33.44999955,35.31948097970401,31.580518120295988,11.177766546212174,0.5882596223628295,0.0,0.0,33.10800023333333,34.00900003333333,32.207000433333334,5.442792036064235,0.8729183772663804,0.0,0.0,31.440001,35.889999,33.665,13.303432167011806,0.5258424835247106,8.833025212993,-0.8032840846133595,-0.9795644715402554,0.17628038692689585,32.989166166666664,34.232692038461536,33.330275147334945,34.133559231948304,35.9032459265256,14.934266638988952,24.038657625241534,0.9117016975453539,1.0064611648129687,-0.09475946726761475,-0.41808909583020554,24.569490018401364,-10.768076627890668,-1.5499995500000026,-88.95750364350334,-104.75723382195864,15.799730178455292,33.104999500000005,34.8800005,33.99250000000001,36.6350015,37.475001500000005,37.960001000000005,4.0,56.00000000000001,-52.00000000000001,31.999072615121573,,0.0,0.0,94.4324310462067,47.00204830978412,1.0,0.8408778423081292,0.806909065207535,-21.291513765392715,53.30592282163922,86.0293698637389,59.89156182139302,-13.970630136261091,-1.9386167499999942,33.41254339181294,4.066543563356219,24.43660485295518,-0.7200626433323327,25.156667496287515,2.3326296475388864,2.3058396498938816,13.584394754539343
201,2021-03-22,33.98,34.490002,33.540001,34.369999,34.223728,2130500,-1968857.491413997,30156250,0.024693039487476687,828192.9125024097,74.92721400587929,37.01021966683864,-2.9847476516196343,210992.1294998243,1235.335864893736,33.16624571889019,1.0150752774756826,33.4144994,35.18306321666225,31.645935583337746,10.585607137135511,0.7701343290521696,0.0,0.0,33.247000199999995,34.163000200000006,32.3310002,5.510271570305486,1.112990611353708,1.0,0.0,31.440001,35.889999,33.665,13.31756596658756,0.6584268127760953,8.263102482708803,-0.660840625711451,-0.9158197023744945,0.25497907666304354,33.19499941666667,34.10653807692308,33.49023266312957,34.15107328884102,34.26111813984969,17.305212564902877,22.43735144438927,0.9851488632068112,0.9533238873139627,0.031824975892848495,-0.39585867966192984,24.816680180008998,73.80834026962731,-0.4745003999999966,-81.15414529135958,-102.15264894804689,20.998503656687305,33.345001499999995,34.550000499999996,33.947500999999995,36.6350015,37.532500250000005,37.960001000000005,4.0,52.0,-48.0,32.11972813821428,,0.0,0.0,97.21621552310336,51.185180699858655,1.0,0.9509081616915775,0.8523882538342445,-17.72880656572929,59.5995638249134,96.0654766998438,78.20104166481507,-3.934523300156198,-1.7038224911764672,33.51776489312527,7.742943573667717,21.971436179620593,3.8182371212582527,18.15319905836234,1.7465956704143304,1.7315179990263108,15.568254875588439
202,2021-03-23,34.32,34.650002,33.900002,33.959999,33.815472,1499700,-3228617.4890139857,28656550,-0.03935239693522056,622040.0678592091,80.66319650076261,13.002625525105215,2.4987675950719224,19321.287156491835,1220.5995332282498,33.24915018861795,0.9885677497281143,33.342999400000004,34.8877852111748,31.798213588825206,9.26602788575042,0.6997039316184476,0.0,0.0,33.35500043333333,34.26300023333333,32.44700063333333,5.4444598303323,0.8331490638360678,0.0,0.0,31.440001,35.889999,33.665,13.346123864309591,0.5662919399064903,7.403206396244644,-0.5744152305522761,-0.8475388080100509,0.2731235774577748,33.27999941666666,33.966922653846154,33.56250440726348,34.13691963781576,32.49832722486887,17.521117953395386,21.234719905059656,1.0809250956430911,0.893063552908541,0.18786154273455014,-0.3707116637995386,24.97895940309492,91.91288231146716,-0.8529974000000067,-75.14081337863581,-98.33261333007606,23.191799951440245,33.4250015,34.53,33.977500750000004,36.6350015,37.6050005,37.960001000000005,4.0,48.0,-44.0,32.30935004715713,,0.0,0.0,98.60810776155168,48.33035847255058,0.8814713345026557,0.9604904448342184,0.9174254829446417,-15.565030688391243,57.288840923327264,78.50458613564304,86.86647756640859,-21.495413864356955,-1.4215284617647086,33.53781232453744,3.096539256118384,17.48737430805341,6.5520645586172845,10.935309749436126,-1.1929008202764213,-1.2000729769862328,14.189640215198395
203,2021-03-24,33.740002,34.049999,33.470001,33.810001,33.666111,1226700,-3017112.529686546,27429850,-0.04147605690474783,506891.1229364644,80.29012877059128,-24.34989239390214,6.555924244662941,-23308.14773649753,1215.2082642595676,33.33276570708505,0.9477107747553026,33.260499499999995,34.487862081313054,32.033136918686935,7.3803015574859865,0.7238545921011118,0.0,0.0,33.4053338,34.3123334,32.4983342,5.430268144783507,0.723080142482973,0.0,0.0,31.440001,35.75,33.5950005,12.958311104137213,0.5498841183025798,6.215362843834879,-0.5121226362759828,-0.7804555736632374,0.2683329373872546,33.38999933333333,33.85038423076923,33.60058080614602,34.112703442422,31.36955886138826,16.77242000374531,23.495354545953038,1.1180032972781004,0.8789713611843267,0.2390319360937737,-0.34475947755613423,25.067185424528198,65.13680084668655,-0.3405014999999949,-69.13365991538123,-93.6042519231502,24.47059200776897,33.4250015,34.1799995,33.8025005,36.6350015,37.6050005,37.960001000000005,4.0,44.0,-40.0,32.54341524244142,,0.0,0.0,99.30405388077584,47.2911539336627,0.7770691420148234,0.8861801588391596,0.9325262551216517,-14.08054930572448,55.43558183382083,73.83175270038856,82.80060517862513,-26.168247299611444,-1.145381788235298,33.54356688556889,4.062785222358567,12.62306010054059,7.7662636670019465,4.856796433538643,-0.4416902367988973,-0.442668569989646,13.685275722932078
204,2021-03-25,33.810001,34.07,33.310001,33.91,33.76569,1287200,-2271892.1901861113,28717050,0.019932409841074413,452866.49291696894,75.04678574717455,-4.1329669049488205,5.674316368911812,-1611.0946733250607,1215.2082642595676,33.39719500126993,0.9289395972797724,33.255999499999994,34.4731009288084,32.03889807119159,7.319590131749944,0.7686713220936306,0.0,0.0,33.43733376666667,34.356333266666674,32.51833426666667,5.49684676662912,0.7571634877566982,0.0,0.0,31.440001,34.650002,33.0450015,9.652396705141888,0.7694698537477079,5.545598807118083,-0.449504613566333,-0.7142653816438564,0.26476076807752347,33.472499500000005,33.74692276923077,33.64818375904663,34.097688372612964,30.503271857532773,15.818563426110105,23.356437147852844,1.1243944060069817,0.890145584884774,0.23424882112220768,-0.31812472885302856,25.15286186847554,74.62277379919698,0.014000500000008742,-60.70936303338158,-88.02304297606663,27.313679942685056,33.4250015,34.1799995,33.8025005,36.6350015,37.57500075,37.960001000000005,4.0,40.0,-36.0,32.75407391819728,,0.0,0.0,99.65202694038791,48.09247436775369,0.8229442894184632,0.827161588645314,0.8912773974395639,-12.628697592589038,58.84756131850768,69.79584906291859,74.0440626329834,-30.204150937081412,-0.8679406823529447,33.55311810525574,3.0072966590095085,8.793664185688982,7.971743770739354,0.821920414949628,0.29576751565312254,0.2953309840704854,14.021519838601204
205,2021-03-26,33.950001,34.299999,33.639999,34.189999,34.044495,1172200,-1490425.5235194447,29889250,0.10499253836205268,435059.112185974,75.1701489955048,15.765143320252513,3.516032882868982,13486.11762721998,1225.2423869013965,33.45791497732833,0.9020456375517949,33.30699955,34.58915540215177,32.02484369784823,7.699017440625433,0.8443416993800377,0.0,0.0,33.5383336,34.4433332,32.633334000000005,5.396807192591086,0.8600362917287485,0.0,0.0,31.440001,34.650002,33.0450015,9.637616847417291,0.8566969293779035,4.6654044227195435,-0.3729862469013199,-0.6460095546953492,0.2730233077940293,33.54916608333333,33.65576884615385,33.73153994996254,34.10452619686386,29.31409426928142,16.779580544667144,22.176920210074837,1.0686274790144927,0.8888890885984838,0.17973839041600892,-0.28995717942693533,25.15627268183445,106.25357578408716,-0.056999550000000454,-52.81715039869629,-81.77418386854538,28.957033469849087,33.4250015,34.0600005,33.742501000000004,36.6350015,37.57500075,37.960001000000005,12.0,36.0,-24.0,32.94366672637755,,0.0,0.0,99.82601347019396,50.36774080193733,0.9422389611225902,0.8474174641852921,0.8535864038899218,-10.758620641977174,63.69520666880966,81.22437501045917,74.95065892458878,-18.775624989540834,-0.6103525470588238,33.58697826924972,2.7652509768560174,5.078346708451983,7.3930643582818805,-2.3147176498298974,0.8257121792981437,0.8223218265344112,14.963009414929385
206,2021-03-29,34.119999,34.43,33.93,34.18,34.034538,1362700,-1490425.5235194447,28526550,0.08831829435641933,370961.29083083477,75.18226927704151,7.705327658325322,2.770762992819582,9280.47117835279,1225.2423869013965,33.51968048990888,0.8618410737966155,33.31249955,34.608568471395394,32.0164306286046,7.7812769315018,0.8346660180177835,0.0,0.0,33.623666933333325,34.45666643333334,32.79066743333333,4.954840301336656,0.8339336138056875,0.0,0.0,31.440001,34.650002,33.0450015,9.636025646115174,0.8535819770772655,3.8350150997040373,-0.3095830451335573,-0.5787242527829908,0.2691412076494335,33.62666608333333,33.5930765,33.80053380381446,34.11011684894802,27.992213661092308,17.144446916230258,21.29936394081411,1.0953608493198066,0.9226802206220505,0.17268062869775613,-0.26142770502050455,25.10588687953117,120.51726137581042,-0.27249855000000167,-46.536525131772066,-75.01117701849851,28.47465188672645,33.4250015,33.665,33.54500075,36.6350015,37.5,37.960001000000005,8.0,32.0,-24.0,33.1143002537398,,0.0,0.0,99.91300673509697,50.28297753418263,0.9320369835238301,0.8990734113549609,0.8578841547285222,-9.224977322396528,63.119388930423426,80.81625272806008,77.2788256004793,-19.183747271939925,-0.48161756764706354,33.60181700870126,2.7969924812030067,2.9004499274424327,6.494541472113991,-3.5940915446715587,-0.029245394245258627,-0.02924967154465108,14.929388029589784
207,2021-03-30,34.150002,34.200001,33.799999,33.919998,33.775642,876800,-1841152.537884374,27649750,0.10646930624387653,285399.7130550013,71.49278258449803,-8.211719890510949,1.7240316357134076,-7068.2096556071965,1215.9221566182152,33.54543402757546,0.8156571664169541,33.33349945,34.654412110022385,32.01258678997761,7.925436463721705,0.7220050453563152,0.0,0.0,33.70566673333333,34.49666643333334,32.91466703333334,4.693571002514771,0.6354812566089858,0.0,0.0,31.440001,34.650002,33.0450015,9.629955009119218,0.7725844945219642,3.352040335003735,-0.27712106032824124,-0.518403614292041,0.24128255396379972,33.699999166666665,33.54846096153846,33.81891291091993,34.09603397124817,26.943224186589614,16.57923026900173,21.668628429038346,1.0719929074608188,0.9446882207256068,0.127304686735212,-0.23481502098068244,24.962423955401892,87.40033110069473,0.28649955000000205,-39.68464512685211,-67.86391085693882,28.179265730086705,33.4250015,33.665,33.54500075,35.615001,36.802499749999996,37.960001000000005,4.0,28.000000000000004,-24.000000000000004,33.26787042836582,,0.0,0.0,99.95650336754849,48.019990363271475,0.7615660294934787,0.8786139913799662,0.8750349556400728,-8.475593770137795,57.501870661222355,70.2039305290079,77.41485275584239,-29.796069470992087,-0.43205912941176194,33.62018990177375,2.663429096143197,-1.3017110610021305,4.9352909654907675,-6.237002026492898,-0.7606846108835552,-0.7635925726008352,14.055137861466038
208,2021-03-31,33.959999,34.959999,33.93,34.419998,34.273514,1885900,-1932706.6633738228,29535650,0.14311667233503236,379335.46833285823,72.55917059860774,24.303994909618922,2.246656729990222,21129.55246144485,1215.9221566182152,33.616479292541754,0.8380915497752589,33.4314994,34.76936692229349,32.09363187770651,8.003634574005932,0.8694306736385328,0.0,0.0,33.87166656666666,34.71566616666667,33.027666966666665,4.983513866014431,0.8248410504775884,0.0,0.0,31.440001,34.959999,33.2,10.528986324795246,0.846590537835532,2.9089023786176122,-0.20864376670210305,-0.4564516447740534,0.24780787807195037,33.76666575,33.51115323076923,33.911387540009166,34.12003130671127,25.281649469031027,21.353760119764395,19.837438712432718,1.0593721050673628,0.9058524013320437,0.1535197037353191,-0.2073352183903575,24.859881753786247,130.4644637529678,-0.451499400000003,-30.790151181741965,-60.54710634459155,29.756955162849582,33.66,33.665,33.662499999999994,34.8800005,36.3324995,37.960001000000005,100.0,24.0,76.0,33.40608358552924,,0.0,0.0,99.97825168377426,52.45172614032779,1.0,0.8978676710057695,0.8918516912468988,-6.59814907043539,53.60595317462377,80.4347321990812,77.15163848538306,-19.56526780091881,-0.19314739117647406,33.73178754424301,2.379533086839175,0.4188657437535378,4.0320059211433215,-3.6131401773897838,1.4740566906872976,1.463298071620267,15.736375252185608
209,2021-04-01,34.759998,35.169998,34.5,34.830002,34.681774,1083600,-1948870.1420707724,30619250,0.16030061847936825,388613.3063424501,76.8228622747921,24.113961332687214,6.686364524146534,40706.85744853433,1230.4059734941516,33.69391833000845,0.8292823947977329,33.577999500000004,34.85318741243052,32.30281158756949,7.595377517535061,0.9909090212491389,0.0,0.0,34.06933323333333,34.86433263333333,33.27433383333333,4.666950154587568,0.9784083904130412,0.0,0.0,31.440001,35.169998,33.3049995,11.108455106147703,0.9088481840602018,2.2660382909901116,-0.11990888689014412,-0.3891430931972716,0.26923420630712747,33.92083258333333,33.48692257692308,34.05271284154622,34.17262172843636,24.032586646780523,21.763090754011575,18.615660019494822,1.1516179856574094,0.8441224739456962,0.3074955117117132,-0.1777000639381681,24.576483684694153,158.64820673184278,-0.9080015000000046,-23.350282595246654,-53.257415117007476,29.907132521760822,34.239999499999996,33.5950005,33.9175,34.8800005,36.3324995,37.960001000000005,100.0,20.0,80.0,33.59255343526573,,0.0,0.0,99.98912584188713,55.78099766663317,1.0,0.9205220098311594,0.8990012240722983,-4.018633720749241,58.14021848991196,88.5523116690017,79.73032479903027,-11.447688330998293,0.1255582352941147,33.88989803064378,5.609466343238338,-2.29382570484004,2.7668395959466494,-5.06066530078669,1.1911796159895127,1.1841409122031799,17.11500336247478
210,2021-04-05,34.849998,35.52,34.849998,35.389999,35.239388,1151100,-1244467.7671524861,31770350,0.1503461795868662,425184.6263935291,76.83248958483165,20.371879072192016,7.058619173899971,31415.015648900244,1230.4059734941516,33.78328186207117,0.8153539553179598,33.7004995,35.1638308780579,32.2371681219421,8.68433049817497,1.077278504832674,1.0,0.0,34.2563332,34.9533331,33.559333300000006,4.069319946946324,1.313246745085618,1.0,0.0,32.200001,35.52,33.8600005,9.851483061846022,0.9608430604948978,1.7921228186781062,-0.004348649010232464,-0.31218420435986377,0.3078355553496313,34.147499333333336,33.540384076923075,34.25844917361603,34.26279782262626,23.34166225461229,23.428736316363324,17.545046497174862,1.1935770539079584,0.8358608691742615,0.35771618473369693,-0.14433467832035807,24.343587901551217,182.42857687608242,-0.6905014999999963,-16.27576629410837,-46.04870633953512,29.772940045426754,34.415000500000005,33.4800005,33.947500500000004,34.8800005,35.925000499999996,37.845001499999995,100.0,16.0,84.0,33.813395674328525,,0.0,0.0,99.99456292094357,59.90989379970167,1.0,0.9999999999999999,0.9394632269456428,-0.5169295221562327,59.50385654479578,96.08430604948978,88.35711663919089,-3.915693950510224,0.4339994411764678,34.08537967269609,8.325684623549726,-4.1387821447919775,1.3857152477989243,-5.524497392590902,1.6078006541601741,1.5950124301131297,18.997979152656374
211,2021-04-06,35.360001,35.700001,35.009998,35.290001,35.139816,1026500,-1437861.0139934577,30743850,0.17745500607843792,349779.97305159544,81.39231931036964,11.427263029858729,7.5769734907713024,15606.914383994124,1226.9293377209358,33.877051526589646,0.8028188597861636,33.840499449999996,35.34886974346509,32.332129156534904,8.914586474669136,0.9804859775745599,0.0,0.0,34.37633313333334,35.04733323333333,33.70533303333333,3.903849182502592,1.1808254325645133,1.0,0.0,32.200001,35.700001,33.950001,10.342636949467366,0.8828571428571418,1.5768007124224237,0.07826250772201604,-0.23409486194348783,0.31235736966550387,34.33749958333333,33.621922653846156,34.41714945459818,34.338886946876165,22.932156883077454,23.583774950957626,16.521757377739902,1.1868227605435708,0.8050542242828723,0.3817685362606985,-0.11015928800706004,24.135256069474003,167.6306438511262,-0.06050044999999926,-10.640357272046227,-38.8819889943585,28.241631722312274,34.505001,33.570001,34.037501,34.8800005,35.55000025,37.4800015,96.0,12.0,84.0,34.086452366435964,,0.0,0.0,99.99728146047178,58.85311338148769,0.9519637111619283,0.9839879037206426,0.9681699711839338,2.104443446594581,56.59922601529763,88.28571428571419,90.97411066806855,-11.71428571428582,0.7239993705882384,34.16920324762585,6.907007386065256,-6.3030448242633295,-0.1520367666135265,-6.151008057649803,-0.28256005319470257,-0.28296000769847396,18.661738399461992
212,2021-04-07,35.32,35.32,34.470001,34.48,34.33326,857800,-2275479.479191665,29886050,0.1811611110782054,200551.56864422472,82.61005173542256,-45.58156796467689,5.457221157681512,-22589.309722784084,1198.7679899645757,33.96587107831731,0.8075368738075468,33.91849955,35.38927230151789,32.44772679848211,8.672392771088198,0.6908862023111687,0.0,0.0,34.434999733333335,35.11599973333334,33.75399973333334,3.955278090743169,0.5330398433675906,0.0,0.0,32.200001,35.700001,33.950001,10.318852680498363,0.6514282857142847,1.3238082667519104,0.07747900364930871,-0.17178008882492854,0.24925909247423725,34.395833,33.637691884615386,34.426818769275386,34.34933976562608,21.634701353331028,21.890050650780037,19.89770272572986,1.1557304734436527,0.7944008389152825,0.3613296345283702,-0.08130019096908289,24.053719892157748,93.20359828882236,0.45149945,-5.834569376516418,-31.848756712262414,26.014187335745994,34.505001,33.570001,34.037501,34.8800005,35.375,37.4800015,92.0,8.0,84.0,34.37689112047749,,0.0,0.0,99.99864073023589,51.0048024282286,0.5325279223898127,0.8281638778505802,0.9373839271904073,2.2046611244752308,48.551263758463975,65.14282857142847,83.17094963554415,-34.857171428571526,0.9475582647058829,34.17745890984869,2.0722351116706674,-9.029295928478193,-1.9274885989864599,-7.101807329491733,-2.295270549864814,-2.322022022832515,15.938130464021505
213,2021-04-08,34.740002,35.060001,34.52,34.959999,34.811218,1574300,-1284264.1349608037,31460350,0.20908190173535857,279853.1196521941,82.75803434316208,-3.60160738105824,5.485172079097052,2227.1328456496776,1198.7679899645757,34.08780993628364,0.7847832864267924,34.0029995,35.508803407554865,32.49719559244514,8.856888684510691,0.8177702937276825,0.0,0.0,34.5419997,35.219,33.8649994,3.919867441837767,0.8087142649715237,0.0,0.0,32.200001,35.700001,33.950001,10.29320957405537,0.788570857142858,1.0800462968098885,0.11427271409206696,-0.11456952824152944,0.2288422423335964,34.44499966666667,33.69384569230769,34.508846497079176,34.39457378298711,20.429921218566488,20.792724313730282,18.900250796720645,1.199999926267274,0.8294930718426787,0.3705068544245953,-0.05436014036753841,23.939867829441994,93.12001842631675,-0.043000499999998,0.5779051758829312,-25.039060244566354,25.616965420449286,34.67,33.570001,34.1200005,34.8800005,35.375,37.4800015,88.0,4.0,84.0,,35.700001,0.0,1.0,99.99932036511794,54.84743326323274,0.6077997261105059,0.6974304532207488,0.8365274115973237,3.4422061921084506,51.20756141568921,77.8442514970061,77.09093145138291,-22.155748502993898,1.0703819500000051,34.23109430413708,1.7166133755197475,-6.917665563760328,-2.9255239919412332,-3.9921415718190945,1.392108468677522,1.3825076387723012,17.552114996637535
214,2021-04-09,34.950001,35.5,34.830002,35.43,35.279217,721800,-713288.4657797023,32182150,0.25775606212158514,288337.91995902313,76.49663116510442,34.80875380978097,7.330815270683033,31619.817498358374,1214.8841847634183,34.42883581593941,0.7733047577841131,34.1119995,35.697491803358,32.52650719664201,9.295803978643907,0.9156439287685396,0.0,0.0,34.690999733333335,35.35899993333334,34.02299953333333,3.8511441303788327,1.0531437465637457,1.0,0.0,32.200001,35.700001,33.950001,10.260319099734977,0.9228568571428569,1.0800462968098885,0.17929039932108992,-0.05579754272900558,0.2350879420500955,34.56749975,33.8080765,34.65056242060545,34.47127202128436,19.94739683066763,23.427167713908766,17.790785776842498,1.235055825734549,0.8338397163120564,0.40121610942249253,-0.02708076923457242,23.81289411900267,120.9425151523643,-0.3019985000000034,6.82382402146536,-18.412285308992836,25.236109330458195,34.75,33.570001,34.160000499999995,34.8800005,34.9750005,37.1400015,100.0,8.0,92.0,,35.67640098,0.0,0.0,99.99966018255897,58.29642070942162,0.8721367499917785,0.6708214661640323,0.7321385990784536,5.551468030341048,54.33495579610675,88.70288702928868,77.22998903257441,-11.29711297071132,1.1674117029411875,34.33929106009345,4.328624980230407,-10.27143588465343,-4.394706370483673,-5.876729514169757,1.3443964915445195,1.335439669416516,19.13248150638871
215,2021-04-12,35.400002,35.630001,35.200001,35.619999,35.46841,982800,223790.76398773922,33164950,0.2874647028497478,273822.6481363056,74.95478034569756,10.93813593813593,5.468523575775697,14974.274908991152,1214.8841847634183,34.528537601586365,0.7389742820057018,34.2409994,35.87568539088844,32.60631340911156,9.54812078813589,0.9217934232281888,0.0,0.0,34.83499986666667,35.48000006666666,34.189999666666665,3.703173259473406,1.1085262712580077,1.0,0.0,32.200001,35.700001,33.950001,10.221664266026067,0.9771422857142856,1.0800462968098885,0.24334360114644227,0.004030686046083989,0.2393129151003583,34.71833291666667,33.95115338461539,34.799706509743075,34.55636290859663,19.677532268920576,23.69251916027047,17.097122500305197,1.1614973434756515,0.8620321777574512,0.29946516571820025,0.00038493857515139817,23.568670764584468,128.95745056755337,-0.33099940000000316,13.052790792066945,-11.791250206344055,24.844040998411,34.75,33.570001,34.160000499999995,34.8800005,34.34249975,36.705000999999996,100.0,4.0,96.0,,35.653272960399995,0.0,0.0,99.99983009127948,59.638606207949344,0.9785012137002327,0.8194792299341721,0.7292437164396509,7.688151348094796,57.33592815242316,96.65263598326358,87.73325816985277,-3.3473640167364156,1.2125296617647123,34.448274618531514,5.35343965236795,-11.342108429750116,-5.784186782336962,-5.557921647413154,0.5362658763759631,0.5348330910019072,19.771348352387363
216,2021-04-13,35.290001,35.48,34.810001,34.91,34.761429,2143800,-1280074.3817811524,31021150,0.20575092608979315,17262.861802546657,63.44112828319057,-8.438290185628345,3.937029596437585,-37461.075287345004,1214.8841847634183,34.626003149480596,0.7460766538051317,34.30549945,35.93888284779947,32.67211605220053,9.522574654131557,0.6850455168132582,0.0,0.0,34.92366656666667,35.58566666666667,34.26166646666666,3.791125990372718,0.4896778212974077,0.0,0.0,32.200001,35.700001,33.950001,10.202445835546639,0.7742854285714275,1.1613130178669773,0.23411649031278614,0.050047846899424424,0.1840686434133617,34.801666250000004,34.02692265384615,34.81667473901337,34.582558248700586,18.718373969016948,21.955898507342308,19.373117658411452,1.0658873748843907,0.8809779641800093,0.18490941070438138,0.022728912036832735,23.434856617687096,77.74132408505876,-0.11550044999999898,16.343741739148157,-5.565873887899581,21.90961562704774,34.8150005,33.950001,34.38250075,34.8800005,34.27250025,36.6350015,96.0,28.000000000000004,68.0,,35.630607501191996,0.0,0.0,99.99991504563974,52.80004679851881,0.4365644211180139,0.7624007949366748,0.7509004970116262,7.485909097951531,53.30756265637246,66.94556485355633,84.1003626220362,-33.054435146443666,1.1683239500000013,34.460454434897976,2.9489826010026543,-4.9234967861768055,-5.612048783104932,0.6885519969281262,-1.9932594607877552,-2.0133928670454715,17.383994620040344
217,2021-04-14,34.959999,35.240002,34.560001,34.700001,34.552322,1365600,-2083369.326347406,29655550,0.20288213618634238,-26171.066226387848,62.79997588442501,-12.199733816564097,4.8048980662474445,-50946.18077754332,1207.57612220495,34.701752349087116,0.7394690884246182,34.3914995,35.91402826032189,32.86897073967811,8.854099312080825,0.6013122077033132,0.0,0.0,35.00966676666667,35.69966676666667,34.319666766666664,3.9417684526889736,0.2756045169082141,0.0,0.0,32.200001,35.700001,33.950001,10.176933401813432,0.7142857142857143,1.2788751713649205,0.2074672212515125,0.08153172176984205,0.12593549948167046,34.84416641666667,34.111922615384614,34.798724933011314,34.5912577117598,17.405250727974153,20.591350438625312,20.453992774488654,1.0841220820189261,0.8443741324921129,0.23974794952681322,0.039424750319089596,23.374283076047575,48.63680005188729,-0.21149950000000217,20.60283985992714,0.14445845006365193,20.458381409863488,35.085001000000005,33.950001,34.517501,34.8800005,34.27250025,36.6350015,92.0,24.0,68.0,,35.630001,0.0,0.0,99.99995752281987,50.939519047493235,0.2455468793191742,0.5535375047124734,0.71180584319444,6.758154552166809,47.57272572689815,58.158995815899594,73.9190655509065,-41.841004184100406,1.1825594000000024,34.467401770430016,1.4916701225993019,-4.546117399754727,-5.398862506434891,0.8527451066801639,-0.6015439702090952,-0.6033605345687754,16.677878278412916
218,2021-04-15,34.889999,35.259998,34.740002,35.23,35.08007,934500,-1256689.8903517656,30590050,0.25643001826774037,48322.524020238525,69.4216651316943,5.564346710112517,5.497563324466112,6058.631140135247,1226.0203331198861,34.79267093187238,0.7215218795821567,34.5194996,35.861312127295385,33.17768707270462,7.774229307167485,0.7647539747717629,0.0,0.0,35.07366686666667,35.71266656666667,34.43466716666667,3.6437575941470337,0.6223264528397484,0.0,0.0,32.200001,35.700001,33.950001,10.139196803420637,0.865713999999999,1.2622213711646901,0.22650298798411939,0.11052597501269752,0.11597701297142186,34.931666416666665,34.20076884615385,34.86507494331727,34.63857195533315,16.219894752203974,19.70220569934966,19.385490965946982,1.1181526569608278,0.8367348736272545,0.28141778333357326,0.05455725031563664,23.363665733915827,66.99942310053159,-0.5995016000000035,26.15642304540834,5.64520352124754,20.5112195241608,35.085001000000005,33.950001,34.517501,34.8800005,34.237500499999996,36.6350015,88.0,20.0,68.0,,35.60780098,0.0,0.0,99.99997876140993,55.227525673002006,0.6061895580789098,0.42943361950536585,0.5817906397181712,7.421286693535678,51.23821898009779,77.18443962675745,67.42966676540446,-22.815560373242555,1.2188240205882366,34.49039237760402,3.071971913399641,-6.769742105853013,-5.673038426318515,-1.0967036795344987,1.5273745957528728,1.5158276581888952,18.459986550100858
219,2021-04-16,35.400002,35.400002,35.0,35.27,35.1199,913100,-937111.0537459364,31503150,0.2526981579865974,46637.02058877669,69.01938805683962,8.761450005694915,4.997299516283427,15310.045656919148,1227.412351664445,34.868002125791605,0.6893698916239411,34.6324997,35.81838161739576,33.446617782604235,6.848376107230639,0.7687874275880602,0.0,0.0,35.11266693333334,35.72466703333333,34.500666833333334,3.485922052927358,0.6285400661426934,0.0,0.0,32.360001,35.700001,34.030001,9.64412049067311,0.8712571856287434,1.2816298166755447,0.2420267027975953,0.13682612056967708,0.10520058222791823,35.044166583333336,34.27769192307692,34.92737110588384,34.68534440308625,15.365290618209754,20.29322297903277,18.636589387709897,1.113812265193369,0.8419886187845298,0.27182364640883927,0.06810290658752775,23.34962974080085,77.22216693637259,-0.21250169999999713,30.524980150790128,10.845286459569595,19.679693691220535,35.085001000000005,33.950001,34.517501,34.8800005,33.9075005,36.6350015,84.0,16.0,68.0,,35.5860449604,0.0,0.0,99.99998938070496,55.54333875385866,0.6327510085183656,0.4948291486388164,0.4926000909522184,8.04791141818756,57.798093629853064,77.3683922437978,70.90394256215161,-22.631607756202207,1.1803828294117622,34.503393397623995,3.979958961082496,-8.684891517180755,-6.275409044490964,-2.409482472689792,0.11353959693445326,0.11347518948148227,18.594485541358452
220,2021-04-19,35.299999,35.400002,34.650002,34.810001,34.661858,1113000,-1575234.021745939,30390150,0.07846346846668278,-33165.251923906224,61.913185471480624,-11.792385444743914,3.6046057232070523,-13479.257663669228,1227.412351664445,34.930087437554874,0.695432902461547,34.683999799999995,35.805006818000514,33.562992781999476,6.46411615998521,0.5562000049851367,0.0,0.0,35.0826672,35.7026671,34.4626673,3.5345083454772204,0.28010786775933366,0.0,0.0,33.310001,35.700001,34.505001,6.890785416277165,0.6276150627615061,1.4107121494494577,0.21473594143724029,0.15240808474318973,0.062327856694050554,35.076666833333334,34.33769196153846,34.9093141665171,34.69457822507986,14.600608541014628,18.824765736661835,20.664881218851292,1.0419356989247306,0.8602148387096769,0.18172086021505374,0.0772387321527242,23.394755355155652,38.78052842416564,0.1460022000000052,31.472566256258,15.52450018493673,15.948066071321268,35.050001,33.950001,34.500001,34.8800005,33.9075005,36.6350015,80.0,12.0,68.0,,35.564724061192,0.0,0.0,99.99999469035248,51.08102407338772,0.25744815561221085,0.49879624073649526,0.4743530029602257,7.276853110311762,51.431412594697335,53.15794404426941,69.23692530494155,-46.84205595573059,1.0676770588235271,34.510461216999644,1.1330709548559537,-8.888153500169322,-6.797957935626636,-2.090195564542686,-1.3042217181740923,-1.3128013697236707,17.047750504371216
221,2021-04-20,34.75,35.299999,34.75,35.18,35.030281,898200,-1068973.286362784,31288350,0.0373747972177617,19048.798608080368,67.13817501542945,-0.0001530836673832601,4.191146209410165,-4968.929629254642,1240.4586409392855,34.988371112026584,0.6808895122153922,34.72449985,35.855684917708324,33.59331478229168,6.515198621116053,0.7013375896672683,0.0,0.0,35.0570005,35.663,34.451001000000005,3.4572239002592124,0.6014848197069467,0.0,0.0,33.310001,35.700001,34.505001,6.882748521430469,0.7824263598326358,1.4059353901291882,0.22042274730662115,0.16601101725587603,0.05441173005074512,35.10583333333334,34.41999961538461,34.95095814089908,34.73053539359246,13.890546612190581,17.807136256283435,19.547778746980104,1.0656085922566954,0.8486774122785431,0.21693117997815226,0.08498100943264542,23.35644006637938,51.355115370853746,0.6654991500000023,33.5139429443028,19.896557109472198,13.6173858348306,35.0750005,33.950001,34.51250075,34.8800005,33.8400005,36.6350015,76.0,8.0,68.0,,35.54382957996816,0.0,0.0,99.99999734517624,54.26387243243635,0.37059247542859747,0.4202638798530578,0.471296423076123,7.545313017133813,50.760855116924404,70.62142902744121,67.04925510516948,-29.378570972558798,1.007353314705874,34.514749304165235,1.0048750499641066,-10.389495851481218,-7.516265518797553,-2.873230332683665,1.0629100527747681,1.057300875868794,18.291862811028924
222,2021-04-21,35.240002,35.52,35.099998,35.18,35.030281,863600,-1603576.1520634252,32151950,0.06932415307025927,16327.541664068887,65.07057265367379,13.860625289370272,3.445191236535261,9547.058094023036,1240.4586409392855,35.070317455504586,0.6548007609938533,34.7854999,35.8760499448884,33.694949855111595,6.270141570616914,0.6808720754490325,0.0,0.0,35.1080004,35.671000199999995,34.545000599999995,3.207245035806711,0.5639428291093577,0.0,0.0,33.310001,35.700001,34.505001,6.8706788945700925,0.7824263598326358,1.4441760776511092,0.22236628185036977,0.1772820701747748,0.04508421167559498,35.088333416666664,34.47999965384615,34.98619534999153,34.76382906814116,13.004206484700266,19.278740744418815,18.715744230834787,1.096262762460421,0.9003398415265774,0.19592292093384367,0.0912841734012556,23.298414162715286,73.84195608829462,0.5045010999999988,36.99757890065748,23.94318752333604,13.05439137732144,35.095000999999996,33.950001,34.522501,34.8800005,33.76500075,36.6350015,72.0,4.0,68.0,,35.5233529883688,0.0,0.0,99.99999867258812,54.26387243243635,0.37059247542859747,0.33287770215646845,0.41731260758200706,7.763423131246437,45.96755397946373,57.723495934959196,60.5009563355566,-42.276504065040804,1.0206763882352945,34.537848213587715,-0.5933851538114012,-11.780371366962735,-8.36908668843059,-3.4112846785321445,0.0,0.0,18.291862811028924
223,2021-04-22,35.299999,35.689999,35.25,35.290001,35.139816,1468900,-2805396.1409725137,33620850,0.00893944233995261,37077.959840629825,65.9567375795391,4.792706106576319,2.0651015775273396,4592.963868675254,1240.4586409392855,35.117507944695596,0.6403205848944681,34.8594999,35.87339341097937,33.84560638902064,5.817028436368159,0.7123009444967023,0.0,0.0,35.16433373333333,35.717333333333336,34.61133413333333,3.1452300742772117,0.6136232889378791,0.0,0.0,33.310001,35.700001,34.505001,6.856093767426653,0.8284518828451868,1.4652477874787049,0.23012991396469573,0.187851638932759,0.042278275031936735,35.088333416666664,34.56884584615385,35.03293468076207,34.80280476679737,12.508807900783546,20.019772049394028,17.728943562155006,1.0512228351185682,0.9033763341244466,0.14784650099412155,0.09679337339658006,23.28909121689022,92.53178153671912,-0.3794999000000061,38.85220694693329,27.50189673727692,11.350310209656374,35.125,33.950001,34.5375005,34.8800005,33.76500075,36.6350015,68.0,4.0,64.0,34.52,,1.0,0.0,99.99999933629405,55.26739745725574,0.4824635011705632,0.4078828173425859,0.38700813311737065,8.217027742887957,47.242306649867075,66.66666666666629,65.00386387635557,-33.33333333333372,1.0179115823529372,34.55033064621592,0.0,-8.630001337892354,-8.421269618322944,-0.2087317195694105,0.3126805002842348,0.31219267144053653,18.661738399461992
224,2021-04-23,35.389999,35.990002,35.299999,35.799999,35.64764,1321400,-2211732.003570205,34942250,0.0025365208375176117,128054.15946339756,66.3509876779635,9.1381273651429,1.2626907413095458,23689.34635956847,1258.3852889425473,35.15513176887258,0.6462886264050213,34.95399985,35.948412635922516,33.95958706407749,5.689836872403107,0.9253762431338646,0.0,0.0,35.208667,35.7636671,34.653666900000005,3.152633412676472,1.032731435543886,1.0,0.0,33.639999,35.990002,34.8150005,6.723130428805542,0.919147762790091,1.465247787478705,0.27427356973558403,0.20513602509332401,0.06913754464226002,35.19833333333333,34.6892305,35.150944576029445,34.87667100629386,12.594203546360603,21.67096031262225,16.447125575992903,1.0174422093023245,0.9104651162790695,0.10697709302325509,0.10423338925333553,23.26402580220121,134.73444777278374,0.005999150000000952,40.611277104978285,30.563950772044848,10.047326332933437,35.2750015,34.095001499999995,34.6850015,34.8800005,33.76500075,36.6350015,100.0,4.0,96.0,34.543399980000004,,0.0,0.0,99.99999966814703,59.68413251542145,1.0,0.6176853255330533,0.4528152816773691,9.873144711826926,52.18457997855314,87.49981085538772,70.62999115233772,-12.500189144612278,1.0067644382352938,34.573341576604825,3.82830336426915,-7.0688928204992285,-8.1507942587582,1.0819014382589716,1.445162894724783,1.4348199449875754,20.37659381304642
225,2021-04-26,35.869999,36.220001,35.73,35.91,35.757175,1742000,-2673897.8807827197,36684250,-0.0487278324260017,137135.24268291143,67.84088767260359,9.282452927669523,1.1094900197246025,24448.945266104314,1258.3852889425473,35.22658068253573,0.6306598637645198,35.0399999,36.05258103354238,34.027418766457615,5.779572696530649,0.9295952547310538,0.0,0.0,35.255667,35.8166672,34.6946668,3.182468225604688,1.0831842840697732,1.0,0.0,33.799999,36.220001,35.010000000000005,6.906398421536536,0.8719005190904775,1.4633004505055383,0.3145084388468433,0.22701050784402788,0.08749793100281544,35.27750008333333,34.80076903846154,35.26772233356338,34.953213894716534,13.061179816397097,22.976953455231836,15.597028803786253,1.0500004880953524,0.9023811672336098,0.14761932086174256,0.11305046957293147,23.094319340105635,170.54854527544052,0.39000010000000174,41.27465581235238,33.3340523357342,7.940603476618179,35.390001,34.290001000000004,34.840001,34.8800005,33.955000749999996,36.6350015,100.0,12.0,88.0,34.601264060800005,,0.0,0.0,99.99999983407352,60.58802794852204,1.0,0.827487833723521,0.6176853255330533,11.508945094644943,47.651371895940954,82.28565714285675,78.81737822163691,-17.714342857143247,1.1054406088235282,34.593161483406625,2.717394242488374,-3.094774043974836,-7.139590215801528,4.044816171826692,0.3072653717113072,0.3067942764298337,20.746469401479484
226,2021-04-27,36.049999,36.279999,35.5,35.919998,35.767128,1784600,-2536627.6455644625,38468850,-0.04234041927715542,120093.41241392486,64.15012024271869,-3.7151571780231527,4.099947933057012,5849.42801609123,1258.3852889425473,35.31660257478293,0.6455937773880674,35.1269998,36.12800129211009,34.12599830788991,5.699328139661343,0.8961024065650365,0.0,0.0,35.3390002,35.9110004,34.767,3.2372177863707523,1.0078650322150244,1.0,0.0,33.799999,36.279999,35.039998999999995,7.060096262476698,0.854838306451614,1.291888412093618,0.343244903947145,0.25025738706465134,0.09298751688249368,35.31833325,34.8830766923077,35.368072436092085,35.02482753214494,12.954995824145703,21.10677914251744,16.72759964986167,1.0876351951104894,0.8487398196254063,0.2388953754850831,0.12222807007476952,23.03706348026618,148.1051783912766,0.49299919999999986,43.433988774567645,35.870846659583144,7.563142114984501,35.4650005,34.795,35.13000025,34.8800005,33.99250000000001,36.6350015,100.0,8.0,92.0,34.698388277152006,,0.0,0.0,99.99999991703676,60.67432967813568,1.0,0.9999999999999997,0.8150577197521912,12.89231452526233,48.98434022375659,79.54538610533311,83.11028470119253,-20.454613894666885,1.1985876529411783,34.731857330822926,1.3830031047135194,0.16618011445270026,-5.678436149750683,5.844616264203383,0.02784182678920999,0.027837951671871863,20.780087424344316
227,2021-04-28,36.630001,37.400002,36.139999,36.41,36.255047,1577600,-3438112.4655212555,40046450,-0.06284744757544755,213369.66138336348,64.31786960793133,70.28422287037287,9.377507236730663,22017.666973664054,1275.5515289950222,35.476066673848955,0.7290347996492608,35.2514999,36.240362944716445,34.26263685528355,5.610331744871065,1.0857737864661505,1.0,0.0,35.520666766666665,36.15066716666667,34.890666366666665,3.5472329623677514,1.2058195783156036,1.0,0.0,33.93,37.400002,35.665001000000004,9.843558458061528,0.7146969944109531,1.2504100848108757,0.4009360842514056,0.2803931265020022,0.12054295774940338,35.384166666666665,34.96153826923077,35.52836898438561,35.1274329001342,14.433061341955508,28.88841296159505,14.342210393835087,1.123510279142981,0.694474572646308,0.429035706496673,0.13376835519450408,23.20704837781966,258.461018156197,-0.3414999000000023,48.477258670113144,38.35093950677257,10.126319163340575,36.025002,35.3550015,35.69000175,34.550000499999996,33.947500999999995,36.6350015,100.0,4.0,96.0,34.82491713497984,,0.0,0.0,99.99999995851837,64.74849291834431,1.0,0.9999999999999997,0.9424959445745067,15.290501336854811,47.19475414458558,65.14078692225799,75.65727672348261,-34.859213077742005,1.3877938205882288,35.080847489959595,2.217858007239126,1.4234814822059965,-4.258052623359347,5.681534105565344,1.3641481828590152,1.3549274432631986,22.427706792199054
228,2021-04-29,36.650002,37.5,36.25,37.360001,37.201008,1676500,-2137145.7831212636,41722950,-0.008112438136537463,410413.52068574016,66.27181402762278,7.828772740828969,7.45036573180552,65263.63822001273,1275.5515289950222,35.623898784123654,0.7811313196843347,35.39850005,36.68001877425074,34.116981325749265,7.240525572781934,1.2653032737179941,1.0,0.0,35.7166668,36.4196676,35.013666,3.9365420291682875,1.6687996656618334,1.0,0.0,34.470001,37.5,35.9850005,8.559681895334988,0.9537956943220103,1.2504100848108757,0.5173502103102834,0.32778454326365847,0.18956566704662492,35.588333416666664,35.092307576923076,35.81015852524936,35.29280831493908,15.916640246818172,26.490126378337607,12.695533484645042,1.0958204599937424,0.747196917269036,0.3486235427247064,0.15147200887165485,23.524695958407797,250.77347593988662,-0.6984990500000023,53.795417712079875,40.93654368024921,12.858874031830666,36.075001,35.4050005,35.74000075,34.53,33.977500750000004,36.6350015,100.0,4.0,96.0,35.08242562148186,,0.0,0.0,99.99999997925919,71.01762187375917,1.0,0.9999999999999997,0.9999999999999996,19.577242303182345,51.50188423623862,95.2381276320161,79.97476688653573,-4.761872367983903,1.5707057147058734,35.61703811025307,7.018049269550273,2.920691108975763,-2.822303876892325,5.742994985868088,2.6091760505355666,2.5757177939894405,25.622061197041024
229,2021-04-30,37.259998,37.34,36.860001,37.279999,37.121346,1784100,-799079.1461074813,39938850,0.044391418002381826,331392.7937020629,67.78454298009717,6.053473179726559,7.101461249061994,39922.39846850389,1275.5515289950222,35.77086974822117,0.7530181877159012,35.5209999,37.01285613999249,34.029143660007506,8.399854982643626,1.0895337140557348,1.0,0.0,35.9103334,36.6213339,35.1993329,3.9598657694445176,1.463195947119582,1.0,0.0,34.470001,37.5,35.9850005,8.530162463134932,0.9273923852780137,1.2517191165086832,0.5962802041135546,0.3814836754336377,0.21479652867991694,35.80333325,35.225769038461536,36.03628782905715,35.4400076249436,17.29424922990493,25.241720144692813,12.097228179667795,1.1174088712321237,0.7763159586085144,0.3410929126236093,0.1717371171560909,23.713690407774692,206.28169214238588,-0.29099990000000275,56.86538268642779,43.757967728045855,13.107414958381938,36.125,35.4050005,35.76500025,34.4700005,33.8025005,36.6350015,96.0,12.0,84.0,35.372534546904035,,0.0,0.0,99.9999999896296,69.89040230383969,0.9438582629208941,0.9812860876402979,0.9937620292134323,22.70670493440729,54.2643308865978,92.51697024386732,84.29862826604712,-7.483029756132686,1.7419998323529455,35.963139983964496,7.435152523482626,4.598648018108794,-1.3381134978921012,5.936761516000896,-0.21413810989994175,-0.21436771338807503,25.353056489576332
230,2021-05-03,37.5,38.110001,37.450001,37.75,37.589344,1287100,-916092.1373195978,41225950,0.012611787359350835,370470.72133034025,77.66749013789082,34.86911118017222,10.194847060904891,12406.447800129445,1291.6328195063013,35.988846665540144,0.7607165689443112,35.63899995,37.41669369066635,33.86130620933365,9.976114611298742,1.0937468309948355,1.0,0.0,36.19199996666667,36.89400046666667,35.48999946666667,3.8793131114420456,1.6096858430537666,1.0,0.0,34.470001,38.110001,36.290001000000004,10.213530135825245,0.901098626373627,1.1326999090304424,0.6888176841119815,0.44295047716930647,0.24586720694267505,36.01333325,35.373461346153846,36.299935855356054,35.61111817124407,19.374580985251022,30.488932121422657,11.15723980237249,1.2131308594024224,0.7030303109886685,0.5101005484137539,0.195099945084611,23.877107418260167,212.03692860343534,-0.36899994999999564,60.95730719486373,46.80723042255262,14.15007677231111,36.6049995,35.875,36.239999749999996,34.775000999999996,33.8025005,36.6350015,100.0,8.0,92.0,35.62783040127555,,0.0,0.0,99.9999999948148,72.63811332536754,1.0,0.9812860876402979,0.9875240584268651,26.283368538660625,57.26618381663222,89.85912676056346,92.53807487881562,-10.14087323943654,1.9677057999999974,36.68497973008942,7.152994606869155,3.1457520770543645,-0.4413403829028082,3.587092459957173,1.260732329955272,1.2528512701677652,26.933422999327504
231,2021-05-04,37.650002,37.880001,37.25,37.610001,37.449944,1214000,-742661.9141929798,40011950,0.026509325170563595,293266.505997434,77.89239054128534,-11.157374794110305,10.26930127679445,11724.666322165514,1286.8426922719154,36.17775369529638,0.74764501204988,35.75499995,37.71942862266904,33.790571277330955,10.988273950027198,0.9721477231035405,0.0,0.0,36.4423334,37.152334100000004,35.7323327,3.8965710137540306,1.3223003160419358,1.0,0.0,34.470001,38.110001,36.290001000000004,10.180394364676802,0.8626373626373623,0.9035145478102442,0.7423007731807019,0.5028205363715856,0.23948023680911623,36.20833333333333,35.50499988461539,36.50148433914743,35.75918356596673,20.823331991633612,28.66805111938348,12.38686428476194,1.2192887781704111,0.7005078270502746,0.5187809511201366,0.21828773053172057,24.04332197893811,156.39200830083956,-0.9449989499999987,65.76247833668786,50.00333035988933,15.75914797679853,36.6800005,35.955,36.317500249999995,34.775000999999996,33.742501000000004,36.6350015,96.0,4.0,92.0,35.97533428509698,,0.0,0.0,99.9999999974074,70.57220694510531,0.9041658010451249,0.9493413546553394,0.9706378433119783,28.62049113955833,56.939436861387954,85.54912877142449,89.30840859195176,-14.450871228575515,2.1755001617647096,36.9901244429529,6.634536433229356,1.5495667046045403,-0.04315896540133851,1.5927256700058787,-0.3708582781457026,-0.37154766241158654,26.462679892400807
232,2021-05-05,37.91,38.080002,37.02,37.099998,36.942108,1037500,-1623562.3511732942,38974450,0.024689715654147498,175781.560497801,72.36697824363603,-1.5324819276142778,9.762384945528249,-18571.033600150244,1269.392715772666,36.300711384647634,0.7788807108448916,35.88599985,37.84227567186278,33.929724028137215,10.902724349550384,0.8102829714584988,0.0,0.0,36.65566679999999,37.4296675,35.881666100000004,4.2230889113167,0.787035399321989,0.0,0.0,34.52,38.110001,36.3150005,10.00390407124185,0.7186621953587201,0.9708155950405267,0.7350602102210786,0.5492684711414842,0.18579173907959434,36.39916641666667,35.617307499999995,36.59356336389398,35.8585031536729,21.628933587495485,25.868660972193062,13.296089114087707,1.172946272912534,0.7014492350347028,0.47149703787783115,0.23700285493270914,24.324768021268063,120.55638407588822,-0.7059998499999978,69.45784561219756,53.40395687825203,16.053888733945527,36.705,35.955,36.33,34.775000999999996,33.54500075,36.6350015,92.0,4.0,88.0,36.2741876251834,,0.0,0.0,99.9999999987037,63.48830861802362,0.575554723534691,0.8265735081932718,0.9190669834963029,28.528135696107437,50.66169746277775,70.80915341305015,82.07246964834603,-29.190846586949842,2.1926767617647016,37.008286019109676,6.578560569417966,-0.7656901688508885,-0.1876652060912485,-0.57802496275964,-1.3560302750324271,-1.3653083365885443,24.74780766644251
233,2021-05-06,37.040001,37.16,36.529999,36.970001,36.812668,876600,-1275701.5861903625,38097850,0.0003330862681885412,134390.57039811567,67.60715478145957,-50.66753935677655,5.517457133923143,-17140.387589799502,1264.9448113584313,36.381022119915336,0.7639927397604025,35.986499949999995,37.94867481341175,34.02432508658824,10.90506087637319,0.7506150364932141,0.0,0.0,36.803333466666665,37.59633436666667,36.01033256666666,4.309397140442376,0.6050865978420316,0.0,0.0,34.560001,38.110001,36.335001,9.864810428723002,0.6788732394366213,1.0855726191772284,0.7106405188969234,0.5815428806925721,0.12909763820435127,36.54833316666666,35.7346153076923,36.65147684637183,35.940836327474905,21.335124935945306,24.346960260008387,17.089168521765902,1.0982982909942147,0.8081289329472336,0.2901693580469811,0.2506846852468144,24.451249711725428,70.01555304783398,-0.8064999499999956,70.950126471949,56.77494014124878,14.175186330700228,36.8050005,36.020000499999995,36.41250049999999,34.775000999999996,33.54500075,35.615001,88.0,16.0,72.0,,38.110001,0.0,1.0,99.99999999935184,61.78586386949415,0.49658094703686817,0.6587671572055611,0.8115606733513906,27.94885297475768,51.614817204301254,67.05201359884802,74.47009859444087,-32.94798640115199,2.067117882352946,37.00326763431527,5.088121091529288,-3.6269073692058993,-0.8755136387141788,-2.7513937304917206,-0.3503962453043741,-0.35101157075332345,24.31069603227978
234,2021-05-07,36.810001,37.240002,36.630001,37.119999,37.042179,881000,-741332.6343361782,38978850,-0.0010842139092965926,134070.23719838442,73.09203080743876,6.23170374597059,6.804892076117036,502.89863769557314,1264.9448113584313,36.496776620650515,0.7485935657843619,36.0709999,38.07514430817149,34.066855491828505,11.112219864864304,0.7617074637244009,0.0,0.0,36.93333353333333,37.71833423333333,36.14833283333333,4.250906294670189,0.6188950956774121,0.0,0.0,34.560001,38.110001,36.335001,9.841701116802136,0.7211261971830992,1.0040146032499937,0.695375467074328,0.6043093979689232,0.09106606910540471,36.70999975,35.8384615,36.72355717769924,36.028181710624914,21.174507932231048,23.697834548966892,16.101533404613495,1.1427198551112772,0.7978929526134638,0.34482690249781334,0.260726480170513,24.53873392733651,69.24498887422793,-0.7809989000000002,71.17257987061538,60.096931703277995,11.075648167337384,36.8050005,36.290001000000004,36.54750075,34.775000999999996,33.662499999999994,34.8800005,84.0,12.0,72.0,,38.080002,0.0,0.0,99.99999999967592,63.01813122591152,0.4764419300088225,0.5161925335267937,0.6671777329752088,27.810959910710075,57.60762989238357,70.53566353105258,69.46561018098357,-29.464336468947415,1.923823905882358,37.015671554871076,5.514494030699262,-5.934131135712449,-1.8872371381138329,-4.046893997598616,0.4057289584601165,0.4049080980845332,24.815060524546073
235,2021-05-10,37.16,37.689999,36.990002,37.220001,37.141972,724700,-989801.235344457,39703550,-0.047391497876904505,125270.41037004415,72.91166660392156,39.11937146446826,9.599143829555297,5526.828033310568,1268.3525973076032,36.59862312639714,0.7437339092059261,36.150999999999996,38.203889448559046,34.098110551440946,11.357303801051422,0.7603649701522781,0.0,0.0,37.068000233333336,37.87400053333333,36.261999933333335,4.3487660242065225,0.5942932444731542,0.0,0.0,34.560001,38.110001,36.335001,9.819921993859085,0.749295774647889,1.0197305526213944,0.6834685294119041,0.6201412242575194,0.06332730515438467,36.87083308333333,35.93038453846154,36.7999331503609,36.116464620948996,21.62314209526872,26.403415175008032,15.028204090605563,1.1652500800282524,0.7488198783570545,0.4164302016711978,0.2679170312215344,24.618161028865618,81.3833828050643,-0.35100099999999657,73.2345020830314,63.408099848662864,9.826402234368537,37.125,36.290001000000004,36.7075005,34.775000999999996,33.9175,34.8800005,80.0,8.0,72.0,,38.049001940000004,0.0,0.0,99.99999999983797,63.85496170080254,0.5219856060587519,0.49833616103481404,0.5577652839223896,27.92390472298269,50.55677649714313,70.43192315755186,69.33986676248415,-29.568076842448136,1.7380297176470592,37.03723417142202,5.468971225022088,-8.84891424090504,-3.2795725586720748,-5.569341682232966,0.26940194691278396,0.26903971030356466,25.151314727639562
236,2021-05-11,36.900002,37.02,36.57,36.950001,36.87254,946200,-337970.3633444669,38757350,0.03859468658334167,70878.35174575172,67.9008559103003,-25.91949112238429,6.757706943001399,-4911.5342878244655,1268.3525973076032,36.67421324590024,0.7343606182853338,36.253000050000004,38.25109998914349,34.25490011085652,11.023087393527236,0.6744159379482227,0.0,0.0,37.162667033333335,37.935667433333336,36.389666633333334,4.160091089838371,0.36244118804250647,0.0,0.0,34.560001,38.110001,36.335001,9.792293038104019,0.673239436619719,1.1187704462061958,0.6448124554095784,0.6250754704879312,0.019736984921647216,36.96666658333333,35.99038461538461,36.823020511843836,36.17820805643426,21.182397392496544,24.753345843929093,18.127145229046278,1.0720885721998934,0.8179298187275067,0.2541587534723867,0.27083809118673746,24.629314902652624,43.563028980409385,-0.34300005000000766,74.06027528859468,66.25065725071636,7.809618037878323,37.1800005,36.290001000000004,36.73500075,34.775000999999996,33.947500500000004,34.8800005,76.0,4.0,72.0,,38.018621881200005,0.0,0.0,99.99999999991898,59.9130250212593,0.2674401906792884,0.4219559089156208,0.47882820115907604,26.916564648477486,49.808700184770466,59.44057362217713,66.80272010359386,-40.55942637782287,1.5099120294117654,37.031649068198256,3.2122961791144204,-9.648336659860504,-4.5533253789097605,-5.095011280950744,-0.7254164232827431,-0.728060362356997,24.243446536650982
237,2021-05-12,36.599998,36.689999,35.75,35.75,35.675053,1159700,-1497670.3633444668,37597650,0.024198136818785927,-138053.00703221286,61.086629589467414,-46.606872035828374,3.0863085042582066,-44526.708114210494,1268.3525973076032,36.7379763623013,0.7809246564568004,36.3055,38.189543255343416,34.42145674465659,10.378831060546826,0.35257769469344047,0.0,0.0,37.1040003,37.8450003,36.363000299999996,3.9941784929319506,-0.41363043184884835,0.0,1.0,34.650002,38.110001,36.3800015,9.530233711145684,0.31791858899381203,1.787530523345527,0.5114514919558033,0.6023506747815056,-0.09089918282570231,36.95333325,36.008076884615384,36.65794043309863,36.14648894114283,19.928572238441607,22.0176639666438,23.675809397870353,0.9669848273820065,0.8557774618981676,0.11120736548383892,0.26359180511998065,24.672501454429778,-19.521794161414714,-0.38550200000000245,70.90428562194546,68.15164257403477,2.752643047910695,36.9300005,36.290001000000004,36.61000075,34.775000999999996,34.037501,34.8800005,72.0,20.0,52.0,,37.988849423576006,0.0,0.0,49.99999999995949,46.2479988499376,0.0,0.2631419322460133,0.39447800073214917,21.32472801351684,41.42739838783502,16.014259064584323,48.628918614771095,-83.98574093541568,1.1715588029411776,36.99723209795141,-0.44555834029517294,-8.69656991179064,-5.381974285485937,-3.314595626304703,-3.2476345535146223,-3.3015405317793345,20.208473436449225
238,2021-05-13,35.880001,36.540001,35.73,36.34,36.263817,882800,-1050822.622168824,38480450,0.008523606907038688,-43923.720313324884,60.17124436933536,-7.7989663569327945,1.8765160955385143,-23093.531203822335,1289.2848499624702,36.789415049261045,0.7838322908111204,36.361,38.17929480228179,34.542705197718206,10.001346510171839,0.4942253588434503,0.0,0.0,37.02066696666667,37.717667066666664,36.32366686666666,3.7654648449612096,0.011716736721659215,0.0,0.0,34.650002,38.110001,36.3800015,9.515687137317446,0.48843886949100407,2.0473795493845843,0.44820342666346136,0.5715212251578968,-0.12331779849443547,36.98833341666667,36.079615346153844,36.609026520314224,36.16082309365076,18.794060227398724,20.38035004956635,22.098803460441417,0.9621337707855867,0.8967295297741107,0.06540424101147602,0.25264922753021757,24.770263705947823,-13.881879549323711,0.04899999999999949,67.49991994784843,69.33325782530373,-1.8333378774553069,36.9200005,36.3150005,36.6175005,34.775000999999996,34.037501,34.8800005,68.0,16.0,52.0,,37.89929544663297,0.0,0.0,24.999999999979746,52.03993862367196,0.21947384044608223,0.16230467704179005,0.2824675060678079,18.465702828430068,43.40372822914883,32.183895714982654,35.879576133914696,-67.81610428501735,0.9576472382352961,36.96147481768963,1.1692706664404706,-9.817738510520005,-6.26912713049275,-3.548611380027255,1.6503496503496695,1.6368793828008599,22.192333557498344
239,2021-05-14,36.450001,37.099998,36.23,36.919998,36.842598,959600,-488299.3970579599,39440050,0.01854662597732881,41860.536988578155,58.41098281441408,48.05102490652381,4.64569980831382,29884.80902478917,1289.2848499624702,36.87389752947435,0.7924488617300086,36.4434999,38.20514986716308,34.68184993283692,9.667841848324127,0.6352419915652545,0.0,0.0,36.97966683333333,37.71566683333333,36.24366683333333,3.98056587863346,0.4594641077898576,0.0,0.0,34.650002,38.110001,36.3800015,9.494145758486814,0.6560683977076298,2.1300382207557833,0.439810014520873,0.5451789830304921,-0.10536896850961908,37.03083325,36.15499992307692,36.65686828641972,36.21705827189885,18.01962169638068,23.86427639375193,20.34851059218762,0.9691661038892639,0.8724999183333875,0.09666618555587647,0.24242399502989487,24.884986480688124,27.17741209138577,0.9165010999999978,65.2630978705419,69.81167901149018,-4.548581140948286,36.905001,36.335001,36.620001,34.775000999999996,34.1200005,34.8800005,64.0,12.0,52.0,,37.769137719834994,0.0,0.0,12.499999999989873,56.95075917543156,0.40555945050782466,0.20834443031796876,0.21126367986859054,17.7196339550825,51.55622822503671,54.4060327946235,34.201395858063485,-45.5939672053765,0.8243820323529363,36.96090823271808,1.4007085965394208,-10.08198060211328,-7.031697824816857,-3.050282777296423,1.5960319207484863,1.583429249544377,24.142562205783456
240,2021-05-17,36.630001,36.939999,35.919998,36.099998,36.024319,1237700,-1289164.5312097901,38202350,0.011760888123407936,-109107.25400979018,60.271524819282305,-19.366627211804012,3.5277376630437587,-12174.024139719006,1289.2848499624702,36.93868372842888,0.8152040755570077,36.507999749999996,38.11321146937101,34.90278803062898,8.79375331633179,0.3729134153842745,0.0,0.0,36.8346666,37.606666700000005,36.06266649999999,4.191704018301101,0.02417842951057085,0.0,0.0,34.75,38.110001,36.4300005,9.203465056997533,0.40178499946875035,2.429334874649255,0.3628087940157556,0.5087049452275447,-0.14589615121178912,36.925833000000004,36.18076907692308,36.57119593466284,36.20838714064708,16.804531495742122,21.69475589312427,21.26160164417601,0.96323458886063,0.8929735351523397,0.07026105370829028,0.22812892565101506,25.0906942933216,-19.151547020263486,0.7719992500000004,60.22107559404935,69.19596759564145,-8.974892001592096,36.905001,36.335001,36.620001,34.775000999999996,34.160000499999995,34.8800005,60.0,8.0,52.0,,37.646789456644896,0.0,0.0,6.2499999999949365,49.26962072291813,0.11449824803881596,0.2465105129975741,0.20571987345244414,14.318394547098976,46.25611968853942,15.546127921795096,34.04535214380041,-84.45387207820491,0.5762052058823528,36.89058926729966,-3.372598946129572,-8.160601179315071,-7.2574784957165,-0.9031226835985713,-2.221018538516717,-2.246054552629717,21.385332885003372
241,2021-05-18,35.950001,36.119999,35.380001,35.400002,35.325787,1303500,-2522201.358336348,36898850,-0.05876591028276658,-223869.75857981993,51.61424075181631,-38.603569620483306,-4.249961800588826,-52765.026688090045,1289.2848499624702,36.86066128481832,0.8076834680013067,36.51899985,38.09031642879849,34.94768327120151,8.605474329815129,0.14392985312493653,0.0,0.0,36.63999993333333,37.422999733333334,35.85700013333333,4.27401638332246,-0.2918251916113691,0.0,1.0,35.099998,38.110001,36.6049995,8.242293086786159,0.09966900365215633,2.9444375085952643,0.24250549254860232,0.45546505469175624,-0.21295956214315392,36.76916658333333,36.172307653846154,36.391012252407016,36.148506759858414,16.30899943925211,20.256010230324083,24.69096549886652,0.8773909991683481,1.0739129308128934,-0.19652193164454534,0.20746739486960242,25.234021335561025,-94.2150156359505,1.2310001499999998,53.58055680536615,67.43182439488243,-13.851267589516276,36.535,36.335001,36.4350005,34.775000999999996,34.160000499999995,34.8800005,56.00000000000001,4.0,52.00000000000001,,37.5317820892462,0.0,0.0,3.1249999999974682,43.83450749239289,0.0,0.17335256618221337,0.20940250316591857,9.50734778432672,40.5798698120468,0.7326373626373855,23.56159935968532,-99.26736263736261,0.3157346176470597,36.730194972674134,-5.042910542996517,-6.10343373348206,-7.0266695432696125,0.9232358097875526,-1.9390471988391722,-1.9580933300269443,19.031613987895103
242,2021-05-19,35.0,35.119999,34.389999,34.939999,34.866749,1421600,-1801664.37203498,35477250,-0.007833568102769946,-285308.40232556005,41.96490068702396,-51.09388927968456,-8.45872337348265,-43748.36802936089,1289.2848499624702,36.656996396438466,0.8279154212011758,36.5069998,38.12209249183138,34.891907108168624,8.848126116522884,0.014888276095424606,0.0,0.0,36.3816665,37.131666100000004,35.6316669,4.122953521109333,-0.4611121792598266,0.0,1.0,34.389999,38.110001,36.25,10.189832142820986,0.14784938287667534,3.5535174594531225,0.10879177780882543,0.3861303993151701,-0.2773386215063447,36.53499983333333,36.17346146153846,36.1677794443444,36.05898766653557,16.97752629490217,18.45687340035081,31.204017248090445,0.7984010134274344,1.1483119859516957,-0.3499109725242613,0.18055755769079,25.327368526941523,-170.08097744355396,1.1030011999999942,45.35994795542106,64.58847122637931,-19.22852327095825,36.039999,36.25,36.1449995,35.155001,34.38250075,34.8800005,52.0,12.0,40.0,,37.359639602106505,0.0,0.0,1.5624999999987341,40.6602021521984,0.0,0.03816608267960512,0.15267638728646404,4.51997051419918,41.216903411659366,14.784938287667535,10.354567857366668,-85.21506171233247,0.013616885294112535,36.54151803531459,-7.443711258278145,-3.630893206000265,-6.347514275815743,2.716621069815478,-1.2994434294099744,-1.3079600551484383,17.48486550100874
243,2021-05-20,35.119999,35.32,34.939999,35.060001,34.9865,1497200,-2353251.1004909617,36974450,0.01786047388078217,-218883.3456504802,40.54743693486432,9.517804234604565,-8.211271155277078,-13330.729820478573,1289.2848499624702,36.44839436907941,0.7831239790810582,36.4954998,38.147934153554516,34.84306544644548,9.055551301448507,0.06564120174815873,0.0,0.0,36.203666500000004,36.9286661,35.47866689999999,4.005116995539685,-0.2887352627504838,0.0,1.0,34.389999,38.110001,36.25,10.193043033760546,0.18010796768388773,4.031273618712583,0.012363337168736166,0.3113769868858834,-0.2990136497171472,36.32249983333333,36.18730761538462,35.99735199136834,35.984988654199604,17.268515647657242,19.644031907801157,30.12005825471898,0.792638748553861,1.1193889627368303,-0.32675021418296935,0.1509725863291071,25.348446070427972,-136.18004851075878,0.6044982000000019,36.47594167325214,60.73328920445007,-24.25734753119793,36.039999,36.25,36.1449995,35.155001,34.517501,34.8800005,48.0,8.0,40.0,,37.06267554189586,0.0,0.0,0.7812499999993671,41.8433645134986,0.036999363557333374,0.012333121185777588,0.07461725668253187,1.0412239979134597,38.91703785491586,18.010796768388776,11.176124139564559,-81.98920323161123,-0.19605980000000756,36.412590239615334,-6.78011149215337,-1.2004022679015265,-5.3180918742329,4.117689606331374,0.3434516411978228,0.3428631930202819,17.888369199731002
244,2021-05-21,35.189999,35.439999,34.900002,35.049999,34.976521,4957400,-4556579.771205815,32017050,-0.0809925519192719,-194697.7126718402,51.39720595422278,0.4357207406503425,-10.670799043814354,3727.8991760712297,1289.2848499624702,36.01713450830301,0.7588112811729524,36.457999799999996,38.20329763498609,34.7127019650139,9.574292855123101,0.09663022213878686,0.0,0.0,36.01699976666667,36.73499896666667,35.29900056666666,3.9870017194741743,-0.17339961288721628,0.0,1.0,34.389999,38.110001,36.25,10.20352740250987,0.17741925945201042,4.422730066447405,-0.06412478398426202,0.2362766327118543,-0.3004014166961163,36.15166658333333,36.180384499999995,35.85160537731167,35.91573016129593,17.338219175444127,19.774169694360584,28.599669499062102,0.7447004392533347,1.1778797664848568,-0.4331793272315221,0.1205449413814046,25.38522259232294,-125.42634341271764,0.5120012000000074,27.509221142741747,55.652702433306764,-28.143481290565017,35.7449985,36.25,35.997499250000004,35.155001,34.517501,34.8800005,44.0,4.0,40.0,,36.79540788770627,0.0,0.0,0.39062499999968353,41.76861104197014,0.03705565365630648,0.02468500573787975,0.025061403201087337,-1.7044105910856204,42.63368586103813,17.88616432019153,16.893966458749276,-82.11383567980846,-0.4946183676470497,36.271735505846905,-5.525604071461135,18.806343975464067,-0.49320470429350705,19.299548679757574,-0.02852823649377445,-0.028532306569273302,17.854737726967063
245,2021-05-24,35.369999,35.369999,34.32,34.400002,34.327885,1942400,-6202987.327784439,30074650,-0.121059057999908,-347248.6355472914,49.82036552493673,-17.568509318317556,-11.128737224114872,-37435.77687929525,1265.3752548546058,35.79208820464093,0.7879300530556571,36.3824999,38.33449217099088,34.43050762900912,10.730391129559948,-0.00781397279653027,0.0,1.0,35.7566664,36.50966580000001,35.00366699999999,4.211798670359311,-0.4008402928342217,0.0,1.0,34.32,38.110001,36.2150005,10.417098908588184,0.021108701554432417,4.863232588771643,-0.17517222039775504,0.15398686208993245,-0.3291590824876875,35.93750000000001,36.14692303846154,35.62828178080218,35.80345400119994,18.031886443856926,17.883823141615984,31.1462399269439,0.7204967417482926,1.1570537571380872,-0.43655701538979463,0.08709742205745684,25.45717576062335,-145.87134005036447,0.7374991000000009,16.570877949288846,49.264991617828336,-32.69411366853949,35.709998999999996,36.2150005,35.96249975,35.155001,34.517501,34.8800005,40.0,100.0,-60.0,,36.554866998935644,0.0,0.0,0.19531249999984177,37.12666685227049,0.0,0.02468500573787975,0.02056771088717888,-5.602877513226984,34.890603589077706,2.1277116341959483,12.67489090759208,-97.87228836580405,-0.7966181676470612,36.002916894123516,-6.9515794711501435,17.809789351651904,3.1673941068955753,14.64239524475633,-1.854485074307699,-1.8718962431042208,15.669139206455963
246,2021-05-25,34.52,34.52,33.849998,34.029999,33.958656,1735400,-7005931.199593796,28339250,-0.15357059348750052,-389370.7170691079,48.4261267246428,-25.481252449060836,-12.839363689932483,-54687.30787603967,1251.765004470842,35.57057121496199,0.7761372477500917,36.28799995000001,38.48768705484188,34.088312845158136,12.123495964907102,-0.01325503182470379,0.0,1.0,35.48533293333333,36.26033253333334,34.71033333333334,4.367999598346736,-0.4389256028863374,0.0,1.0,33.849998,38.110001,35.9799995,11.739426272789103,0.04225372611239882,5.35594431787881,-0.28969484185678596,0.06525052130058878,-0.35494536315737474,35.68,36.116922961538464,35.38239212221723,35.67208696407402,19.123681432580874,16.781412057319418,33.55050509051578,0.6884187786379797,1.2591907850008464,-0.5707720063628666,0.05089333155794285,25.514981372264902,-165.72108513525276,0.9320010499999967,6.066252455204471,42.06076571041268,-35.99451325520821,35.474998,35.9799995,35.727498749999995,35.155001,34.500001,34.8800005,36.0,100.0,-64.0,,36.28668295906337,0.0,0.0,0.09765624999992088,34.75861646561633,0.0,0.012351884552101957,0.020573965342620338,-9.601629973700893,30.5367208948519,4.6875248209570035,8.233800258448154,-95.31247517904299,-1.088735970588246,35.711689999804655,-8.324353672531089,15.91437352161914,5.716789989840288,10.197583531778852,-1.0755900537447793,-1.0814163391907883,14.425013449899126
247,2021-05-26,34.060001,34.34,33.630001,33.860001,33.789017,1681500,-7598007.129982451,26657750,-0.14243044063688542,-374582.2770592353,46.8389295101441,-8.444765685489166,-9.823451284840527,-27065.779372469067,1245.5117704572285,35.38821017430589,0.7695234229750829,36.1605,38.599691953907666,33.72130804609233,13.490919394962276,0.028430102371704274,0.0,0.0,35.27333303333333,36.025332633333335,34.52133343333333,4.263842032106017,-0.4397159475439442,0.0,1.0,33.630001,38.110001,35.870001,12.389209220005245,0.05133928571428505,5.848264137053431,-0.3896802707280358,-0.02573563710513614,-0.36394463362289964,35.4,36.066153769230766,35.14817810341458,35.537858374142616,20.335206080062125,15.678468794666456,33.38192483597052,0.7153284411796028,1.1897804917682921,-0.47445205058868933,0.01337341672043965,25.604140722234913,-149.89869262086734,0.7895010000000013,-2.471855337960549,34.28612401198946,-36.757979349950006,35.364999499999996,35.870001,35.61750025,35.155001,34.51250075,34.8800005,32.0,100.0,-68.0,,35.945547064794496,0.0,0.0,0.04882812499996044,33.69521688649773,0.0,0.0,0.01234563009666042,-13.180033433529987,31.176610549296527,5.665027421195696,4.160087958782877,-94.3349725788043,-1.2190591999999967,35.52312248494499,-9.027404378629669,14.016810032693291,7.376793998410889,6.640016034282402,-0.4995533499721816,-0.5008052888616721,13.853399462004035
248,2021-05-27,33.939999,34.299999,33.73,33.860001,33.789017,2225800,-8808520.345970554,28883550,-0.22420417407192172,-321070.5231936303,49.704114046052545,0.7682361398597413,-10.213698970991302,-8399.989579782221,1245.5117704572285,35.18585337380579,0.7495709806775749,35.985499999999995,38.5541292040713,33.41687079592869,14.27591226505847,0.08625811062354635,0.0,0.0,35.049333000000004,35.7773324,34.3213336,4.154141249991822,-0.316849574326577,0.0,1.0,33.630001,38.110001,35.870001,12.449458809798385,0.05133928571428505,6.310646264196404,-0.4635756321430762,-0.11330363611272415,-0.35027199603035203,35.142500000000005,36.015384576923076,34.94999701058157,35.413572642724645,21.460193252723286,14.835469877156635,31.587047614880515,0.7142853610674069,1.2014649820874486,-0.48717962102004164,-0.02345976488572629,25.675985030070578,-127.21317849776143,-0.2354999999999947,-12.443856132166896,25.65201801168848,-38.095874143855376,35.285,35.870001,35.5775005,35.155001,34.522501,34.8800005,28.000000000000004,96.0,-68.0,,35.575059694427374,0.0,0.0,0.02441406249998022,33.69521688649773,0.0,0.0,0.0041172948507005045,-16.058839906735965,32.09208088876965,5.665027421195696,5.339193221116126,-94.3349725788043,-1.4082356264705922,35.18724415211895,-8.3626520064235,14.754665439978451,8.852368286724403,5.9022971532540485,0.0,0.0,13.853399462004035
249,2021-05-28,34.09,34.419998,33.98,34.09,34.018532,1245100,-9431067.516184932,30128650,-0.29544605740797925,-234293.05489453912,50.662924926584964,6.53758011412742,-12.540969781729933,8457.523521632742,1253.972090989806,35.06491548928331,0.7306135826098177,35.82600005,38.44888654575384,33.20311355424616,14.642363044120184,0.16906687483229169,0.0,0.0,34.7906664,35.4756658,34.105667,3.937834315240379,-0.011435776440091321,0.0,1.0,33.630001,38.110001,35.870001,12.504884703141725,0.10267834821428654,6.630443989267082,-0.4978404465606445,-0.19021099820230825,-0.3076294483583363,35.00416666666667,35.96923069230769,34.8176897781844,35.315530224745046,22.25610568947753,15.190345618103374,29.88684850966703,0.6892389673206777,1.2235618432917927,-0.534322875971115,-0.056984549844449686,25.63668175239684,-100.87047946114336,0.5139999500000059,-22.759061640192257,16.432002763439414,-39.19106440363167,34.875,35.870001,35.3725005,35.155001,34.5375005,34.8800005,24.0,92.0,-68.0,,35.263850303318996,0.0,0.0,0.01220703124999011,36.732372565968085,0.11584323387596462,0.038614411291988004,0.01287147043066252,-17.656600803648484,29.671059263859554,13.256466792334502,8.195507211575292,-86.7435332076655,-1.5665005735294102,34.85862700861738,-4.643356643356634,10.838763946240725,9.249647418627667,1.5891165276130579,0.6792645989585289,0.6769679911450499,14.626765299260281
250,2021-06-01,34.27,34.41,33.66,33.759998,33.689224,853500,-10056972.068184916,29275150,-0.3175769174680132,-241059.290909605,51.03271164778092,-14.499033391915788,-11.725222800982184,195.37312562217267,1241.8332438800724,34.95050864440712,0.7325522243488359,35.626499949999996,38.240625069922295,33.0123748300777,14.675172265538814,0.1429968221919937,0.0,0.0,34.55299983333333,35.21099913333333,33.89500053333333,3.8086377632846067,-0.102585620785104,0.0,1.0,33.630001,38.080002,35.8550015,12.490704970303996,0.02921280242409002,6.991041673245376,-0.5453376493486388,-0.2612363284315744,-0.2841013209170644,34.7891665,35.890769115384614,34.654967966156036,35.200305615504675,23.324701579367176,14.096017812185647,30.807519488154167,0.7196690145841965,1.1792276394219265,-0.45955862483773,-0.08857343547245725,25.650684209911713,-102.29367265330903,1.2934980500000037,-32.385454503316666,6.880223729141322,-39.26567823245799,34.535,35.870001,35.2025005,35.155001,34.6850015,34.8800005,20.0,100.0,-80.0,,35.002434414787956,0.0,0.0,0.006103515624995055,34.30438143956164,0.026194381773405353,0.04734587188312312,0.02865342772503689,-19.730628352071733,27.446030364433135,3.746314478081769,7.555936230537316,-96.25368552191824,-1.6958533999999972,34.55233141506774,-7.099620253164557,5.675117370335642,8.534741408969262,-2.85962403863362,-0.9680316808448275,-0.9727475663763308,13.517141896435803
251,2021-06-02,33.740002,34.009998,33.57,33.919998,33.848888,1245400,-9321056.202203723,30520550,-0.29770999035248596,-178155.96363680493,51.01291316771012,-8.655849526095908,-9.014435478858436,-2359.78037809778,1241.8332438800724,34.83485528447518,0.7032968019139526,35.4419998,37.99014881825017,32.893850781749826,14.37926207679834,0.2013514929662227,0.0,0.0,34.372999633333336,35.000998933333335,33.74500033333334,3.6540267459869553,0.139329507745202,0.0,0.0,33.57,38.080002,35.825001,12.725021233141593,0.07760484363421555,7.182334396019014,-0.563572350685682,-0.32170353288239595,-0.24186881780328606,34.5391665,35.81423057692307,34.541895663670495,35.10546801435618,24.408059208478534,13.482368712347338,30.356822260993265,0.7964427445750213,1.225296499711017,-0.42885375513599566,-0.11650533788473215,25.547428749371626,-98.40714964959507,0.6579982000000015,-39.813625948325154,-2.5835067046082583,-37.23011924371689,34.5049995,35.8400005,35.1725,35.235001,34.840001,34.8800005,16.0,96.0,-80.0,,34.782845068421885,0.0,0.0,0.0030517578124975276,36.49610888282373,0.12043976276824135,0.08749245947253691,0.0578175808825492,-20.87153388848196,31.93553044462318,9.914963124624984,8.972581465013745,-90.08503687537502,-1.742206267647056,34.44026167572187,-8.125677579939197,3.348260183708539,7.497445163917118,-4.149184980208579,0.4739336773657232,0.4728141475387915,14.055137861466038
252,2021-06-03,33.689999,33.77,33.009998,33.09,33.02063,1273100,-10326129.154380163,29247450,-0.2995699445513927,-303658.03366011777,46.457020506774555,-23.87878407037931,-10.16299388696176,-25249.473027596683,1241.8332438800724,34.700209120602054,0.7239671217225571,35.2414999,37.86616208496948,32.61683771503052,14.895292155084922,0.09013774947479287,0.0,0.0,34.220333,34.8513325,33.589333499999995,3.68786300238517,-0.395668697043334,0.0,1.0,33.009998,37.689999,35.3499985,13.279800840712792,0.01709444079178624,7.633887096302463,-0.637646987337952,-0.3848922237735072,-0.2527547635644448,34.288333333333334,35.705384499999994,34.31852710002888,34.95617408736683,25.94037924044981,12.290649680562188,33.1130156034478,0.7309197502307254,1.217221402913035,-0.4863016526823096,-0.1451260932878251,25.32728503513971,-118.73764559765951,0.15850209999999976,-46.502373578221416,-11.803319510327542,-34.699054067893876,34.2249985,35.5599995,34.892499,35.5599995,35.13000025,34.8800005,12.0,100.0,-88.0,,34.56453295610594,0.0,0.0,0.0015258789062487638,30.76266192792582,0.0,0.048878048180548694,0.061238793178736095,-23.693097945631976,30.48909404018104,1.9560391198044114,5.2057722408370495,-98.04396088019558,-1.8138535970588237,34.16358964902249,-8.337945060273952,1.5889676953557703,6.315749670204848,-4.726781974849078,-2.4469282103141476,-2.4773630027915328,11.264290517821141
253,2021-06-04,33.23,33.400002,33.110001,33.189999,33.120419,713800,-10646119.668205965,29961250,-0.3243773438251834,-250081.2736801013,42.75005461549719,-5.484646959582762,-13.986970448826515,-28994.717442608362,1245.5861022226159,34.57103662497393,0.6825706095503011,35.05249980000001,37.69639000422724,32.408609595772774,15.085316136153192,0.14777266525249189,0.0,0.0,34.032999733333334,34.654999233333335,33.41100023333333,3.655272852077091,-0.17765386735305416,0.0,1.0,33.009998,37.689999,35.3499985,13.351404398267755,0.038461743918430207,7.910263672911351,-0.6804389107853055,-0.44400156117586687,-0.23643734960943863,34.104166416666665,35.581538307692306,34.14490739233213,34.825346303117435,27.363247841565997,11.904611130749455,32.072964763523714,0.6718429282993504,1.3240161797168453,-0.6521732514174948,-0.1722092787253721,24.947206901523415,-112.41979426023937,-0.1125008000000065,-52.96766726503912,-20.745196000080973,-32.222471264958145,34.1899985,35.5599995,34.874999,35.5599995,35.69000175,34.550000499999996,8.0,96.0,-88.0,,34.253625964884755,0.0,0.0,0.0007629394531243819,32.14574921463159,0.07473336392146802,0.06505770889656959,0.06714273884988492,-25.587808833647664,29.529036231616068,4.58017695160885,5.483726398679409,-95.41982304839115,-1.9086473294117567,33.95792517000473,-6.242945974974805,-2.937079167117966,4.465183902740286,-7.402263069858252,0.30220308250226147,0.3017473668804449,11.600534633490245
