,Date,Open,High,Low,Close,Adj Close,Volume,volume_adi,volume_obv,volume_cmf,volume_fi,volume_mfi,volume_em,volume_sma_em,volume_vpt,volume_nvi,volume_vwap,volatility_atr,volatility_bbm,volatility_bbh,volatility_bbl,volatility_bbw,volatility_bbp,volatility_bbhi,volatility_bbli,volatility_kcc,volatility_kch,volatility_kcl,volatility_kcw,volatility_kcp,volatility_kchi,volatility_kcli,volatility_dcl,volatility_dch,volatility_dcm,volatility_dcw,volatility_dcp,volatility_ui,trend_macd,trend_macd_signal,trend_macd_diff,trend_sma_fast,trend_sma_slow,trend_ema_fast,trend_ema_slow,trend_adx,trend_adx_pos,trend_adx_neg,trend_vortex_ind_pos,trend_vortex_ind_neg,trend_vortex_ind_diff,trend_trix,trend_mass_index,trend_cci,trend_dpo,trend_kst,trend_kst_sig,trend_kst_diff,trend_ichimoku_conv,trend_ichimoku_base,trend_ichimoku_a,trend_ichimoku_b,trend_visual_ichimoku_a,trend_visual_ichimoku_b,trend_aroon_up,trend_aroon_down,trend_aroon_ind,trend_psar_up,trend_psar_down,trend_psar_up_indicator,trend_psar_down_indicator,trend_stc,momentum_rsi,momentum_stoch_rsi,momentum_stoch_rsi_k,momentum_stoch_rsi_d,momentum_tsi,momentum_uo,momentum_stoch,momentum_stoch_signal,momentum_wr,momentum_ao,momentum_kama,momentum_roc,momentum_ppo,momentum_ppo_signal,momentum_ppo_hist,others_dr,others_dlr,others_cr
0,2018-06-04,139.940002,140.880005,138.679993,139.240005,133.676819,282600,-138728.61093485032,282600,,,,,,-42932.37931018433,1000.0,,0.0,,,,,,0.0,0.0,,141.800013,137.39998899999998,,0.4181831735463277,0.0,0.0,,,,,,,,,,,,,,0.0,0.0,0.0,,,,,,,,,,,,,,139.779999,164.23234265368853,160.46892944121535,,,,,,0.0,0.0,,,,,,,,,,,,,,,,,-15.542729403450718,,0.0
1,2018-06-05,139.479996,141.300003,139.479996,141.259995,135.616119,306600,154391.82244809813,589200,,,,362.1021461198627,,-39475.82948087693,1000.0,,0.0,,,,,,0.0,0.0,,142.150009,138.12999,,0.7786045289835686,0.0,0.0,,,,,,,,,,,,,,0.0,0.0,0.0,,,,,,,,,,,,,,139.989998,164.23234265368853,160.46892944121535,,,,,,0.0,0.0,,,,,,,,,,,,,,,,,1.4507253141796461,1.440302973259211,1.4507253141796461
2,2018-06-06,141.529999,142.690002,140.839996,142.490005,136.796967,233700,337563.0145415296,822900,,,,1088.4712558823167,,6482.8476924664865,1008.707419251997,,0.0,,,,,,0.0,0.0,,142.71889722222224,138.80554722222223,,0.9415099027119368,0.0,0.0,,,,,,,,,,,,,,0.0,0.0,0.0,,,,,,,,,,,,,,140.6849975,164.23234265368853,160.46892944121535,,,,,140.880005,0.0,1.0,,,,,,,,,,,,,,,,,0.8707419251996917,0.8669728312827196,2.334099312909399
3,2018-06-07,142.889999,144.110001,142.070007,143.309998,137.584213,217700,384516.774013371,1040600,,,,1241.6179375149372,,3287.7308820407807,1014.5122686716787,,0.0,,,,,,0.0,0.0,,143.34000525,139.38499575,,0.9924128500829181,0.0,0.0,,,,,,,,,,,,,,0.0,0.0,0.0,,,,,,,,,,,,,,141.394997,164.23234265368853,160.46892944121535,,,,140.839996,,1.0,0.0,,,,,,,,,,,,,,,,,0.5754740481621834,0.5738245216341475,2.923005496875719
4,2018-06-08,143.169998,144.160004,142.740005,144.130005,138.37146,232200,606905.8265408808,1272800,,,,220.15518949159068,,2581.434649609656,1014.5122686716787,,0.0,,,,,,0.0,0.0,,143.69133826666666,139.95933106666666,,1.1175417703731518,1.0,0.0,,,,,,,,,,,,,,0.0,0.0,0.0,,,,,,,,,,,,,,141.4199985,164.23234265368853,160.46892944121535,,,,140.839996,,0.0,0.0,,,,,,,,,,,,,,,,,0.5721910623430526,0.5705602671695509,3.511921735423673
5,2018-06-11,144.100006,144.910004,143.220001,143.389999,137.661041,233100,420701.04956711037,1039700,,,,445.8809373633607,,131.82342407282158,1014.5122686716787,,0.0,,,,,,0.0,0.0,,143.99778261111112,140.32444227777776,,0.8345419819677856,0.0,0.0,,,,,,,,,,,,,,0.0,0.0,0.0,,,,,,,,,,,,,,141.7949985,164.23234265368853,160.46892944121535,,,,140.97279632000001,,0.0,0.0,,,,,,,,,,,,,,,,,-0.5134295249625609,-0.5147521032954572,2.9804609673778737
6,2018-06-12,143.690002,143.820007,142.470001,143.229996,137.507401,241700,451134.3460117185,798000,,,,-513.8616032234155,,-1466.5073077682932,1014.5122686716787,,0.0,,,,,,0.0,0.0,,144.07286233333335,140.53856890476192,,0.7615177261402328,0.0,0.0,,,,,,,,,,,,,,0.0,0.0,0.0,,,,,,,,,,,,,,141.7949985,164.23234265368853,160.46892944121535,,,,141.20902878080003,,0.0,0.0,,,,,,,,,,,,,,,,,-0.11158588542844461,-0.11164818882978267,2.8655493081891192
7,2018-06-13,143.490005,143.699997,141.809998,142.179993,136.499359,232700,309543.2159105892,565300,,,,-316.76488826535996,,-1975.6006269613808,1007.0749932727317,,0.0,,,,,,0.0,0.0,,144.12042058333333,140.55541408333335,,0.45570153004395875,0.0,0.0,,,,,,,,,,,,,,0.0,0.0,0.0,,,,,,,,,,,,,,141.7949985,164.23234265368853,160.46892944121535,,,,141.43108729395203,,0.0,0.0,,,,,,,,,,,,,,,,,-0.7330887588658519,-0.7357890596693117,2.1114535294651793
8,2018-06-14,142.449997,144.179993,142.449997,143.669998,137.929855,303800,434225.48269039555,869100,,,,318.89184825871956,,1477.838154322216,1007.0749932727317,,0.0,,,,,,0.0,0.0,,144.23629888888888,140.68296066666665,,0.8406284869401686,0.0,0.0,,,,,,,,,,,,,,0.0,0.0,0.0,,,,,,,,,,,141.7949985,,,141.7949985,164.23234265368853,160.46892944121535,,,,141.63982229631492,,0.0,0.0,,,,,,,,,,,,,,,,,1.0479709335757148,1.0425177833867316,3.1815518823056665
9,2018-06-15,143.300003,143.539993,141.589996,143.25,137.526627,540400,813894.7562328619,328700,,,,-270.6326286081545,,1603.9561851043113,1007.0749932727317,,1.8580018999999965,,,,,,0.0,0.0,142.49299976666666,144.28700166666664,140.69899786666667,2.518021099896381,0.7109808895222882,0.0,0.0,,,,,,,,,,,,,,0.0,0.0,0.0,,,,,,,,,,,142.195,,,141.7949985,164.23234265368853,160.46892944121535,,,,,144.910004,0.0,1.0,,,,,,,,,,,,143.25,,,,,-0.29233521670960494,-0.2927633506987881,2.8799158690061777
10,2018-06-18,142.020004,144.429993,141.660004,143.990005,138.237076,269400,997711.1909551662,598100,,,,493.54335558869644,,-188.10518649141,1012.2773704482764,,1.949200609999998,,,,,,0.0,0.0,142.8689997333333,144.7199993333333,141.01800013333335,2.591184376533598,0.8028107803661014,0.0,0.0,,,,,,,,,,,,,,0.0,0.0,0.0,,,,,,,,,,,142.875,,,141.7949985,164.23234265368853,160.46892944121535,,,,,144.84360384,0.0,0.0,,,,,,,,,,,,143.34907829087297,,,,,0.5165828970331576,0.5152531849963005,3.4113759188675763
11,2018-06-19,142.990005,143.5,140.690002,141.600006,135.94252,275800,900544.1317615323,322300,,,,-967.9082940554723,,-3186.1553948929786,1012.2773704482764,,2.0842808489999984,,,,,,0.0,0.0,142.99400020000002,144.9439989,141.04400149999998,2.727385341024971,0.14256535145383073,0.0,0.0,,,,,,,,,,142.64500041666668,,142.3762970606531,,0.0,0.0,0.0,,,,,,,,,,,142.800003,,,141.7949985,164.23234265368853,160.46892944121535,,,,,144.7785316832,0.0,0.0,,,,,,,,,,,,143.3363576861159,,,,,-1.6598367365845856,-1.6737663812311787,1.6949159115586143
12,2018-06-20,142.570007,142.740005,140.679993,141.210007,135.568146,231300,788265.0289213533,91000,,,,-342.8918028638134,,-5214.883143777727,1009.4893256356409,,2.0818539640999987,,,,,,0.0,0.0,142.94766693333332,144.91866623333334,140.9766676333333,2.7576515829660013,0.05919316325142319,0.0,0.0,,,,,,,,,,142.80916725,,142.1968678205526,,0.0,0.0,0.0,,,,,,,,,,,142.7949985,,,141.7949985,164.23234265368853,160.46892944121535,,,,,144.61499049587198,0.0,0.0,,,,,,,,,,,,143.2885370398834,1.41482471219388,,,,-0.2754230109284106,-0.27580299797813623,1.414824712193874
13,2018-06-21,141.110001,141.110001,137.949997,138.75,133.20639,263000,658429.9166873181,-172000,,-48016.340379831025,50.30555939590288,-2619.3189049429693,,-5218.753083848985,1009.4893256356409,142.20507144227054,2.199669567689998,,,,,,0.0,0.0,142.55833333333334,144.64133363333332,140.47533303333333,2.922312924533809,-0.41414613174403586,0.0,1.0,,,,,,1.3116848031742812,,,,142.600001,,141.6665804635445,,0.0,0.0,0.0,,,,,,,,,,,141.4300005,,,141.4300005,164.23234265368853,160.46892944121535,,,,,144.37889064611966,0.0,0.0,,37.400178665720695,,,,,,11.494284416668043,,-88.50571558333196,,142.8176839452902,-1.7768618779860523,,,,-1.7420911253123839,-1.7574441026175336,-0.35191394886835425
14,2018-06-22,140.009995,140.009995,138.429993,138.660004,133.119995,329500,424864.7629723184,-501500,,-45393.10346842723,46.159458999053854,-148.65205463126205,-72.09767902649735,-4795.419890202222,1009.4893256356409,142.12608817024216,2.1377028109209992,,,,,,0.0,0.0,142.09399926666669,144.19299986666667,139.99499866666665,2.9543831700603107,-0.31800721416341016,0.0,1.0,,,,,,1.658111469447825,,,,142.28083425,,141.2040302383838,,0.0,0.0,0.0,0.9495737703510501,0.9877342174484853,-0.03816044709743527,,,,,-131.79035961999682,-131.79035961999682,0.0,141.189995,,,141.4300005,164.23234265368853,160.46892944121535,,,,,143.8645791544301,0.0,0.0,,37.04746172377764,,,,,,10.20123974013232,,-89.79876025986768,,142.1649892625456,-2.6879085308474866,,,,-0.06486198198198956,-0.0648830264658784,-0.4165476724882433
15,2018-06-25,138.389999,138.550003,136.190002,137.119995,131.641541,282500,365011.2978678525,-784000,,-101058.73761579467,38.702412107323454,-1545.4802796430174,-208.3535665809888,-3351.2691268502203,998.2775659209734,141.88842085302392,2.1709327298288987,,,,,,0.0,0.0,141.4386658,143.6046662,139.2726654,3.0628122624725744,-0.49692289992190297,0.0,1.0,,,,,,2.1068929671876853,,,,141.76500066666665,,140.5757171247863,,0.0,16.869699333401286,26.217751968844055,0.8524861889406231,1.055442792441017,-0.2029566035003939,,,,,-130.1083341988109,-130.94934690940386,0.8410127105929632,140.3099975,,,140.550003,164.23234265368853,160.46892944121535,,,,,143.39141258207567,0.0,0.0,,31.562121535602458,,,,,,10.665054893335997,10.786859683378786,-89.33494510666401,,141.2903353999781,-4.319309947935397,,,,-1.1106367774228576,-1.1168503976827004,-1.5225581182649384
16,2018-06-26,137.5,137.740005,135.919998,136.070007,130.633484,415200,18254.70143718447,-1199200,,-148901.0633278231,31.347840369639144,-236.70655106141834,-303.00912421982696,-6316.917576914111,998.2775659209734,141.33952494207242,2.135840156846009,,,,,,0.0,0.0,140.77899933333333,142.99199983333332,138.56599883333334,3.1439355450454656,-0.563938379890412,0.0,1.0,,,,,,2.583164739678452,,,,141.09333416666666,,139.88253095174224,,0.0,15.826107840024395,25.513613675917924,0.7975104833402792,1.1294978935102267,-0.3319874101699475,,,,,-129.54863513107838,-130.48244298329539,0.9338078522170008,140.1749955,,,140.415001,164.23234265368853,160.46892944121535,,,,,142.6712715238681,0.0,0.0,,28.46729012313017,,,,,,1.66861957600486,7.511638069824392,-98.33138042399514,,140.30002930744297,-5.592172150413792,,,,-0.7657439019013834,-0.7686907738182036,-2.2766431242228102
17,2018-06-27,136.649994,138.330002,135.589996,135.589996,130.172668,355000,-336745.29856281553,-1554200,,-151972.89785241932,25.170715413693145,100.33631830564592,-384.52923987763353,-4431.693926771719,994.7559653621134,140.8368874460481,2.1962567411614073,,,,,,0.0,0.0,140.17299953333332,142.47100073333334,137.8749983333333,3.2788071991761125,-0.4971717015059174,0.0,1.0,,,,,,3.029928141373555,,,,140.44333391666666,,139.22214095916652,,0.0,16.346286612461576,23.18794137377795,0.7509029892829605,1.1537946713182128,-0.4028916820352523,,,,,-129.16802255443437,-130.1538378760801,0.985815321645731,140.0099945,,,140.25,164.23234265368853,160.46892944121535,,,,,141.86111870100393,0.0,0.0,,27.156318648546133,,,,,,0.0,4.111224823113619,-100.0,,139.45477147646235,-5.439712012272192,,,,-0.35276767495131534,-0.35339136733592014,-2.621379538157864
18,2018-06-28,135.639999,136.429993,134.279999,135.520004,130.105484,305000,-289928.94465671136,-1859200,,-133312.1353020743,19.2797813951223,-1131.3923999941019,-481.06835341232585,-1409.767244969208,994.2424690749122,140.29589106975348,2.1916304670452655,,,,,,0.0,0.0,139.37066646666668,141.71066746666668,137.03066546666668,3.3579533761642155,-0.3227907737361384,0.0,1.0,,,,,,3.4135087256203147,,,,139.80083458333334,,138.65258142698707,,0.0,15.177220163136184,25.887226113516554,0.6931958837658576,1.2127722257051399,-0.5195763419392823,,,,,-129.7088036852993,-130.06483103792397,0.3560273526246647,139.354996,,,139.5950015,164.23234265368853,160.46892944121535,,,,,140.98316152286338,0.0,0.0,,26.961347386121986,,,,,,11.665140326838966,4.444586634281275,-88.33485967316103,,138.15780104923618,-5.382945064105147,,,,-0.05162032750558598,-0.05163365538338738,-2.6716467009606837
19,2018-06-29,136.289993,138.449997,136.139999,136.479996,131.0271,442900,-602452.4929887841,-1416300,-0.10050758128639564,-53527.4792874923,22.773948984581253,1011.8312801977868,-440.6433289241526,2979.957973439716,994.2424690749122,139.78888400568155,2.2654667203407386,140.5570007,146.5542104852987,134.5597909147013,8.533491402678612,0.16009153873571416,0.0,0.0,138.79366656666667,141.16966766666667,136.41766546666665,3.4237889361597738,0.01311668865249087,0.0,0.0,134.279999,144.910004,139.5950015,7.562771649267259,0.20696105034757742,3.684600572081259,,,,139.32583483333335,,138.3183375151429,,0.0,20.284465396431525,23.4281493315016,0.7283947157448197,1.1462959056358772,-0.4179011898910575,,,-98.73181390904197,3.1129972999999893,-129.77912152040918,-130.01721278500483,0.23809126459565277,138.8899995,,,139.5950015,164.23234265368853,160.46892944121535,,,,,139.91065551920525,0.0,0.0,,33.964317490072006,,,,,,21.674860103365557,11.113333476734843,-78.32513989663444,,137.7944587488164,-4.009000760043642,,,,0.7083766024682303,0.7058794015362579,-1.9821954186226898
20,2018-07-02,135.919998,136.270004,134.669998,135.789993,130.36467,441600,-425817.5713697336,-1857900,-0.04665761330628192,-89410.02864642136,21.892336116706616,-661.23327671694,-451.16987703083294,904.7993441781969,989.2158695255607,139.21762109796435,2.2199198483066658,140.3845001,146.7126496184998,134.0563505815002,9.015453292909221,0.1369786233267449,0.0,0.0,138.015333,140.27433580000002,135.7563302,3.273553381202949,0.0074508097112588375,0.0,0.0,134.279999,144.910004,139.5950015,7.5720645743852915,0.1420501683677485,3.9830830234802117,,,,138.66916775,,137.92936143589014,,0.0,19.078781652181256,26.86296539085879,0.7038951318862695,1.1710283655665814,-0.4671332336803119,,,-120.77397638266986,2.865499900000003,-127.39162079431891,-129.64212821490682,2.2505074205879083,138.510002,,,139.5950015,164.23234265368853,160.46892944121535,,,,,139.0097504761324,0.0,0.0,,31.617772737533272,,,,,,14.87679697150567,16.072265800570065,-85.12320302849433,,137.18274788805195,-5.484795092709602,,,,-0.5055707944188303,-0.5068531274530663,-2.477744811916649
21,2018-07-03,136.229996,137.369995,135.320007,135.440002,130.028687,181300,-585892.9656647264,-2039200,-0.12281177015044038,-85701.93431121875,26.010538053923483,989.3764478764406,-357.8740673064185,-2699.891088209798,986.6662217662362,138.92559348428122,2.202926663475998,140.09350045000002,146.7600638203944,133.42693707960564,9.517305726504723,0.1509822084144732,0.0,0.0,137.4266662,139.609668,135.2436644,3.1769697400983734,0.044969637679637416,0.0,0.0,134.279999,144.910004,139.5950015,7.58779312805727,0.10912534848290202,4.272316596122838,,,,138.01833458333334,,137.54638306113782,,0.0,21.41628090844187,25.047093977263145,0.7450031050872631,1.133252368276374,-0.3882492631891109,,,-95.23586831107988,3.8965045499999746,-124.37889586423236,-128.98422417107253,4.605328306840164,137.695,,,139.5950015,164.23234265368853,160.46892944121535,,,,,138.449997,0.0,0.0,,30.46792736427902,,,,,,11.428607741048811,15.99342160530668,-88.57139225895119,,136.7049941471029,-5.452005584642238,,,,-0.2577443243553468,-0.2580770568948232,-2.7291028896472724
22,2018-07-05,136.259995,137.850006,135.25,137.580002,132.08313,515100,-177776.61139477452,-1524100,-0.08168066092948457,84014.62773324215,28.980580696594558,103.47630169132616,-373.26089206123237,7671.47197144467,986.6662217662362,138.4271887852104,2.242634597128399,139.8480003,146.50509230453775,133.19090829546224,9.520467922683281,0.3296554788146218,0.0,0.0,136.9616663,139.1986675,134.72466509999998,3.2666092059658434,0.6382063854056079,0.0,0.0,134.279999,144.910004,139.5950015,7.601113335333107,0.3104422810713644,4.434067916888011,,,,137.48416766666665,,137.55155520557815,,0.0,21.166563376484106,22.929987629125247,0.7364664533730704,1.1389048582136159,-0.4024384048405455,,,-68.18866895579639,1.7520057000000122,-119.79709329528421,-127.96343185154049,8.166338556256278,137.144997,,,139.5950015,164.23234265368853,160.46892944121535,,,,134.279999,,1.0,0.0,,43.901736325619815,,,,,,32.51236404671773,19.605922919757404,-67.48763595328228,,136.77700613708308,-4.451699963480096,,,,1.5800354167153863,1.5676828043297952,-1.1921882651469207
23,2018-07-06,137.669998,137.949997,136.630005,137.389999,131.900742,228300,-143186.184483101,-1752400,-0.0834999459629216,65815.72592849265,36.11789905418169,427.8543320262763,-323.36896630163017,7823.471805905449,985.3035997324447,137.85145460767063,2.150370337415558,139.55200035000001,146.0924650535574,133.01153564644264,9.37351623359568,0.33472112089955114,0.0,0.0,136.7669997333333,138.81999973333333,134.7139997333333,3.0021862057410442,0.6517289982139951,0.0,0.0,134.279999,144.910004,139.5950015,7.617235849962492,0.2925680655841639,4.597285904179865,,,,137.13333375,,137.52670040471997,,0.0,20.566202680385015,21.9171250035682,0.8024957515218668,1.1235543747075873,-0.32105862318572054,,,-53.13766849630127,1.658006649999976,-114.78622775907108,-126.07408386699318,11.287856107922096,136.41500100000002,,,139.5950015,164.23234265368853,160.46892944121535,,,,134.35139914,,0.0,0.0,,43.1054350819354,,,,,,30.640412201228763,24.8604613296651,-69.35958779877123,,136.79531843866417,-2.9731686593290245,,,,-0.13810364677856457,-0.13819909775580896,-1.3286454564548467
24,2018-07-09,138.0,139.0,137.529999,138.380005,132.851227,420400,-77406.21263273618,-1332000,-0.10514936065974445,115870.41113870934,38.05194537892704,340.92501665045046,-334.27027622579055,2714.03119862269,985.3035997324447,137.57535912206365,2.096333403674003,139.26450035,145.4717656772983,133.0572350227017,8.91435406969929,0.42875321873948674,0.0,0.0,136.6940001333333,138.7360000333333,134.65200023333335,2.987694994671577,0.9128317701354186,0.0,0.0,134.279999,144.910004,139.5950015,7.63296100103373,0.38570122967957343,4.637211466833724,,,,136.89750025,,137.65797803476306,,0.0,23.014850650319598,20.715205188495535,0.817034654937378,1.1186117457235203,-0.30157709078614225,,,-26.45511671539607,-0.5145003499999916,-109.14411803623713,-123.74472651559611,14.600608479358982,136.6399995,,,139.5950015,164.23234265368853,160.46892944121535,20.0,88.0,-68.0,134.49534305440002,,0.0,0.0,,48.36117757726469,,,,,,44.46860689060673,35.87379437951774,-55.53139310939327,,136.80661887956617,-2.004108674819327,,,,0.7205808335438046,0.7179970545747594,-0.617638587416014
25,2018-07-10,138.559998,139.460007,137.940002,138.759995,133.215988,376900,-47655.75858817109,-955100,-0.07041053672017819,119777.24254746473,45.23857808552098,175.43374237861056,-252.6029879090704,4064.285155806386,988.0092327815426,137.41462498668895,2.0387005633066027,139.03300015,144.94592927019795,133.12007102980203,8.505792313794013,0.47691455922687864,0.0,0.0,136.8373336,138.7953339,134.8793333,2.8617925364193075,0.9909757674705159,0.0,0.0,134.279999,144.429993,139.354996,7.300420755539593,0.4413791771699573,4.636664500113849,-0.843712239828875,,,136.89833316666667,139.7876926923077,137.82751910633797,138.67123134616685,0.0,23.397666512562836,19.6211960691037,0.8686500033957212,1.0955881507550012,-0.22693814735927997,,,-11.163295239516627,-0.37299615000000585,-105.77521924408062,-121.10323586148525,15.328016617404629,136.870003,139.5950015,138.23250224999998,139.5950015,164.23234265368853,160.46892944121535,16.0,84.0,-68.0,134.76562247113603,,0.0,0.0,,50.260436992279544,,,,,,52.95499790425685,42.68800566536411,-47.04500209574315,,136.88459322768327,0.007203603603606146,7.08128819304969,,,0.27459892055936574,0.27422258650551257,-0.3447356957506531
26,2018-07-11,137.460007,137.679993,136.179993,136.740005,131.276733,270500,-116178.0972548376,-1225600,-0.08491938497538483,24608.022897826653,44.945961990980756,-981.5220887245816,-298.2194368991253,-2902.823600445032,973.6263498034451,137.1860879127859,2.092830706975943,138.7085006,144.37155114429902,133.045450055701,8.16539796739611,0.3261983020810494,0.0,0.0,136.86633296666668,138.79233256666666,134.94033336666666,2.814424202435624,0.4672045708974537,0.0,0.0,134.279999,144.429993,139.354996,7.317499616890813,0.24236526642281706,4.621347476314328,-0.8679682989226762,,,136.73833325,139.69153884615383,137.66020924382443,138.5281775427471,0.0,21.337791456930336,23.899486200280595,0.7950073334413934,1.0919847387677923,-0.29697740532639894,,,-55.85707278758345,-1.588505600000019,-102.0835075257434,-118.09384530274178,16.010337776998384,136.870003,139.5950015,138.23250224999998,139.5950015,,139.779999,12.0,80.0,-68.0,135.14117323344513,,0.0,0.0,,41.51843887739915,0.6247922874819095,,,,,36.017646846955394,44.48041721393965,-63.982353153044606,,136.88273717197214,-1.3846811947300899,4.640709482204007,,,-1.4557437826370645,-1.4664437016716825,-1.7954610099302992
27,2018-07-12,137.229996,138.360001,136.039993,138.149994,132.630386,294400,124923.75825600073,-931200,-0.027382266830990657,80392.69985527982,50.763775880099786,212.775625010881,-95.92697047385025,-902.093306016518,973.6263498034451,137.09331478965134,2.1155484362783485,138.50700065,143.94389926738128,133.07010203261873,7.850720312859903,0.46716817112804915,0.0,0.0,136.9676661,138.8516659,135.0836663,2.7510139489775507,0.8137813231190341,0.0,0.0,134.279999,144.429993,139.354996,7.328145113508377,0.3812805209540017,4.513913477862648,-0.76460320221355,,,136.82416650000002,139.57192342307692,137.73556074477452,138.50016394698807,10.898080797361914,21.96411850756964,22.021990201735832,0.8796618468255127,1.0200003362711412,-0.14033848944562843,,,-32.6405680156266,-2.436993650000005,-96.9143971339585,-114.45002235259282,17.535625218634323,137.0650025,139.5950015,138.33000199999998,139.5950015,,139.989998,8.0,76.0,-68.0,135.4866799347695,,0.0,0.0,,48.28064957370793,0.9150272627798991,,,,,67.53922690347409,52.17062388489544,-32.46077309652592,,136.95098818875485,0.7511661592461434,3.211735814699484,,,1.031145932750266,1.0258658886979077,-0.7828289003580569
28,2018-07-13,137.550003,139.059998,137.550003,138.649994,133.526031,361300,290018.54539105075,-569900,-0.021207526294794644,94715.17130452556,57.90693234945165,461.818367003182,-52.321940357104246,4343.330309663659,973.6263498034451,137.06061716427425,2.054993092650514,138.25600045000002,143.15300394872142,133.3589969512786,7.083965227957529,0.5402280241481191,0.0,0.0,137.26866606666664,139.08866596666667,135.44866616666667,2.6517339348458275,0.8794857168215572,0.0,0.0,134.279999,144.429993,139.354996,7.341449171799755,0.43054163381771376,4.398527838951792,-0.6350196853934449,,,137.0391654166667,139.4242306923077,137.87624278403996,138.5112624694334,10.502541714540499,23.23719931832782,20.872674684773003,0.9143743711560693,0.9588857246570566,-0.04451135350098723,,,3.6130959692339126,-2.6660044500000026,-90.76809970569903,-110.11546437318059,19.347364667481557,137.0650025,139.5950015,138.33000199999998,139.5950015,,140.6849975,4.0,72.0,-68.0,135.80454609998796,,0.0,0.0,,50.46788521866245,1.0,0.8466065167539362,,,56.59751897091301,84.36270754794201,62.63986043279049,-15.637292452057988,,137.06604497314837,1.8960732470602346,3.6542330716476834,,,0.3619254590774723,0.36127208489826756,-0.42373669837200145
29,2018-07-16,138.529999,138.869995,137.149994,137.419998,132.341476,241000,124682.41302833718,-810900,-0.10602614349955766,38837.42740387907,58.39220941118423,-210.54382365395213,43.0306636421147,-830.3297702138848,964.989086423882,137.0848586557432,2.021493883385462,137.96450035,142.29953526929313,133.6294654307069,6.284275894589751,0.4371974666712946,0.0,0.0,137.34766589999998,139.1086661,135.5866657,2.5642957795615486,0.5205372208362035,0.0,0.0,134.279999,144.429993,139.354996,7.356960648754303,0.309359690261885,4.209987482642788,-0.6243767854871578,,,137.19166558333333,139.19769223076923,137.80605127880304,138.4304280642902,9.889525226333571,21.839047682448438,21.01609570155852,0.9801262524583331,0.9173646676938171,0.06276158476451599,,,-10.712560768370075,-2.4444963500000085,-85.60039846234181,-105.47199522518314,19.87159676284132,137.3550035,139.5950015,138.47500250000002,139.5950015,,141.394997,24.0,68.0,-44.0,136.039993,,0.0,0.0,,45.383284916039244,0.7836942071671432,0.8995738233156807,,,49.10527923094911,60.617647694752534,70.83986071538953,-39.382352305247466,,137.07128649899795,1.3496585692059309,1.049469255892661,,,-0.8871230099007477,-0.8910813738346235,-1.307100642520087
30,2018-07-17,137.339996,139.110001,136.570007,138.630005,133.50676,258100,285233.3892117458,-552800,-0.10979608909454629,77903.91016046847,65.84085957032622,-167.2897520561636,47.98900642820433,134.64896780443723,964.989086423882,137.1858581362377,2.0733438950469165,137.69650035,141.0628737371766,134.3301269628234,4.889555476892836,0.6386513827545051,0.0,0.0,137.60033316666664,139.45533216666666,135.74533416666668,2.6962129484863215,0.7775397273349859,0.0,0.0,134.279999,143.5,138.8899995,6.6958862255499545,0.4718010334272208,3.935845443662693,-0.5123981512530236,,,137.45083233333332,138.98615376923078,137.9328133897564,138.44521154100943,9.399130783681557,19.931805645186156,21.174872848026627,0.970069302421025,0.8836739123284518,0.08639539009257313,,,15.311708264373722,-1.2165043500000081,-79.54408085621183,-100.49034911318086,20.94626825696902,137.3550035,139.5950015,138.47500250000002,139.5950015,,141.4199985,20.0,64.0,-44.0,136.31359412,,0.0,0.0,,50.650634608724225,1.0,0.9278980690557144,0.8913594697084437,,53.40646589253994,83.9768201130195,76.31905845190467,-16.023179886980508,,137.1527669413367,2.2948648968457905,-0.6403441396408409,,,0.8805174047521236,0.8766634568505793,-0.4380924864229807
31,2018-07-18,139.070007,139.449997,138.0,139.080002,133.940094,290500,427479.91351490363,-262300,-0.07273658757136267,85449.65563754426,73.02915819972154,441.7347228972403,72.37460675617537,3215.5868115890685,964.989086423882,137.34227623382247,2.0110092055422246,137.57050015,140.50381051057977,134.6371897894202,4.264446748949007,0.7573034668076618,0.0,0.0,137.880333,139.6753329,136.08533309999999,2.6037069405685402,0.8341696564997049,0.0,0.0,134.279999,142.740005,138.510002,6.149578573004842,0.5673758387405409,3.6032145213449365,-0.38292911131173923,,,137.6674995,138.82038465384616,138.10930394517848,138.49223305649022,8.730436980242544,20.11097235888381,20.09592792768141,1.03130678811727,0.8872292091056363,0.14407757901163365,,,71.02315279638916,-1.780507149999977,-72.36206278505219,-95.21979016759951,22.857727382547324,137.75,139.354996,138.552498,139.5950015,,141.7949985,16.0,60.0,-44.0,136.5653071504,,0.0,0.0,,52.48588627680938,1.0,0.9278980690557144,0.9184566538090365,,55.93711149198383,92.66400746871464,79.08615842549555,-7.335992531285354,,137.29626006340303,1.9050454837352189,-1.152937115898236,,,0.32460288809770255,0.3240771902359718,-0.11491165918874335
32,2018-07-19,138.929993,141.139999,138.520004,140.669998,135.471375,230500,575281.1064561119,-31800,-0.03275164116027085,125598.8588321803,79.23350220405393,1256.009689798255,242.9033274556294,3578.1027727950923,976.0210735204712,137.61184772014292,2.0719077849880008,137.5434997,140.34948774995237,134.73751165004765,4.080146362529063,1.0571118344664832,1.0,0.0,138.20199943333336,139.99899823333334,136.40500063333334,2.6005395108148828,1.186700115399814,1.0,0.0,134.279999,141.139999,137.70999899999998,4.987513052207137,0.9314867346938779,3.242156320850739,-0.15029210154222028,,,138.07416658333332,138.72192319230768,138.50325687668948,138.6535489782317,9.08941028680922,24.11552607847838,18.283138897785577,1.0948228261221356,0.763470926759033,0.3313518993631025,,,162.37163899270024,-2.1034977000000197,-65.1704821831205,-89.70692954804944,24.536447364928947,138.58999599999999,139.354996,138.97249599999998,139.5950015,,141.7949985,12.0,56.00000000000001,-44.00000000000001,136.570007,,0.0,0.0,,58.376062790113856,1.0,1.0,0.9519320460371429,,59.29057757623529,92.73568891256745,89.7921721647672,-7.264311087432546,,137.5090473932519,3.593788387631762,-3.1307878475480404,,,1.1432240272760241,1.1367386032058668,1.026998670389312
33,2018-07-20,140.220001,141.850006,139.529999,140.039993,134.864639,250200,435081.2045592653,-282000,-0.03441322488182996,85137.98599901231,78.35093849832371,797.4453796990523,227.59004884857694,1514.5850457624986,976.0210735204712,137.83583288942916,2.096717706489201,137.60799935,140.5765503907746,134.6394483092254,4.314503596879158,0.90962638280348,0.0,0.0,138.51699933333333,140.41399963333333,136.61999903333336,2.7390144301855166,0.9014215671622915,0.0,0.0,134.279999,141.850006,138.0650025,5.501138767918585,0.7608967864891014,2.9296477319263765,-0.01657071666247134,-0.4396548552277026,0.42308413856523125,138.45749916666668,138.6396155,138.73967781873725,138.75624853539972,9.782883482129408,24.629443677279834,16.83495204755781,1.0886673212492142,0.8273148051649204,0.2613525160842938,,,170.94322614817958,-0.027997349999992593,-57.68214773803264,-83.98893284824895,26.30678511021631,138.9449995,139.354996,139.14999775,139.5950015,,141.7949985,8.0,52.0,-44.0,137.02700620000002,,0.0,0.0,,55.443232919268716,0.8949112928508226,0.9649704309502742,0.9642895000019962,,59.651750123811276,74.79093338057571,86.73020992061926,-25.2090666194243,-0.5068818441176575,137.6291089264976,3.3963311666224114,-4.170766609503324,0.3283057056363047,-4.499072315139628,-0.4478602466461812,-0.44886614511865375,0.5745389049648608
34,2018-07-23,139.380005,139.380005,137.210007,137.449997,132.370377,233800,252995.2264155074,-515800,-0.026877713121715687,-13530.44982941846,82.12287164595413,-2222.898894357169,116.04250473141776,-5444.604428142814,957.9698681313525,138.0860915039697,2.1700445358402827,137.547499,140.47688533575024,134.61811266424974,4.2594541624493685,0.4833579479070281,0.0,0.0,138.4879995,140.45499949999999,136.5209995,2.8406793470938956,0.2361457803762097,0.0,0.0,134.279999,141.850006,138.0650025,5.503558447107791,0.4187576048476561,2.576932548047297,-0.11822377732181621,-0.37536863964652534,0.2571448623247091,138.44666541666666,138.40038469230768,138.54126538508535,138.65948916240717,9.189208977655179,22.308213013523552,22.974521471790894,1.0510529897971272,0.8278718537789792,0.22318113601814804,,,26.863614531765112,-0.15749999999999886,-52.61680916042173,-78.08244283895353,25.465633678531795,138.9449995,139.354996,139.14999775,139.5950015,,141.7949985,4.0,48.0,-44.0,,141.850006,0.0,1.0,,45.35496348561881,0.533429979974897,0.8094470909419066,0.9248058406307269,,49.555000875540465,33.33325757582635,66.95329328965649,-66.66674242417365,-0.4062032794117272,137.62689634008294,-0.09449411114270172,-5.428082986383046,-0.8229720327675654,-4.605110953615481,-1.8494688156689754,-1.866785331560905,-1.2855558285853275
35,2018-07-24,138.399994,140.210007,138.279999,139.600006,134.440903,337700,377227.36752580793,-178100,0.0018940523835148091,92125.04861764185,82.79496973493848,542.9380544791176,84.15404806018039,958.2849802430082,957.9698681313525,138.27215173818863,2.229041082256254,137.67149955,140.72531762275509,134.6176814772449,4.436383830694016,0.8157533297751682,0.0,0.0,138.5523331,140.5603334,136.54433279999998,2.8985441891487085,0.7608746871203207,0.0,0.0,134.279999,141.850006,138.0650025,5.4986013987962,0.7027743831676776,2.0404461431775167,-0.02500851969224982,-0.30529661565567023,0.2802880959634204,138.6308326666667,138.2600003076923,138.70414855661068,138.72915707630293,8.87480480458987,23.007539557130936,20.905195181547455,1.0360271392601714,0.8131311721592979,0.22289596710087356,,,99.18281570028587,0.7085054500000183,-45.87906401404373,-71.83750467098689,25.95844065694316,138.9449995,139.354996,139.14999775,139.5950015,,141.7949985,4.0,44.0,-40.0,,141.850006,0.0,0.0,,53.00018605304,0.6811011584486023,0.7031474770914407,0.8258549996612071,,52.988810005598104,65.90912190079831,58.01110428573346,-34.09087809920169,-0.09152711176469097,137.6471128060047,1.6085646816257848,-3.472044640480617,-1.3527865543101758,-2.119258086170441,1.5642117474909956,1.55210405230779,0.2585471036143705
36,2018-07-25,143.699997,150.070007,142.639999,149.039993,143.532043,979200,1084936.486546947,801100,0.15208545918841163,1399483.6517294075,84.68840482919961,5394.950661764716,462.1165023511368,71497.49259211592,957.9698681313525,140.26287765972452,3.053137074030628,138.31999885,144.06274840400994,132.57724929599004,8.303570852740718,1.4333503097409714,1.0,0.0,139.59066669999999,142.1916678,136.98966560000002,3.7266117592086707,2.3164787204434534,1.0,0.0,134.279999,150.070007,142.175003,11.415564004684056,0.934767987451305,1.6576716442059705,0.8013557706977679,-0.0839661383849826,0.8853219090827504,139.51916500000002,138.4542306153846,140.29427847097827,139.4929227002805,11.58249872921258,42.15024940249269,15.281997263502367,1.065478317616978,0.6510512618128178,0.41442705580416017,,,384.17139036589293,0.43999615000001313,-32.274089172338286,-64.65524823080686,32.381159058468576,143.320007,142.175003,142.747505,142.175003,,141.7949985,100.0,40.0,60.0,137.210007,,1.0,0.0,,71.71307793110189,1.0,0.7381770461411664,0.7502572047248379,,66.28253719660124,92.65849627805079,63.96695858489181,-7.341503721949206,1.2994736705882417,139.59864686950135,7.7034164003679555,12.935329255321026,1.5048366076160646,11.43049264770496,6.762168047471295,6.54334460178605,7.038198540713947
37,2018-07-26,150.0,152.110001,148.119995,150.369995,144.812881,593500,1160796.382246348,1394600,0.20649481272016268,1312322.5853394903,85.90519756012746,2527.7847700033863,612.1115336352161,71511.42048215047,966.5185926374951,141.54134753556508,3.1468239666275672,139.05899879999998,146.697361652502,131.42063594749797,10.98578721034487,1.2404071015227425,1.0,0.0,140.85900013333335,143.62700103333333,138.09099923333332,3.930172580211259,2.2180259707767167,1.0,0.0,134.279999,152.110001,143.195,12.821897290979209,0.9024113401669825,1.1167668512225353,1.545756946693416,0.24197847863069716,1.303778468062719,140.486665,138.79153788461537,141.84438870621238,140.29863175951897,14.43692430853073,43.042756827100426,13.762695150122942,1.1630221097371536,0.6259939858858873,0.5370281238512663,,,329.58572588592904,-2.318993799999987,-19.215871737882214,-56.70500067882721,37.489128940944994,144.34000400000002,143.195,143.767502,143.195,,141.7949985,100.0,36.0,64.0,137.467207,,0.0,0.0,,73.32454763018157,1.0,0.8937003861495341,0.7783416364607137,30.625097157278734,64.2355460746641,89.17233893100723,82.57998570328544,-10.82766106899276,3.149855500000001,141.4351899446142,8.3669648445865,15.670169063474598,4.337903098787772,11.332265964686826,0.8923792689657262,0.8884210956839667,7.9933852343656575
38,2018-07-27,150.789993,150.850006,149.050003,149.949997,144.408417,339900,1160793.5497510652,1054700,0.199080909333998,1104454.027405278,78.6865037710605,-87.37534421314805,581.5186507163877,4346.8972501533735,963.819012339773,142.37562578816937,3.012141869964811,139.78049845,148.58278290383797,130.97821399616205,12.594438496707127,1.0776624581568652,1.0,0.0,142.0120005,144.8090022,139.2149988,3.939106118007273,1.9190188908358492,1.0,0.0,134.669998,152.110001,143.3899995,12.476706832060962,0.8761465809380874,0.939879876499209,2.0778576635367756,0.6091543156119129,1.4687033479248628,141.58749766666668,139.12769134615385,143.0914053667951,141.01354770325833,17.087462346469014,41.05957367772563,13.128582766909574,1.1664611262772375,0.6883501389190853,0.4781109873581523,,,230.78335009415852,-1.6305044500000179,-6.936848570291934,-47.96460624637723,41.027757676085294,144.34000400000002,143.195,143.767502,143.195,,141.7949985,96.0,32.0,64.0,138.05291876,,0.0,0.0,,71.9309674441774,0.9561851405075681,0.9853950468358561,0.8724241597088521,33.834696167405205,63.015973718391926,86.55878702736167,89.46320741213991,-13.441212972638313,4.810679429411778,142.71647925369135,9.660663680683646,12.712875695799482,6.012897618190115,6.699978077609368,-0.27930971202067,-0.27970050945649305,7.691749221066169
39,2018-07-30,150.0,151.0,147.830002,147.970001,142.501587,361800,830950.4394399521,692900,0.19891797563540609,844337.3730902384,71.2671419378325,-468.75622581343345,535.5050815598131,-5726.716606336834,963.819012339773,143.1193953837326,3.0279274829683294,140.35499869999998,149.70352460391004,131.00647279608992,13.321258224499644,0.9072835855765778,0.0,0.0,143.12400103333334,146.06600243333335,140.18199963333333,4.111122353706172,1.3235889973856976,1.0,0.0,134.669998,152.110001,143.3899995,12.425637249498275,0.7626147197337059,0.9221238320705714,2.313118001080312,0.9499470527055928,1.3631709483747194,142.40583158333334,139.48230676923077,143.84195854113432,141.528840540054,18.91613053428775,37.75994870031342,15.166341531222752,1.1211982090400514,0.7079374257649175,0.41326078327513394,,,162.74883677943134,-1.7050046999999893,4.235961153647075,-38.65571268972624,42.89167384337332,144.66000400000001,143.195,143.927502,143.195,,141.4300005,92.0,28.000000000000004,64.0,138.61520204960001,,0.0,0.0,,65.60108869080773,0.7571705800478284,0.9044519068517989,0.927849113279063,34.11501419526708,56.7461617907593,74.23772284369731,83.32294960068874,-25.762277156302687,6.877325532352955,143.38250563445357,7.1082210832379795,10.666709794617306,6.943660053475553,3.723049741141753,-1.3204375055772766,-1.3292327915779723,6.269746973938983
40,2018-07-31,149.350006,153.860001,148.639999,153.580002,147.904266,551900,1323643.01074548,1244800,0.2391182130469245,1166026.2557773483,77.83703975365586,1735.585876064146,729.584221901865,16146.895335380095,963.819012339773,144.36048019504238,3.314134734671498,141.24449915,151.97028021352503,130.51871808647496,15.18753810317863,1.0750398398466816,1.0,0.0,144.516334,147.72633620000002,141.3063318,4.4424074582462145,1.9117853252561599,1.0,0.0,135.25,153.860001,144.5550005,13.175735063661778,0.9849543801744017,0.8360273023023289,2.91859990655081,1.3436776234746364,1.5749222830761735,143.64999891666668,140.05615284615385,145.3401190732675,142.42151916671668,21.14046229513765,39.255612196702366,13.065400497319708,1.1665567929817844,0.6360430791794875,0.5305137138022968,,26.10915117150558,169.78188124995305,-3.8245011500000032,18.066538151188784,-28.60809036347724,46.674628514666026,145.53500400000001,144.07,144.802502,144.07,,141.4300005,100.0,24.0,76.0,139.154994007616,,0.0,0.0,,72.88245881416766,0.9841939439024571,0.8991832214859512,0.9296767250578687,37.00935197784679,64.94123691403941,98.42873807912991,86.4084159833963,-1.5712619208700895,9.039942697058848,145.08202728828834,10.768127404318543,12.601501189696314,8.075228280719706,4.526272908976608,3.7913096993221096,3.7212059652357077,10.298762198406997
41,2018-08-01,153.389999,153.990005,152.600006,152.649994,147.008636,397100,955104.5202141833,847700,0.2045906833258865,946693.0511234406,78.40746314281472,715.8286577674339,765.5165813844759,18519.588067837587,957.9825793383716,145.3698493753125,3.121721161204347,142.10499875,153.56620140496057,130.64379609503942,16.130611527781426,0.9600300495269567,0.0,0.0,145.94000086666668,149.1440032666667,142.73599846666667,4.390848815914753,1.5471267333216256,1.0,0.0,135.25,153.990005,144.6200025,13.187435463103297,0.9284946295371851,0.8434038810410536,3.285531246659616,1.7320483481116324,1.5534828985479836,144.91916525000002,140.6534605,146.46471521584172,143.1791839691821,23.228223593997054,38.23865664373906,12.621063120381356,1.2622587066592363,0.6408006326226969,0.6214580740365394,,26.158841644888586,148.99370594232394,-3.4749937499999817,31.6340998522752,-17.852025692877717,49.486125545152916,145.600006,144.135002,144.867504,144.135002,,140.550003,96.0,20.0,76.0,140.03729442715905,,0.0,0.0,,70.22852324547212,0.8893074573898764,0.8768906604467207,0.8935085962614903,38.18494046310131,65.56723239231344,92.30762827871733,88.32469640051484,-7.692371721282658,10.117942961764726,146.12311164583113,11.08280906829878,10.988504579303319,8.65788354043643,2.330621038866889,-0.6055527984691778,-0.6073937049642097,9.630844957237672
42,2018-08-02,151.720001,154.240005,151.399994,152.789993,147.143433,413400,946368.8589086505,1261100,0.15129003422472884,819719.127620093,70.88511730783887,-326.3237215931358,709.2207179133104,-2025.5110282642192,957.9825793383716,146.3895876930055,3.093550145083913,142.8654983,155.0221602325734,130.7088363674266,17.01833133573776,0.9081916053537534,0.0,0.0,147.21000056666668,150.43600456666667,143.9839965666667,4.382859843192563,1.3648458640059575,1.0,0.0,136.039993,154.240005,145.139999,12.739263304693898,0.9203290635192994,0.8542724583915429,3.546739125700327,2.0949865036293716,1.4517526220709556,146.09916425,141.2965368846154,147.437834874943,143.89109574924268,24.538208887347025,35.57644324338138,14.684122414247447,1.195457445650588,0.6610613389715948,0.5343961066789932,,26.141974233252377,121.79066868113081,-3.7854963000000055,43.58039712842364,-6.600631818827022,50.18102894725067,145.725006,144.260002,144.992504,144.260002,,140.415001,92.0,16.0,76.0,141.15351127298632,,0.0,0.0,,70.40323996347354,0.8955541258100568,0.9230185090341302,0.8996974636556008,39.116675656021876,63.73897874784596,91.79393229133366,94.17676621639362,-8.206067708666335,10.379384305882382,146.9580691784216,10.214230317599712,9.911653049870004,8.908637442323146,1.0030156075468586,0.09171241762382376,0.09167038748207901,9.73139005560939
43,2018-08-03,153.279999,153.759995,150.699997,151.759995,146.151535,339500,842077.7191758804,921600,0.13064388242004107,652661.4921029366,69.2939778093249,-531.784839467743,686.2749310694682,-1909.5207059817724,951.5245638533302,147.1061802803249,3.0901949305755223,143.5839981,156.0557925693168,131.1122036306832,17.37212312562954,0.827779491560523,0.0,0.0,148.37000020000002,151.67000330000002,145.06999709999997,4.448342785673227,1.0136350932518796,1.0,0.0,136.039993,154.240005,145.139999,12.6755155454889,0.8637358041302393,0.8737738216805554,3.6288054112655175,2.401750285156601,1.2270551261089166,147.15583033333334,141.9184599230769,148.10278258649024,144.47397717522472,25.39600826167052,32.91725175923036,15.296411376652891,1.1835350961664444,0.6768513604019354,0.506683735764509,0.24585035404351385,26.13982440434554,97.88493691676253,-2.9140001000000098,55.047899966236066,5.362113639690511,49.68578632654555,146.260002,144.260002,145.260002,144.260002,,140.25,88.0,12.0,76.0,142.46216064568767,,0.0,0.0,,67.27511106665634,0.7837137466092347,0.856191776603056,0.885366982027969,38.861502162522434,54.8533858793384,85.96485409902144,90.02213822302413,-14.035145900978563,10.551117855882381,147.51308391421466,9.117049768233391,7.535558848530326,8.634021723564583,-1.098462875034257,-0.6741266098493792,-0.6764091070105671,8.99166155588691
44,2018-08-06,152.059998,153.509995,151.970001,152.970001,147.316818,224600,909167.1673165861,1146200,0.13430441612204558,598248.0428882312,69.24442524569164,349.6883437168316,723.2019379103965,-497.8891725824815,959.11121691964,147.75669775928398,2.95617543751797,144.31349790000002,157.1828443753605,131.44415142463953,17.83526373157155,0.83632255983525,0.0,0.0,149.85033313333332,153.08733583333336,146.61333043333335,4.32031431938132,0.981876006261385,0.0,0.0,136.039993,154.240005,145.139999,12.611441247589623,0.9302196064486111,0.879842190369358,3.748273145981642,2.671054857321609,1.077218288660033,148.18083058333335,142.58961365384616,148.85158541933788,145.10331227335624,26.19253625211376,31.468593311743454,14.623230160945559,1.2220542200561841,0.6773846903057499,0.5446695297504343,0.2744753018103727,26.05143188828445,93.56107977953894,-4.273504900000006,68.98122311021628,18.12436776460829,50.85685534560798,148.440002,144.45500149999998,146.44750175,144.260002,,139.5950015,84.0,8.0,76.0,143.6399450811189,,0.0,0.0,,69.01673734459865,0.8459823262542018,0.8417500662244978,0.8736534506205613,39.159115628410426,55.16211333423989,92.54254756812068,90.10044465282526,-7.457452431879321,10.930970211764702,148.61836252984577,8.743870885673863,3.208260364127771,7.548869451677221,-4.340609087549449,0.7973155244239472,0.7941537592404124,9.860668993799582
45,2018-08-07,152.059998,154.619995,152.059998,153.270004,147.605743,244300,895808.426857125,1390500,0.13079689810975656,523254.14146134123,69.13595409512027,628.7328530513647,736.5589472071196,2269.8890075363815,959.11121691964,148.47478860629266,2.916557593766171,145.03899835,158.20676947889189,131.87122722110814,18.157559385671075,0.8125436176491573,0.0,0.0,151.24566596666665,154.54566756666668,147.94566436666668,4.363763521960749,0.8067177351267528,0.0,0.0,136.039993,154.619995,145.329994,12.810349086363487,0.9273417193388898,0.8814944490450615,3.8230897227993523,2.901461830417158,0.9216278923821943,149.2833315,143.2353831923077,149.53134212405513,145.70825240125578,27.209673726743326,32.23954747968125,13.67511822334862,1.1886195347773474,0.668703954568104,0.5199155802092433,0.2994499123012779,26.01912003312656,88.4208659958649,-7.589001350000018,77.30295465762758,30.299594856826715,47.003359800800865,151.2249985,144.6449965,147.9349975,144.449997,,139.5950015,80.0,4.0,76.0,144.699951073007,,0.0,0.0,,69.45084628332924,0.8615030768126251,0.8303997165586873,0.8427805197954137,39.516102315116356,54.844992168193535,92.24588207642654,90.25109458118955,-7.754117923573461,11.018234350000029,149.48708689393942,9.447309098337351,0.023563738475438953,6.043808309036865,-6.020244570561426,0.1961188455506413,0.1959267836148193,10.076126469544434
46,2018-08-08,153.0,153.259995,151.699997,152.520004,146.883453,154500,903733.098555422,1236000,0.14370613704140503,431949.9783954354,65.88436825407659,-868.3489061482225,584.8190474966569,-276.9004309593414,954.4179736631856,148.94495289065554,2.7819025343895545,145.82799830000002,158.80176197138218,132.85423462861786,17.793241109560178,0.7579053337760949,0.0,0.0,151.7699992,154.4829998,149.0569986,3.575147412928234,0.6382242230245015,0.0,0.0,136.039993,154.619995,145.329994,12.74103890651839,0.8869757387539575,0.9005879225988423,3.778309665060533,3.076831397345833,0.7014782677147,150.53916541666666,143.87884515384616,149.99113625881589,146.21282659375535,27.94413704851281,30.91568758755908,14.055149346709323,1.1737064871713534,0.726724100977278,0.4469823861940754,0.31919366096962914,25.932273954313278,72.71116173502976,-6.227992300000011,80.79921938791705,41.4123827596933,39.38683662822375,151.2249985,144.9349975,148.079998,144.449997,,139.5950015,76.0,20.0,56.0,145.89035634424616,,0.0,0.0,,66.92626970833018,0.7712415783952511,0.8262423271540259,0.8327973699790703,39.09313150963539,58.911923151230994,87.93801006640562,90.90881323698427,-12.061989933594376,10.53846783235295,149.6305252527941,10.963992236391249,-4.728664283632668,3.8893137905029587,-8.617978074135626,-0.4893325376307822,-0.4905336893120449,9.537488166565344
47,2018-08-09,152.759995,153.270004,151.240005,151.649994,146.045563,109600,838403.8537626901,1126400,0.10321742021681174,356620.967767516,62.97310969380518,-416.7267518325766,498.0924666729691,-1381.2029661500742,948.9737489091218,149.41084404089025,2.7067121809505994,146.5029983,159.21066608684725,133.79533051315275,17.347996879661476,0.7025153547579854,0.0,0.0,151.95533293333335,154.47233283333335,149.43833303333332,3.3128154851982554,0.4393446671703595,0.0,0.0,136.570007,154.619995,145.595001,12.320558766338904,0.835456898918714,0.9536952342337505,3.6307654071163142,3.1876181992999295,0.4431472078163847,151.54333108333333,144.5023063846154,150.24634514207497,146.61557973495866,28.351115162389686,29.243586094888265,14.5205346960838,1.142919016617106,0.7401863781653518,0.4027326384517541,0.33269509282440096,25.798083528324074,62.61276102809744,2.536994700000008,82.86221092066627,51.39005603646644,31.47215488419983,151.2249985,144.9349975,148.079998,144.449997,,139.5950015,72.0,16.0,56.0,146.9379129829366,,0.0,0.0,,64.0191137662269,0.6673016725647801,0.7666821092575522,0.8077747176567551,37.92234187368855,48.0412451979227,82.94082109648785,87.70823774644002,-17.059178903512148,10.051203964705877,149.66094378442926,8.631796190610467,-9.941090099200817,1.1232330125622036,-11.06432311176302,-0.5704235360497467,-0.5720566645630143,8.91266055326556
48,2018-08-10,151.070007,151.929993,150.479996,151.039993,145.458115,159700,802057.9309090591,966700,0.0763007965545104,291758.3781292998,63.628652024967224,-953.3571383656835,588.774020672361,-1267.5657553805245,948.9737489091218,149.97597734038834,2.581040662855539,147.12249824999998,159.44047814538368,134.80451835461628,16.745202184443876,0.659015308649276,0.0,0.0,152.07533213333335,154.55733143333333,149.59333283333333,3.264170809535217,0.29143041391403207,0.0,0.0,136.570007,154.619995,145.595001,12.26867964770982,0.8016618071989864,0.8547776987309382,3.4251307616373197,3.235120711767408,0.19001004986991177,151.70999774999999,145.01999834615384,150.36844481252498,146.94331405088766,28.275949186031255,28.075519797318016,16.03412094311255,1.1902520915145463,0.7216632067238244,0.4685888847907218,0.33990769122662495,25.696026253734633,48.37889831612596,3.2474967500000105,85.01138354919308,60.365102969304886,24.6462805798882,151.629997,145.329994,148.4799955,144.449997,,139.5950015,68.0,12.0,56.0,147.85976282498422,,0.0,0.0,,61.98602435958765,0.4421215531145568,0.6268882680248627,0.7399375681454803,36.38346665994401,50.51023579233701,78.09055767210725,82.98979627833357,-21.90944232789275,9.493703649999958,149.67867379669778,1.3419216948030854,-12.984077427795873,-1.6982290755094116,-11.285848352286461,-0.40224267994365404,-0.4030538517951321,8.47456734865817
49,2018-08-13,151.399994,151.820007,150.059998,151.089996,145.506271,232000,841601.4696068747,1198700,0.10697410495367479,251735.8521108285,58.50326546993335,-201.02944177930414,535.6334852253308,-565.5761008019518,948.9737489091218,150.7246818816049,2.498937496569985,147.80599815,159.38979915437147,136.2221971456285,15.674331420049317,0.641749579812391,0.0,0.0,152.28099873333332,154.62199913333333,149.93999833333334,3.0745797827336796,0.2456209889299205,0.0,0.0,136.570007,154.619995,145.595001,12.21194554072296,0.8044320583481841,0.9365246516914284,3.228977010773292,3.233891971568585,-0.004914960795292966,151.76999783333335,145.54692130769232,150.47945268752113,147.25047567674784,27.956366805097293,26.682382440623538,16.42261818847113,1.179510370734982,0.755773704680023,0.4237366660549591,0.3419866569779074,25.62549610748242,42.34219771285573,2.1439988500000027,89.60238985491351,68.31353093638542,21.288858918528092,152.33999649999998,145.329994,148.83499525,144.449997,,139.5950015,64.0,8.0,56.0,148.6709906859861,,0.0,0.0,,62.09229773586836,0.009372770487345621,0.37293199872222754,0.5888341253348809,35.13849929021283,50.833898531694935,70.53422221509945,77.18853366123152,-29.465777784900556,8.734586902941174,149.7519637368396,0.47881959429474263,-13.339130364993004,-4.02640933340613,-9.312721031586873,0.03310580132243057,0.03310032256118589,8.510478723409998
50,2018-08-14,151.490005,153.460007,150.399994,152.110001,146.488602,259000,872072.013032674,1457700,0.08755257192190137,253513.77252356723,51.952663913803455,1169.6551158200596,233.82666051499822,1825.3083513442546,948.9737489091218,151.57615339142015,2.555045046912986,148.47999795,159.39935969124065,137.56063620875938,14.708192203663263,0.6662186461086858,0.0,0.0,152.27733206666667,154.40233356666667,150.15233056666665,2.790962346345403,0.4606280121057215,0.0,0.0,137.210007,154.619995,145.915001,11.725476993785207,0.8558302280277288,0.9708334609921949,3.119865758549082,3.211086728964685,-0.09122097041560284,151.9499981666667,146.0749980769231,150.73030627405635,147.61044051550726,28.22323898773871,28.970211911642746,15.026515150645208,1.1891512940914686,0.8821583524267894,0.30699294166467916,0.34125649827720417,25.66215530709534,51.70658624868345,-0.5099969500000157,90.98103138872197,74.90763444043506,16.073396948286913,152.33999649999998,145.329994,148.83499525,144.449997,,139.5950015,60.0,4.0,56.0,149.38487120366779,,0.0,0.0,,64.2856807952158,0.2028179843835772,0.2181041026618266,0.40597478980297225,34.58903542882768,50.676643927482935,63.03392359903781,70.5529011620815,-36.96607640096219,8.008470085294107,149.83944746107255,1.4404828564284766,-12.716245060372314,-5.764376478799368,-6.951868581572946,0.6750976418054888,0.6728290620379163,9.243030406383568
51,2018-08-15,151.190002,152.020004,149.330002,151.580002,145.978195,247700,1038739.7346923617,1210000,0.09178213204063998,198543.12612020038,41.78410235415801,-1362.9171517944922,-44.08061961342167,885.4383242863476,945.6672264277494,151.7417684142503,2.577540442221688,149.10499795,159.20054058455264,139.00945531544738,13.541521442410682,0.6225790499625616,0.0,0.0,152.06699883333334,154.32200063333332,149.8119970333333,2.965800360762696,0.3920185266962299,0.0,0.0,137.210007,154.619995,145.915001,11.676327580808634,0.8253879899285409,1.0313344022832245,2.956546586481096,3.1601787004679673,-0.2036321139868713,152.25083158333334,146.56807526923077,150.86102869343227,147.90448210695118,27.83303948269646,26.745698293317453,16.828106108417128,1.0065507491733852,0.9746507479486636,0.031900001224721586,0.3372651094531638,25.746382180783364,32.98705024070974,4.4750040499999955,88.92939998445354,79.94641253554948,8.982987448904055,151.9749985,145.329994,148.65249625,144.449997,138.23250224999998,139.5950015,56.00000000000001,12.0,44.00000000000001,,154.619995,0.0,1.0,,62.26954334118563,0.02601942706853154,0.07940339397981816,0.2234798317879574,33.59777909358074,53.30763824495681,55.228333814188176,62.93215987610848,-44.771666185811824,7.2440890147059065,149.8859684342204,2.439684378997883,-12.425889389987637,-7.096679061037022,-5.329210328950615,-0.3484313960395058,-0.34903983196050703,8.862393390462753
52,2018-08-16,152.179993,153.210007,151.820007,152.029999,146.41156,205500,895330.8944045925,1415500,0.048237319017389965,183390.4486030288,48.45333443916907,1244.5769148418324,51.05882746193408,-252.99475482281377,948.474637756922,151.93012376613856,2.482786897999518,149.672998,159.05973152429215,140.28626447570787,12.542988581403494,0.6255495851618809,0.0,0.0,152.02133286666668,154.13133356666668,149.91133216666668,2.775927115243251,0.5020535854166591,0.0,0.0,137.210007,154.619995,145.915001,11.632016617987432,0.8512350496737858,1.0634068087104918,2.8307943281773476,3.094301826009844,-0.2635074978324963,152.12166466666667,147.15615196153846,151.04087027905808,148.21007595088074,27.88522367939498,28.884937151312194,16.049916966097882,1.044361407568259,0.8975382735768538,0.14682313399140523,0.33120702891760045,25.703541046887004,53.60888026220005,2.9769959999999855,86.49021267102496,83.44000283608159,3.0502098349433737,151.9749985,145.329994,148.65249625,144.449997,138.23250224999998,139.5950015,52.0,8.0,44.0,,154.51419514,0.0,0.0,,63.321356047061784,0.12254758132490412,0.11712833092567099,0.1382119425224386,32.999754859016235,51.82141981072626,61.85568968922365,60.03931570081654,-38.14431031077635,6.791383308823498,149.92310966424273,-1.0092479358087283,-13.349493785201458,-8.347242005869909,-5.00225177933155,0.2968709553124338,0.29643116368589517,9.18557421769699
53,2018-08-17,152.0,152.919998,151.759995,152.119995,146.49823,350500,762382.0559102024,1766000,0.04859556529144452,161698.04137402395,48.49544666325138,-57.92088588630441,80.40420888530045,817.5525350474397,948.474637756922,152.2392270241603,2.3505085081995647,150.27699810000001,158.60106582981015,141.95293037018988,11.078299187572258,0.6107029015033021,0.0,0.0,152.04066623333333,153.96066743333333,150.12066503333335,2.5256416557046726,0.5206585200745315,0.0,0.0,137.210007,154.619995,145.915001,11.585264691283449,0.8564042663326362,1.0066920980461251,2.707189882746462,3.0168794373571677,-0.30968955461070546,152.07749808333332,147.6934596923077,151.2068894668953,148.49969958414883,27.896362120109227,27.896268202960872,15.677638500218258,1.0822950183748659,0.9046459316155647,0.17764908675930113,0.32348931441501894,25.627282495005737,49.93169105310126,2.5129948999999954,85.2187972474842,85.24417774022247,-0.025380492738264593,151.9749985,145.595001,148.78499975,144.449997,138.33000199999998,139.5950015,48.0,4.0,44.0,,154.4105112772,0.0,0.0,,63.54026229795286,0.14263729524036411,0.09706810121126663,0.09786660870558526,32.543992766945834,51.81779400764464,58.19395196919864,58.425991824203486,-41.80604803080136,6.575883752941138,149.9456900943269,-0.3471988344788298,-9.60816520582154,-8.599426645860236,-1.008738559961305,0.05919621166345923,0.05917869761757899,9.250207941316857
54,2018-08-20,152.830002,153.520004,152.190002,153.070007,147.413116,262200,847154.9341464783,2028200,0.08784666564122227,174183.0563777354,44.3805011436693,261.23557399427983,-24.906526976832875,1844.9607299489926,954.3980029763644,152.32189162684745,2.255458557379609,151.0579986,157.01652566175616,145.09947153824382,7.889058662208666,0.6688343762767949,0.0,0.0,152.05166676666664,153.95066876666664,150.15266476666665,2.497837794720317,0.7681251081708613,0.0,0.0,138.279999,154.619995,146.449997,10.817034616795185,0.9051414700468723,1.0072959739425233,2.6552820593149136,2.944559961748717,-0.28927790243380347,152.10083258333336,148.24807557692307,151.49352293352678,148.83824087421186,28.122177234496583,28.533495156460248,15.009889331494511,1.1030230049557588,0.9901537782322859,0.11286922672347288,0.3156345360684339,25.522990818643994,69.10962679559533,0.701996400000013,84.72080660913328,86.06838351261199,-1.3475769034787106,151.425003,145.595001,148.510002,144.449997,138.33000199999998,139.5950015,44.0,20.0,24.0,,154.308901091656,0.0,0.0,,65.85680154208761,0.4598643262402565,0.24168306760184163,0.15195983324625975,32.686772005122336,53.482769108118354,70.6996209635818,63.583087540668025,-29.300379036418203,6.447560264705885,149.96337286924296,0.18326723792702457,-9.162683797284435,-8.712078076145076,-0.45060572113935926,0.6245148772191511,0.6225728643054929,9.93249174330324
55,2018-08-21,153.009995,153.990005,152.339996,153.759995,148.077606,350500,1099936.067158482,2378700,0.10665083224612984,183848.4474666303,43.65767442500658,145.9339985670496,-65.6132883482889,3217.4138736232308,954.3980029763644,152.33989876278264,2.1949136016416464,151.76599805,154.71591836852915,148.81607773147087,3.8874587937111884,0.8379747136685753,0.0,0.0,152.05633340000003,153.8643366,150.2483302,2.3780702317000646,0.9711445200981951,0.0,0.0,142.639999,154.619995,148.629997,7.893728604514652,0.928213665513746,0.9942096040846283,2.6393956898535578,2.8835271073696855,-0.24413141751612777,152.26749925,148.876537,151.84221094375343,149.20281525389987,28.500063209272206,28.5309953520118,14.24007640678224,0.9693368542556156,0.97839641845995,-0.009059564204334403,0.3083181709285583,25.356842662273753,94.28882237454387,1.204002949999989,82.69742325211679,86.27929505307861,-3.581871800961821,151.66000350000002,145.595001,148.62750225000002,144.449997,138.47500250000002,139.5950015,100.0,16.0,84.0,,154.2093231098229,0.0,0.0,,67.47325731309394,0.6519059522454259,0.41813585790868224,0.2522956755739302,33.20148153880105,57.85337722032625,83.74288964087498,70.87882085788513,-16.25711035912502,6.199854397058829,150.01237583931308,1.3178703649799144,-6.169272082968107,-8.203516877509683,2.034244794541576,0.4507662954506886,0.44975338694461797,10.428030363831153
56,2018-08-22,153.360001,153.440002,151.649994,152.820007,147.172363,140100,1142984.7696223834,2238600,0.009776882265581417,138771.195142826,47.31016809711751,-792.1551998715364,-98.88696536817466,723.4561368709866,948.5634380752551,152.29332089723653,2.1864223414774826,151.95499875000002,154.6559450830618,149.25405241693824,3.554929229416717,0.6601305881963636,0.0,0.0,152.0706669666667,153.90167116666666,150.23966276666667,2.4080964942454606,0.7046254272200309,0.0,0.0,147.830002,154.619995,151.2249985,4.468423583202445,0.7349057649985811,0.9981219966777235,2.5218857230122467,2.811198830498198,-0.2893131074859512,152.25499975,149.4223063076923,151.99264110625288,149.47075538324063,28.362716839600434,26.64879311663308,15.457984663296322,0.9753301442550358,0.9949941448076272,-0.01966400055259132,0.2997871917212883,25.25992714516636,51.228954306527655,1.3150052499999845,78.92690155791018,85.84203845721683,-6.9151368993066455,151.66000350000002,145.915001,148.78750225,144.449997,138.47500250000002,139.5950015,96.0,12.0,84.0,,154.11173668762643,0.0,0.0,,63.09105080510814,0.14803118638449916,0.4199338216233939,0.3599175823779726,32.53960936658819,57.65817628257569,65.97371678941747,73.47207579795807,-34.026283210582534,6.103412367647081,150.03700111170943,-0.0980545198532047,-9.849927655864581,-8.532799033180662,-1.317128622683919,-0.6113345672260184,-0.6132108678829518,9.752945642310195
57,2018-08-23,152.679993,152.789993,150.630005,150.949997,145.371429,337000,905834.6798996581,1901600,-0.04488130234239719,28919.11440813623,47.36592873518459,-535.1892640985044,-99.1301385560862,-4980.2419400019835,948.5634380752551,152.23007611868871,2.1867803073297334,151.98399885,154.62810652497802,149.339891175022,3.4794553308044067,0.30447054789313627,0.0,0.0,152.01100003333335,153.85500313333333,150.16699693333334,2.4261442916573634,0.21230985638436872,0.0,0.0,147.830002,154.619995,151.2249985,4.467570962323038,0.4594990009562598,1.0651273558767578,2.251905484341563,2.699340161266871,-0.4474346769253077,152.06166583333334,149.8788445769231,151.8322343206755,149.58032883633393,27.553359862592593,24.818693181170627,17.59492486869091,0.9616228383342469,0.9999989298912728,-0.038376091557025926,0.28771405506738046,25.14344871081183,-41.576297863425864,0.536005149999994,74.46171927751158,84.66985353814113,-10.20813426062955,151.66000350000002,145.915001,148.78750225,144.449997,138.552498,139.5950015,92.0,8.0,84.0,,154.01610199387392,0.0,0.0,,55.38456761417602,0.0,0.26664571287664174,0.3682384641362393,29.787772182529665,53.48518551413253,30.623764530501166,60.1134569869312,-69.37623546949884,5.518293179411728,150.05082692353193,-1.5136732168415707,-6.870293462664822,-8.200297919077494,1.3300044564126718,-1.2236683119638991,-1.2312167746225455,8.409933625038303
58,2018-08-24,151.380005,152.020004,150.289993,151.5,145.901108,335100,1039487.0123414737,2236700,-0.021371835343479837,51117.241678402665,39.20000208729082,-286.52849000462675,-144.57419810761894,-2902.7883195467302,952.0196338155685,152.09621838189136,2.1411033765967593,152.061499,154.54880649528022,149.57419150471978,3.2714493959844755,0.38712714429851,0.0,0.0,152.02300053333335,153.89500503333332,150.15099603333334,2.4627911479612234,0.3603100224029018,0.0,0.0,147.830002,154.619995,151.2249985,4.465294005815359,0.5405009990437402,1.1302831622567446,2.058594647954692,2.5711910586044353,-0.5125964106497434,151.9766655,150.29538311538462,151.7811213482639,149.7225267003092,26.581470287049523,23.44873975293682,17.708568709773576,0.9098955870151103,1.0269558476991612,-0.11706026068405084,0.27398041864867667,25.011499369183774,-68.34800570046545,-0.41150500000000534,70.4145265577658,82.53786872734692,-12.123342169581122,151.66000350000002,145.915001,148.78750225,144.449997,138.97249599999998,139.5950015,88.0,4.0,84.0,,153.92237999399643,0.0,0.0,,57.04642445336002,0.11814474021678398,0.08872530886709441,0.25843494778904336,27.877150858753474,51.12241568415258,41.02081042451285,45.87276391481049,-58.97918957548715,4.902175961764726,150.0662941015952,-0.6687673572313834,-4.555955041987158,-7.471429343659428,2.91547430167227,0.36436105394557217,0.3636988670706387,8.804937201776175
59,2018-08-27,152.309998,153.710007,151.570007,153.509995,147.836838,217500,1216330.3674816631,2454200,0.0696675394619576,106268.19465291669,38.70117251075812,1461.1118114942358,-85.11855821884241,4106.610277910218,964.6503579335297,152.06146366820397,2.1479937389370827,152.3384987,154.05644520570937,150.62055219429064,2.255433157566445,0.8409583174175363,0.0,0.0,152.2170008,154.12700439999998,150.3069972,2.50957986290843,0.8384795190962001,0.0,0.0,148.639999,154.619995,151.629997,3.9254660187878034,0.8143811467432445,1.1298310131390081,2.0440220023757547,2.4657572473586997,-0.421735244982945,152.13166558333333,150.81346011538463,152.04710191006944,150.0030799076937,26.4390142075894,27.190907959331323,16.458733448080178,0.9506165546660904,1.0029912378459445,-0.052374683179854054,0.26187566750674246,24.921162255723363,72.58995120260643,-1.2985056999999927,66.95888664486951,79.86874153358553,-12.909854888716026,151.66000350000002,145.915001,148.78750225,144.449997,139.14999775,139.5950015,84.0,4.0,80.0,,153.8305324341165,0.0,0.0,,62.53818860227229,0.5917614866677078,0.2366354089614973,0.1973354769017445,27.647749060607357,58.10572626718399,89.69936285448756,53.78131260316719,-10.30063714551244,4.449176688235298,150.24008721915854,1.2265091154570116,-6.054692425315524,-7.188081959990647,1.133389534675123,1.3267293729372964,1.318005396451838,10.248484262838108
60,2018-08-28,154.100006,154.410004,153.160004,153.669998,147.990875,174900,1184147.0884416648,2629100,-0.027061889596642907,95084.81323107118,43.67820233770633,818.3226129216619,35.3579788575779,3067.9341231686935,965.6558100620404,152.1288988845316,2.0581943650433745,152.3429985,154.07434802914676,150.61164897085322,2.2729623890746367,0.8832269214449037,0.0,0.0,152.3926676,154.1216699,150.6636653,2.2691410646321732,0.8693836613172791,0.0,0.0,149.330002,154.619995,151.9749985,3.4724227907329666,0.8204162084902571,1.114781000805667,2.022074761510453,2.3770207501890503,-0.3549459886785975,152.35083266666666,151.4373063076923,152.29677823159722,150.27470347008676,26.58829796549987,28.378359917424266,15.780332405474828,1.0242325804284296,0.9254060118900126,0.09882656853841698,0.2510676160771749,24.806834097654924,138.63654117255444,-1.2530024999999796,62.2698225528973,76.90656626341263,-14.636743710515326,152.3499985,146.449997,149.39999775,144.449997,139.14999775,139.5950015,80.0,16.0,64.0,149.330002,,1.0,0.0,,62.944337214651355,0.6253588923828547,0.44508837308911553,0.25681636363923577,27.569281081758046,58.23273333871534,85.43295849096128,72.05104392332056,-14.567041509038717,4.077441770588251,150.34939076144323,1.741263984301153,-8.515404694570988,-7.453546506906716,-1.0618581876642716,0.10422969527161818,0.10417541383969109,10.363395922026864
61,2018-08-29,154.199997,156.0,153.330002,155.360001,149.618484,179200,1277438.5440906966,2808300,0.0652920968798641,124765.34528377576,48.03845374032245,1311.1552622801562,158.7781227227731,2153.0697910519884,965.6558100620404,152.275024834449,2.1193747285390363,152.47849885,154.65237588936387,150.30462181063612,2.851388301641682,1.1627564710015088,1.0,0.0,152.78466743333334,154.51166933333334,151.05766553333336,2.2607005388856276,1.2456082030560218,1.0,0.0,149.330002,156.0,152.66500100000002,4.374385930019925,0.9040480971658478,1.0629833625732756,2.1166510968837144,2.3249468195279834,-0.208295722644269,152.70666641666665,152.04345996153845,152.76804327288997,150.65139217600625,27.305667499685676,31.077970323152126,14.413701536455703,1.0469490218932205,0.8687611559351995,0.17818786595802094,0.24332634297220498,24.40413896488883,214.52855242685894,-0.3684978499999829,60.35478760809262,74.00263014530903,-13.647842537216405,153.1449965,149.3199995,151.232498,145.1399995,139.14999775,139.5950015,100.0,12.0,88.0,149.43160204,,0.0,0.0,,67.01242757398734,0.9618792647851777,0.7263332146119135,0.46935233222084216,28.655156604743382,61.122435263321925,90.40480971658478,88.51237702067787,-9.59519028341522,3.9877657823529375,150.82058289372102,2.826133505225586,-10.357827977819483,-8.03440280108927,-2.323425176730213,1.0997611908604377,1.093757792733907,11.577129719292966
62,2018-08-30,155.070007,155.350006,153.649994,153.910004,148.222061,236200,1113490.2246670667,2572100,0.03511248125019245,58014.682900378415,46.939059308392125,-118.75685013209518,218.39242902517228,-233.7161617061863,965.6558100620404,152.46177830914178,2.0784379556851347,152.53449940000002,154.7936215334117,150.27537726658832,2.9621130200682897,0.804433430060442,0.0,0.0,152.97966713333332,154.73767023333332,151.22166403333333,2.2983487059986394,0.7646004624982363,0.0,0.0,149.330002,156.0,152.66500100000002,4.372779945675681,0.6866571774084467,0.9983869185651686,2.0509587089638046,2.2701491974151478,-0.21919048845134315,152.85666666666665,152.23076807692308,152.9437295385992,150.8927708296354,27.971796352858206,29.326255791211565,13.601271053450386,1.0856819386751537,0.8443786290867826,0.2413033095883711,0.2355514956431653,24.033624911273947,142.5361351302145,-0.9544974000000082,57.75402874642911,70.95098920074734,-13.196960454318237,153.1449965,151.91500100000002,152.52999875,145.1399995,142.747505,142.175003,96.0,8.0,88.0,149.6943379584,,0.0,0.0,,60.84085777466557,0.4513549686843194,0.679531041950784,0.6169842098839377,27.76607681969144,55.84777696232998,68.66571774084466,81.50116198279689,-31.334282259155337,4.069442467647065,150.9134386382837,1.1833561160781108,-9.931645096669543,-8.413851260205325,-1.517793836464218,-0.9333142318916576,-0.9376968998600965,10.535764488086595
63,2018-08-31,153.619995,154.130005,152.919998,153.210007,147.547928,303800,955317.0420325827,2268300,0.02397157493949956,19347.001257467382,45.94970917547944,-388.3327880149822,205.01361857976667,-3586.1988457921398,965.6558100620404,152.6375288239053,1.9915948601166231,152.607,154.85508766645717,150.35891233354283,2.9462444926604503,0.6341155438458255,0.0,0.0,153.0950012,154.85800469999998,151.3319977,2.303149660251606,0.5326164412038904,0.0,0.0,149.330002,156.0,152.66500100000002,4.370702523475327,0.5817100694782797,0.9725279442078363,1.9202773485255307,2.200174827637224,-0.2798974791116935,152.99250041666667,152.3399993076923,152.98469530189163,151.0644179533661,28.034760746675207,28.118504309647545,15.52570934303602,1.075858617863905,0.882660401013135,0.19319821685076988,0.2266976506057295,23.785524294901393,65.46331855407638,-0.5770009999999957,54.95262598239656,67.64341357555439,-12.690787593157829,153.1449965,151.91500100000002,152.52999875,145.1399995,143.767502,143.195,92.0,4.0,88.0,149.946564440064,,0.0,0.0,,58.060902340409136,0.22139163076314872,0.5448752880775487,0.6502465148800821,26.203904794474266,53.474752260228556,58.171006947827976,72.41384480175248,-41.828993052172024,4.087119332352955,150.94882490018753,1.0753430389847751,-7.3382446336389835,-8.198729934892057,0.8604853012530738,-0.45480929231864753,-0.4558466964492247,10.033037559859315
64,2018-09-04,153.160004,153.399994,151.770004,152.789993,147.143433,170600,998227.705778989,2097700,0.01907118749061065,6346.802734972518,39.74811802250703,-898.1211459407983,57.31531416827683,-1849.3980207447064,963.0085354658884,152.68606634533438,1.95543437410496,152.5979996,154.8416389359196,150.3543602640804,2.9405881358874586,0.5427861548258399,0.0,0.0,153.06766713333334,154.86066943333336,151.27466483333336,2.342757727454171,0.4225672679467981,0.0,0.0,149.330002,156.0,152.66500100000002,4.370960312378821,0.5187394359038797,1.0372239305631519,1.7625027744097679,2.112640416991733,-0.3501376425819651,153.05583325,152.44922992307693,152.9547411016006,151.19223832719084,27.28261407231789,26.533269950648048,18.62793347522884,1.0213182383231167,0.9696011235351774,0.05171711478793939,0.2165078807363053,23.569573375879788,7.2635360982364485,-0.47800460000001976,51.140432912262966,64.13708131557061,-12.996648403307645,153.1449965,151.91500100000002,152.52999875,145.1399995,143.767502,143.195,88.0,72.0,16.0,150.18870186246144,,0.0,0.0,,56.39579773917134,0.08365092910655479,0.25213250951800764,0.49217961318211345,24.430902918903822,57.37922930599562,51.873943590387974,59.570222759686864,-48.126056409612026,3.6424414088235437,150.96078725363114,0.4998973919614418,-9.454926874042014,-8.44996932272205,-1.004957551319965,-0.2741426674564229,-0.2745191266479097,9.73139005560939
65,2018-09-05,152.039993,153.259995,151.710007,152.690002,147.047134,294400,1076102.2369366472,1803300,0.038197841118542825,1234.7808585471566,39.19860070791139,-52.647995932065335,150.90596815845015,-660.3528252553317,963.0085354658884,152.79410329085033,1.9148897366944653,152.5689995,154.792044338073,150.34595466192698,2.9141501161551604,0.5272154879487027,0.0,0.0,152.9866674,154.7696676,151.20366719999998,2.330922335000813,0.41680724432897026,0.0,0.0,149.330002,156.0,152.66500100000002,4.371791138343274,0.5037482769859885,1.0796610702364957,1.6108282246107137,2.012277978515529,-0.4014497539048154,153.10333383333332,152.63076842307694,152.91401200904667,151.30318378443596,26.54286376933758,25.08501915028414,17.822453246818874,1.0680490241570986,0.917841951860903,0.15020707229619557,0.20531294746461026,23.2619678403655,2.583423151996736,0.5010075000000143,47.230719489287196,60.61528330794585,-13.384563818658656,153.1449965,152.3199995,152.732498,145.1399995,143.927502,143.195,84.0,68.0,16.0,150.421153787963,,0.0,0.0,,55.9841698320355,0.0496002654376304,0.11821427510244469,0.30507402423266705,22.857008534291786,56.12095611799828,42.031629733553515,50.69219342392315,-57.968370266446485,2.9777348529411825,150.98985940432004,0.3747087948563264,-7.056768182075314,-8.171329094592704,1.1145609125173896,-0.06544342207019938,-0.06546484562504062,9.659578078871789
66,2018-09-06,152.759995,154.100006,152.550003,152.570007,146.931595,351900,733285.3259371201,1451400,-0.03466217363206207,-4973.936478387585,41.62131078508344,369.9937325974757,88.43574085528185,-469.21425864237335,963.0085354658884,152.84508746010962,1.878401063025019,152.57149965,154.79443092205727,150.3485683779427,2.913953493485611,0.4996642608750995,0.0,0.0,153.03033449999998,154.7893342,151.2713348,2.2988902242777285,0.36915077359023873,0.0,0.0,149.330002,156.0,152.66500100000002,4.371719498924119,0.4857580167190455,1.1503340823015697,1.4640656203566493,1.9026355068837533,-0.43856988652710394,153.06166716666667,152.59192246153845,152.86108816150104,151.3970225411444,26.266057679260626,26.70110624144154,16.832982498467075,1.0095745072811086,0.9421310168782004,0.0674434904029082,0.19337368839547617,23.121240175800274,41.26007046605862,1.1884953500000108,44.00581290561264,57.23129371106818,-13.22548080545554,153.1449965,152.66500100000002,152.90499875,145.1399995,144.802502,144.07,80.0,64.0,16.0,150.64430763644447,,0.0,0.0,,55.46101194406087,0.006323624130388026,0.04652493955819111,0.13895724139288118,21.402008933434832,47.543612102648865,39.93014369334395,44.61190567242847,-60.06985630665605,2.3128236999999956,151.00025580876815,-0.3266479239136639,-3.3619923604616546,-7.209461747766494,3.8474693873048396,-0.07858733278423014,-0.07861822881656266,9.573399541317173
67,2018-09-07,152.0,153.820007,151.080002,152.350006,146.719757,258200,714438.9277006208,1193200,-0.024469981457179095,-12378.26815290351,42.67788534745155,-928.5454589465519,26.248271350978452,-648.8648468361878,961.6199084023068,152.87059441886328,1.9645614567225167,152.60650025,154.7920209264271,150.4209795735729,2.8642563361937827,0.441319646900042,0.0,0.0,153.12633516666668,154.9433365666667,151.30933376666664,2.3732056253058653,0.2863707846712044,0.0,0.0,149.330002,156.0,152.66500100000002,4.370716836486781,0.4527743486579761,1.2356510574376531,1.3148462281876903,1.7850776511445408,-0.4702314229568505,152.94416808333332,152.58038446153847,152.78246013665472,151.46761390846703,24.999298109913067,24.14879071039387,20.352220858895972,0.9539059650577845,0.9453116024793234,0.008594362578461023,0.18078979492691663,23.115959769570154,-12.262669811425797,0.21350674999999342,42.00077491745832,54.07421019547847,-12.073435278020149,153.54000100000002,152.66500100000002,153.10250100000002,145.1399995,144.867504,144.135002,76.0,60.0,16.0,150.85853533098668,,0.0,0.0,,54.4562539134722,0.0,0.018641296522672848,0.06112683706110292,19.9043254466464,48.41391466363474,36.07724123630674,39.346338221068066,-63.92275876369326,1.5569421882353254,151.04308387141262,-0.9170064033886032,-3.3030157862636007,-6.428172555465916,3.125156769202315,-0.1441967555261381,-0.1443008190972428,9.4153982542589
68,2018-09-10,152.710007,154.119995,152.470001,152.520004,146.883453,328800,405567.46853168,1522000,-0.07573694148676799,-2624.8952167747884,43.71979245551556,424.0371669826557,37.876956564433875,-5.428328651831009,961.6199084023068,152.8814424628804,1.945104211050263,152.6805008,154.7457619527072,150.6152396472928,2.7053371476853236,0.4611437033545077,0.0,0.0,153.30300193333332,155.11200163333334,151.49400223333333,2.3600316721608343,0.28358262488011093,0.0,0.0,149.330002,156.0,152.66500100000002,4.368598455631992,0.4782613128219823,1.3282712931843779,1.1965135394150082,1.6673648287986345,-0.4708512893836263,152.91916783333332,152.57000026923077,152.74208226947707,151.54556873006206,23.984403036896065,23.69984467168069,19.083223438905907,0.989603202801138,0.9557183578277985,0.033884844973339545,0.16819023398547828,23.088802078253835,32.22778484920378,-1.7305038000000081,39.70639000677054,51.04615501346748,-11.339765006696936,153.54000100000002,152.66500100000002,153.10250100000002,145.1399995,144.992504,144.260002,72.0,56.00000000000001,15.999999999999993,151.06419391774722,,0.0,0.0,,55.13266054149512,0.051963313464493156,0.019428979198293766,0.028198405093052614,18.786287213363163,39.65743562508829,39.054435484930124,38.3539401381936,-60.945564515069876,1.0697652529411812,151.0770989394077,-0.19631133769023043,-1.1228087459572624,-5.3670997935641855,4.244291047606923,0.11158384857561376,0.11152164007146581,9.537488166565344
69,2018-09-11,151.869995,153.229996,151.220001,152.070007,146.450058,440900,337571.5259049597,1081100,-0.09258448635229886,-30593.29265723529,33.3690684694281,-487.7962451808784,-7.389489417560981,-933.949390178198,961.6199084023068,152.75378046370005,1.951593289945237,152.72950135000002,154.68508280969002,150.77391989031003,2.5608431146625943,0.3313815191046651,0.0,0.0,153.22733509999998,155.02333430000002,151.43133589999997,2.344228200311533,0.17780383755182905,0.0,0.0,149.330002,156.0,152.66500100000002,4.367196868347525,0.4107954755008921,1.443822842108561,1.054270064856155,1.5447458760101387,-0.49047581115398375,153.012502,152.5819238076923,152.63868607417288,151.58441600931673,22.290094238170912,22.020696299784582,22.137308695233227,0.9365742951111696,1.0079758821144076,-0.07140158700323795,0.15521103099067807,23.16414250428152,-50.837849637163785,-1.229501350000021,36.23058182150495,48.15290604331277,-11.92232422180782,153.54000100000002,152.66500100000002,153.10250100000002,145.1399995,145.260002,144.260002,68.0,52.0,16.0,,156.0,0.0,1.0,,52.893269147392765,0.0,0.017321104488164422,0.018463793403043716,17.24178615917604,41.23064764750238,31.173587002607828,35.43508790794823,-68.82641299739217,0.6160005794118035,151.12636208006353,0.741974178376438,3.6331513756315723,-3.5670495597250342,7.200200935356607,-0.295041298320442,-0.2954774031632468,9.214307339331107
70,2018-09-12,152.169998,152.610001,150.770004,151.130005,145.54483,288600,161902.45850974394,792500,-0.12974451083800972,-64977.76187762995,32.12251665275045,-341.09183472348997,24.82932237872805,-3084.7824036371276,955.6757734938499,152.6658402587118,1.9404336609507145,152.68050155,154.74196134875567,150.61904175124434,2.700357645970365,0.12393238254369537,0.0,0.0,153.0030019,154.8580008,151.14800299999996,2.424787588432311,-0.004851215814723295,0.0,1.0,149.330002,156.0,152.66500100000002,4.3685984341724815,0.2698655981606,1.6085516857372033,0.8558253589783931,1.4069617726037897,-0.5511364136253967,152.98166908333334,152.51115473076922,152.4065812935309,151.5507559345525,20.98212964010285,20.583025022360022,22.288715756010845,0.9574059461782795,1.0230234084045817,-0.06561746222630227,0.14101611072056444,23.23146262724104,-107.37776269562818,0.8294934500000011,32.04951355375722,45.007875592831056,-12.958362039073833,153.060005,152.66500100000002,152.862503,145.33499899999998,146.44750175,144.260002,64.0,48.0,16.0,,155.90440002,0.0,0.0,,48.46482150627269,0.0,0.017321104488164422,0.018023729391540906,14.674031629007656,39.626065020341564,14.711225397797287,28.313082628445073,-85.28877460220271,0.3000891294117878,151.12670954668613,-0.2442211221122038,3.0722204290168484,-2.2391955619766577,5.311415990993506,-0.6181376712897757,-0.6200560517670262,8.539212563228515
71,2018-09-13,151.520004,153.389999,151.479996,153.360001,147.692398,428600,577039.5029018307,1221100,-0.08165182275895852,80844.2449048886,42.055395203446984,331.99782664138365,86.7712574315772,4540.254071771349,955.6757734938499,152.7757774010527,1.9723896948556408,152.7695015,154.78644388541554,150.75255911458444,2.6405039822893537,0.6463848209720581,0.0,0.0,152.78766833333333,154.56666773333333,151.00866893333333,2.328721184642731,0.6608580268960971,0.0,0.0,150.289993,156.0,153.1449965,3.7376616038771266,0.5376539818602686,1.5707488521912525,0.8684871608236904,1.2992668502477698,-0.4307796894240794,152.96916958333333,152.51461615384616,152.5532612483723,151.68477408754862,19.681996244163376,21.69038636302188,20.516912821644244,1.0114811750222188,0.9559894988100086,0.055491676212210184,0.12924756841119733,23.35578374139479,-4.313019483336643,0.9004965000000027,28.177518285708693,41.72159665275101,-13.544078367042317,152.4500045,152.66500100000002,152.55750275000003,145.33499899999998,147.9349975,144.449997,60.0,44.0,16.0,,155.6990241792,0.0,0.0,0.0,57.54578464095093,0.48960297633694305,0.1632009921123144,0.06594773369621444,14.769933361980453,46.20179413570137,53.76539818602686,33.21673686214399,-46.23460181397314,0.0538524499999653,151.25708910738342,-0.09770959864860422,6.2423631112797295,-0.5428838273253804,6.78524693860511,1.4755481547161997,1.4647678591865443,10.140760911348723
72,2018-09-14,153.570007,155.600006,153.570007,155.279999,149.541428,390300,844286.504255032,1611400,-0.008741525550932525,176348.66983276122,51.10941967638641,1118.2465078122038,187.11232870420795,11210.579245792927,967.6404028743403,153.09594939932086,1.9991512253700763,152.9320015,155.1933237539226,150.6706792460774,2.957291125131322,1.0191647267272588,1.0,0.0,152.83900193333335,154.65100003333333,151.02700383333334,2.371120037528601,1.1735650182709,1.0,0.0,150.289993,156.0,153.1449965,3.7336901001717355,0.8739054085222667,1.520897492483121,1.0216723199808087,1.2437479441943775,-0.22207562421356886,153.10333633333335,152.6207698076923,152.97275936400732,151.9510870440265,19.624098896027398,27.710581047925153,18.912194941681168,1.0945953986085208,0.8506012672304449,0.2439941313780759,0.12184204498504915,23.497015970775067,171.36867077720208,2.4279994999999985,26.80376338171349,38.59394525267512,-11.790181870961629,153.185005,152.66500100000002,152.925003,145.625,148.079998,144.449997,56.00000000000001,40.0,16.000000000000007,150.770004,,1.0,0.0,6.458005830356117,63.50799422821278,0.8110573767320497,0.43355345102299764,0.20469184920782554,16.73327450823832,49.36415326531961,86.23323994894076,51.56995451092163,-13.766760051059244,0.34452926176467713,151.38453458155647,1.047700280441216,7.546074769690815,1.0749078920778588,6.471166877612957,1.2519548692491167,1.244182716278086,11.51967353060639
73,2018-09-17,155.720001,156.0,153.529999,153.899994,148.212433,257600,663861.1385972832,1353800,-0.017144806716016838,100371.81871379493,45.28783059878206,172.5865256183966,95.07480828450514,2597.036151115758,959.0407853912889,153.1914088313028,2.0462362028330685,153.02100145,155.28759037534317,150.75441252465683,2.962454700812797,0.6939020658249508,0.0,0.0,152.94466803333333,154.88266553333332,151.00667053333333,2.534246567624862,0.7464724455698901,0.0,0.0,150.289993,156.0,153.1449965,3.731518514382321,0.6322235682022788,1.5408837109170268,1.0199603242209605,1.1989904201996942,-0.17903009597873365,152.98166908333334,152.70730826923077,153.11541084646774,152.09545052224678,19.751443546016365,26.73184020607806,17.304923639428438,1.0472121186414318,0.9026034927387879,0.1446086259026439,0.11563759889976291,23.71837337928396,122.091758894695,0.8890025499999865,24.77561123301142,35.66452062164716,-10.888909388635742,153.385002,152.66500100000002,153.0250015,145.625,148.079998,144.449997,52.0,36.0,16.0,150.86660404,,0.0,0.0,11.613207202024162,57.28121835984745,0.4753388022900292,0.5919997184530074,0.3962513871961065,16.424496500353328,46.94816249787804,59.84689089628352,66.61517634375038,-40.15310910371648,0.4811766647058846,151.41883773708784,-0.939757331747197,5.188476935170681,1.8976217006964233,3.2908552344742574,-0.8887203818181422,-0.8926930562297208,10.528575462202827
74,2018-09-18,154.350006,156.220001,154.089996,155.960007,150.196335,293900,886012.7280536437,1647700,0.006725012358243291,172524.10471182413,46.87545752288789,282.64709765056136,56.812271479426535,1644.6253952266738,959.0407853912889,153.3237432044518,2.073613282549762,153.16550145000002,155.76953193605203,150.561470963948,3.4002833032242337,1.0365731248094445,1.0,0.0,153.22166846666667,155.20966746666664,151.23366946666664,2.5949319308352146,1.1887172813802585,1.0,0.0,150.289993,156.220001,153.254997,3.8716342413019182,0.956156214291784,1.5408043050398121,1.1713270588909097,1.1934577479379374,-0.02213068904702764,153.15250266666666,152.8965395769231,153.55304102393424,152.38171396504333,19.97172366498185,25.36639683196924,15.935058637774494,1.0017877377557511,0.91669749137522,0.08509024638053109,0.11293958691456661,23.936441465753852,163.53285497728857,0.04450554999996825,23.096192969256187,32.98290656386594,-9.886713594609752,153.4950025,152.7750015,153.135002,146.129997,148.4799955,144.449997,100.0,32.0,68.0,151.0719398784,,0.0,0.0,55.80660360101208,63.09772192517497,0.7889374168008347,0.6917778652743046,0.5724436782501033,18.118364229140138,52.03986424607699,95.22946526392572,80.43653203638333,-4.770534736074281,0.9523237676470444,151.73428387344657,1.3319491564693897,4.179056942323261,2.353908749021791,1.8251481933014704,1.3385400131984415,1.3296607139221095,12.008044670782647
75,2018-09-19,156.0,156.429993,154.410004,155.100006,149.368118,274700,798980.6306016328,1373000,-0.05277790304909408,114128.90765299281,41.630046412445935,194.86606661811976,-22.92267106786178,2419.2072105069237,953.752403771267,153.38503129510246,2.068250854294787,153.232502,155.96028416360525,150.50471983639477,3.5603179847644078,0.8423117917766139,0.0,0.0,153.49766843333333,155.53266753333332,151.46266933333334,2.651504900068014,0.8936949079404217,0.0,0.0,150.289993,156.429993,153.359993,4.006982800554928,0.7833897394136822,1.5478362589234638,1.207966705040974,1.1963595393585447,0.011607165682429255,153.31000258333333,153.05077073076924,153.79103563563666,152.5830689305957,20.277355761786144,24.33197167497258,14.83399928760576,1.007321126222031,0.9652281552067207,0.04209297101531029,0.11136090083516716,24.048375900892943,132.0139006075547,-0.44250900000000115,21.23376688319666,30.45267922804194,-9.218912344845279,153.5999985,152.8799975,153.239998,146.234993,148.83499525,144.449997,96.0,28.000000000000004,68.0,151.380823545696,,0.0,0.0,77.90330180050604,59.458008599095926,0.730775834062581,0.6650173510511483,0.6495983115928202,18.291258695709327,52.5065273173019,76.50195079884449,77.19276898635124,-23.498049201155506,1.6358231735294169,151.87535211751268,1.233600230825665,2.8432349909445405,2.451773997406341,0.39146099353819963,-0.551424058348482,-0.5529500130487364,11.390405365182232
76,2018-09-20,156.100006,157.509995,155.740005,156.770004,150.976364,298900,847954.5746352148,1671900,-0.05033700073146142,169133.69258827926,47.94821086004107,713.5632669739124,36.52876586828162,1703.5642425357998,953.752403771267,153.55986253343832,2.102424668865308,153.43000185,156.55306515772824,150.30693854227175,4.070994290649218,1.0347317394647313,1.0,0.0,153.85766803333334,155.91466583333334,151.8006702333333,2.673897019619938,1.2079093537841041,1.0,0.0,150.289993,157.509995,153.899994,4.7057302437228605,0.8975082001362321,1.5276051220943159,1.3561261918532637,1.2283128698574886,0.1278133219957751,153.64167016666667,153.23000161538462,154.24933846092333,152.89321226907006,21.060091637987597,26.00203145254245,13.624441783679023,1.0207001730445082,0.8818711333589051,0.13882903968560312,0.11253098424060845,24.090446990567212,177.95412600252803,-0.7399998500000038,19.963492177033608,28.00409225688364,-8.040600079850034,154.1399995,153.41999850000002,153.779999,146.774994,148.83499525,144.449997,100.0,24.0,76.0,151.78475710204032,,0.0,0.0,88.95165090025301,63.82214208509673,1.0,0.8399044169544719,0.7322332110933084,19.907278716097014,55.964432801264216,89.02089038397821,86.91743548224947,-10.979109616021788,2.361911894117668,152.25102107582617,2.6048898372552385,2.3872124609920085,2.4388616901234745,-0.05164922913146608,1.076723362602583,1.0709679728313048,12.589771883446854
77,2018-09-21,156.970001,157.839996,156.0,156.160004,150.388931,485700,446726.4352262083,1186200,-0.07639326511255777,102646.45078995271,45.93513273995051,111.75522750834186,72.2493384056619,1328.4429105570907,953.752403771267,153.89986472328752,2.0761818019787786,153.6905022,156.81181285920616,150.56919154079384,4.061813338529333,0.8955873140528818,0.0,0.0,154.28266753333332,156.24966443333332,152.31567063333335,2.549861149600628,0.9772088015661498,0.0,0.0,150.289993,157.839996,154.0649945,4.912472073371886,0.7774845917279734,1.4857986342530325,1.408090163665122,1.2642683286190153,0.14382183504610668,153.930837,153.40615553846152,154.54328700539668,153.13519684173156,21.931568623184994,25.49516541498465,12.768406863476786,1.0547997155178093,0.8303673011902167,0.22443241432759253,0.11447136811029242,24.178896662657827,152.1849484853316,-1.1204951999999935,19.55123446706672,25.76463053024988,-6.213396063183161,154.305,154.0649945,154.18499725,146.9399945,148.65249625,144.449997,96.0,20.0,76.0,152.3572808918363,,0.0,0.0,94.47582545012651,61.2294446589884,0.8311751445962937,0.8539836595529583,0.786301809186193,20.363524844484527,54.553321821038544,76.23771002852587,80.58685040378286,-23.76228997147414,2.6909689588235324,152.49765893178218,2.272579706954221,6.669751675502515,3.2850396871992826,3.3847119883032324,-0.3891050484377212,-0.3898640315989077,12.151679397023862
78,2018-09-24,156.059998,156.059998,153.960007,154.779999,149.059906,221900,398118.8205745279,964300,-0.10876915371009493,44236.51360567431,45.39620116189359,-1807.5589725284135,7.289493649403669,-3850.8405823020025,945.3239774632967,153.9956487358053,2.0885633217809003,153.85450214999997,156.83992288662571,150.86908141337423,3.880836368005812,0.6550027503068243,0.0,0.0,154.47233433333332,156.48433093333333,152.46033773333335,2.6049928081728018,0.5764575513364857,0.0,0.0,150.770004,157.839996,154.305,4.5952454437161325,0.5671852245377358,1.4585026432263148,1.3226701966952987,1.2759487022342721,0.04672149446102658,154.115003,153.51192476923077,154.57970423533564,153.25703403864034,21.180505151848923,23.586921368969573,18.753096954655142,1.0198495856684253,0.8661877816033616,0.1536618040650637,0.1148338736755011,24.334755608455794,55.7050253988742,-1.5044961499999658,18.292434409569907,23.77150304003488,-5.4790686304649725,154.305,154.0649945,154.18499725,146.9399945,148.65249625,144.449997,92.0,16.0,76.0,153.01520670481594,,0.0,0.0,97.23791272506325,55.71515804924089,0.47210947415954657,0.7677615395852802,0.8205498720309036,18.948873277086097,48.90468033822908,56.71852245377358,73.99237428875922,-43.28147754622642,2.673204720588245,152.5600370809284,1.4485101255845128,3.3887848281921444,3.305788715397855,0.08299611279428953,-0.883712195601627,-0.8876400898005343,11.160581328620323
79,2018-09-25,155.490005,155.490005,153.880005,154.0,148.308731,227300,204700.6385869474,737000,-0.17127687405098124,12589.32984772072,46.031267786175654,-230.200604927403,-5.392835564549013,-3106.4139704225936,945.3239774632967,154.11207109529462,2.0407069896028087,153.8790024,156.86075235854202,150.89725244145797,3.8754474776111825,0.5202896959306362,0.0,0.0,154.70066786666666,156.67266496666667,152.72867076666665,2.5494357939031445,0.3223456143351683,0.0,0.0,150.770004,157.839996,154.305,4.594513799629373,0.45685992289665867,1.462622090377506,1.1784504140642866,1.2564490446002752,-0.07799863053598854,154.25250250000002,153.58423265384616,154.4905189683609,153.31206855429662,20.428373059329733,22.273074579910734,17.98529426117406,1.0191256704626772,0.8811476461021993,0.1379780243604779,0.11289507880280086,24.480176761520557,26.659557177489646,-1.3589983999999902,16.240862873460284,22.014986297779664,-5.774123424319381,154.659996,154.0649945,154.36249525,147.2050015,148.78499975,144.449997,88.0,12.0,76.0,153.59418142023802,,0.0,0.0,73.56763119843914,52.819663737364394,0.2835678404145918,0.5289508197234775,0.7168986729539054,16.867789594505865,41.91196495853848,45.68599228966587,59.54740825732177,-54.31400771033413,2.539646947058827,152.5918115433769,1.0830285100218455,0.8203679533573436,2.8087045629897527,-1.988336609632409,-0.5039404348361587,-0.5052144967900851,10.600398211706462
80,2018-09-26,154.220001,155.309998,152.949997,153.25,147.586456,314500,-29840.968598811654,422500,-0.20079193798221573,-22905.574416239382,38.647248062149906,-416.47639268919266,-61.56927308502532,-2677.112452538435,945.3239774632967,154.17391608623987,2.072636390642529,153.8580025,156.85123838580364,150.86476661419636,3.8909069884793834,0.3984372560004977,0.0,0.0,154.9340007,156.9579982,152.9100032,2.6127221795802926,0.08399140809215318,0.0,0.0,150.770004,157.839996,154.305,4.595140899479709,0.35077776608516603,1.506324909940678,0.9921990126973981,1.2035990382196997,-0.21140002552230164,154.31333550000002,153.59115546153845,154.29966989630537,153.30747088360798,19.103595982645196,20.47286494944614,19.716700689060115,0.9597870918095129,0.9182459999538075,0.041541091855705425,0.10831731755820714,24.653196418267306,-7.160152459478943,-1.7879954999999939,14.772534579299174,20.52554366373416,-5.7530090844349875,155.3949965,154.0649945,154.7299955,147.2050015,148.510002,144.449997,84.0,8.0,76.0,,157.839996,0.0,1.0,49.206827853080846,50.12234286453676,0.10793037429651625,0.2878692296235516,0.5281938629774364,14.30919689963544,41.60932748959124,35.0777766085166,45.827430450652024,-64.9222233914834,2.2331172911764554,152.60826444448827,0.47862311884020137,1.0565724968432177,2.458278149760446,-1.401705652917228,-0.48701298701299134,-0.48820275973087135,10.061759908727375
81,2018-09-27,153.559998,154.149994,152.179993,152.210007,146.584885,253500,-275616.5572914077,169000,-0.2537547344708763,-57295.95314249124,38.681036101206175,-749.9245936899454,-48.810639852410574,-3251.9705293108354,938.908771464641,154.19994429237326,2.0623728515782758,153.7005028,156.69252793038677,150.70847766961325,3.893318598027077,0.25092191157375904,0.0,0.0,154.94433396666668,156.97433126666664,152.91433666666666,2.6202923953794994,-0.17348044420223355,0.0,1.0,150.770004,157.839996,154.305,4.599849623914186,0.20367816540669176,1.6140720722866455,0.7520060342738191,1.1132804374305236,-0.36127440315670456,154.32500216666668,153.53154053846154,153.9781832968738,153.22617726259998,18.08495740646447,19.086111338646223,21.028735334293813,0.9826054338885386,0.9461128205457054,0.03649261334283316,0.10062899408750323,24.79433900589835,-55.38667689839036,-2.5704977999999983,13.227099830680988,19.017025491397217,-5.789925660716229,155.0099945,154.0649945,154.5374945,147.2050015,148.62750225000002,144.449997,80.0,4.0,76.0,,157.74219602000002,0.0,0.0,28.75926201783868,46.57089531986639,0.0,0.13049940490370274,0.31577315141691065,11.038366814593468,33.036945164336935,20.367816540669175,33.71052847961722,-79.63218345933082,1.5143516088235458,152.602516519697,0.09206286154769912,-0.3855528167666196,1.8895119564550327,-2.2750647732216525,-0.678625122349108,-0.6809382535652553,9.314853155887203
82,2018-09-28,151.979996,152.520004,150.350006,150.660004,145.092194,398400,-560188.6153301783,-229400,-0.2664033171503772,-137328.13057927843,30.995688632735593,-942.2870444334754,-146.40522638213423,-5777.348827463398,938.908771464641,154.02026730899712,2.0731353664204475,153.5380028,156.80706043498688,150.2689451650131,4.258304231357234,0.0598121658672532,0.0,0.0,154.58033403333332,156.62433123333332,152.53633683333334,2.644575990577469,-0.4589861554931086,0.0,1.0,150.350006,157.839996,154.09500100000002,4.878264575159634,0.041388306259418056,1.8578315679221393,0.4316038200185801,0.976945113948135,-0.5453412939295549,154.28583541666669,153.4484635,153.46769417427782,153.03609035425924,18.121304154361326,17.66656259215738,25.736925519750464,0.878532885463883,1.0158143833927171,-0.13728149792883415,0.08901374175280892,24.89523985976222,-127.83554085808427,-0.17800179999997567,10.178756086590832,17.395152697350486,-7.216396610759654,154.09500100000002,154.0649945,154.07999775000002,147.5250015,148.78750225,144.449997,76.0,100.0,-24.0,,157.51970789920003,0.0,0.0,15.260896821024618,41.81538678229983,0.0,0.03597679143217212,0.15144847531980885,6.668387079558793,31.116352586461694,4.1388306259418055,19.861474591709193,-95.86116937405819,0.410587994117634,152.43368908249437,-0.3109911893406109,2.298662477878479,1.971342060739722,0.32732041713875715,-1.0183318630292204,-1.023552333327249,8.201665175177197
83,2018-10-01,151.860001,152.25,149.550003,151.110001,145.525543,573000,-471055.3951821519,343600,-0.21771027934959386,-80874.35749652237,30.164630412074786,-252.0956099458121,-129.56946672248662,-2345.576063493978,938.908771464641,153.82194361356022,2.1358215297784025,153.4330025,156.8681385770809,149.99786642291906,4.477701695345402,0.1618763496009755,0.0,0.0,154.22966773333332,156.29666453333334,152.16267093333335,2.6804139960592845,-0.25463753338498996,0.0,1.0,149.550003,157.839996,153.6949995,5.40300513248446,0.1881784459890383,2.0155103482081587,0.21155507870727774,0.8238671068999636,-0.6123120281926858,154.09833541666669,153.45461749999998,153.10497214746584,152.89341706875857,18.525453485707892,16.065475108187787,26.08972705690158,0.8960866521021471,0.9950676705654335,-0.09898101846328644,0.07568360451709193,25.041617438199104,-121.9087270034479,1.8469965000000172,8.05437496139385,15.723839585365779,-7.66946462397193,153.6949995,153.6949995,153.6949995,147.5250015,148.78750225,144.449997,72.0,96.0,-24.0,,157.08952578524801,0.0,0.0,7.630448410512309,43.61551628495894,0.08179895118070075,0.027266317060233622,0.06458083779870287,3.669707762283051,30.758034105557947,18.81784459890383,14.441497255171603,-81.18215540109617,-0.41023570588237135,152.37239439041966,-1.4671361406681263,8.382714905902983,3.2536166297723748,5.129098276130608,0.29868378338819834,0.2982386095968792,8.524846002411458
84,2018-10-02,151.080002,151.309998,149.800003,149.919998,144.379532,298300,-721945.293161951,45300,-0.2575340597869479,-120032.00569701995,30.117892964813706,-174.63955246228483,-117.68001798954342,-637.6776008286777,931.5147919306903,153.74381114925302,2.0732388768005627,153.28950275000003,157.04494400703612,149.53406149296393,4.899802256076007,0.05138364317548348,0.0,0.0,153.72166756666667,155.72666336666666,151.71667176666668,2.6086053212120586,-0.4480492594215648,0.0,1.0,149.550003,157.839996,153.6949995,5.408063077561264,0.04463152140176576,2.212803963332715,-0.05818767962730931,0.647456149594509,-0.7056438292218183,153.65166866666667,153.3938481923077,152.6149761247788,152.6731638044061,18.900735007672562,15.233955309516187,24.739370192653265,0.9182178373183228,1.0056521000519636,-0.08743426273364074,0.060113725366646525,25.08352241802144,-135.85216781762344,0.6104912499999671,4.440070899254284,13.857873364927737,-9.417802465673454,153.6949995,153.6949995,153.6949995,147.5250015,148.78750225,144.449997,68.0,100.0,-32.0,,156.4863639624282,0.0,0.0,3.8152242052561545,40.08378656419763,0.0,0.027266317060233622,0.030169808517546488,0.0029173343572835605,30.590385900734653,4.463152140176576,9.139942455007402,-95.53684785982342,-1.1957954294117599,151.9432672769084,-3.4518296203750047,6.4688739899038605,3.896668101798672,2.5722058881051884,-0.7875077705809974,-0.790624989370059,7.67020440713142
85,2018-10-03,150.199997,151.669998,149.050003,150.970001,145.390717,571700,-455733.1165356594,617000,-0.2201956895470994,-17129.331297445373,32.04929180080471,-89.36488105650116,-147.77735425367806,1654.9112994663928,931.5147919306903,153.45789361877618,2.1279144891205055,153.2035027,157.0865288967246,149.32047650327542,5.069108901939728,0.21240192740857497,0.0,0.0,153.24666753333332,155.31166393333334,151.1816711333333,2.694996809050802,-0.05125193761434952,0.0,1.0,149.050003,157.839996,153.4449995,5.737462163128474,0.21842998054719617,2.3991292262024793,-0.18510056801332553,0.4809448060729421,-0.6660453740862676,153.40750258333335,153.2961561153846,152.361903028659,152.5470035966723,19.601857897899126,13.89054706927487,25.082113903254438,0.8827197962836436,1.0308805813251283,-0.14816078504148467,0.04494551826864186,25.217701468884034,-115.25433527076223,2.756504299999989,3.1508096445033997,11.989797527979938,-8.838987883476538,153.4449995,153.4449995,153.4449995,147.5250015,148.78750225,144.449997,64.0,96.0,-32.0,,155.93145508543392,0.0,0.0,1.9076121026280772,44.364586483864976,0.1803326231211996,0.08737719143396683,0.047303275184811394,-1.7953765639627288,34.365522413147914,21.842998054719615,15.041331597933338,-78.15700194528038,-1.9405300500000067,151.8544774466275,-1.9038291840349233,10.974963155821378,5.312327112603214,5.662636043218164,0.7003755429612513,0.6979343053813203,8.42430018585536
86,2018-10-04,150.509995,151.600006,149.289993,149.830002,144.292847,211900,-568561.8930403807,405100,-0.1909790982407177,-49191.68226923855,24.90142885059595,92.66106417509393,-221.03345737061449,2403.9556596426755,924.480772428457,153.19894796928205,2.1461243402084547,153.06650245,157.2136284674542,148.9193764325458,5.418724477367467,0.10978995617948718,0.0,0.0,152.6033341,154.7223328,150.48433540000002,2.777132901449486,-0.15439683846904095,0.0,1.0,149.050003,157.839996,153.4449995,5.742597406556218,0.08873715826622419,2.674963391815133,-0.37336442566035544,0.3100829597262826,-0.6834473853866381,152.89666883333334,153.14846396153845,151.97237979348068,152.34574421914104,20.25290058168094,12.817320947295546,23.144193121503783,0.8292355101260481,1.1006225864658907,-0.2713870763398426,0.029152950422160127,25.26271979853437,-113.77972471116863,2.033503550000006,-0.16900064330357262,9.79866029349435,-9.967660936797923,152.5550005,153.4449995,153.0,148.0599975,149.39999775,144.449997,60.0,100.0,-40.0,,155.24330987689052,0.0,0.0,0.9538060513140386,40.94422621864686,0.03624680967018565,0.07219314426379513,0.06227888425266523,-4.386780810854752,33.60323045834463,8.87371582662242,11.72662200717287,-91.12628417337758,-2.423646276470606,151.37840544590375,-3.9304980282541173,6.436325168020997,5.53712672368677,0.8991984443342274,-0.7551162432594682,-0.7579816799962558,7.605570683511553
87,2018-10-05,150.149994,150.600006,147.179993,148.059998,142.588257,143900,-638407.9526021419,261200,-0.201845142083845,-78550.52417363305,25.557415370888563,-3695.7055003474925,-497.3400306538923,-3300.041744615987,913.5594973615218,152.98242072841316,2.2735132061876104,152.85200205,157.5344113067018,148.16959279329822,6.126722835033731,-0.011702820843922873,0.0,1.0,151.79800066666667,154.07500106666666,149.52100026666668,3.0000400400530416,-0.3208173056681662,0.0,1.0,147.179993,157.839996,152.5099945,6.97406828633686,0.08255204055758801,3.049133838901649,-0.6578066340657358,0.11650504096787892,-0.7743116750336148,152.3100015,152.86769461538464,151.37047490217597,152.0282815362417,21.7457837871186,11.411550073782104,27.372420396491883,0.7685945618992709,1.1420848149638696,-0.3734902530645987,0.011301076522020564,25.4106732748019,-153.44626390382209,3.91800194999999,-4.985432648045926,7.212230620425924,-12.19766326847185,151.33499899999998,152.5099945,151.92249675,150.23999750000002,151.232498,145.1399995,56.00000000000001,100.0,-43.99999999999999,,154.62397918920146,0.0,0.0,0.4769030256570193,36.26878231817365,0.0,0.07219314426379513,0.07725449332051908,-8.172309542658022,34.236703739898964,8.255204055758801,12.990639312366945,-91.7447959442412,-2.831176876470579,150.5357331776075,-4.539012074570778,0.9654240300086903,4.6227861849511545,-3.657362154942464,-1.181341504620681,-1.188374789659985,6.334381415743273
88,2018-10-08,147.589996,148.380005,144.800003,145.800003,140.411789,364700,-799365.0496652166,-103500,-0.17881847323462838,-185074.7602202571,18.81335130575927,-2257.7429366578003,-678.7964616759182,-7266.748936790378,913.5594973615218,152.30444194789868,2.40416208556885,152.51600200000001,158.1193461704081,146.91265782959192,7.3478770711654136,-0.09928489092888283,0.0,1.0,150.93733423333333,153.3623357333333,148.51233273333332,3.2132560341249894,-0.5592428980628109,0.0,1.0,144.800003,157.839996,151.3199995,8.54991792926752,0.07668715773083615,3.5769722319156823,-1.0534483456760313,-0.11748563636090312,-0.9359627093151281,151.39583475,152.55577150000002,150.51347922491814,151.56692757059417,23.867076007711034,10.155881301645723,31.675633365504297,0.6934595876660835,1.216992482820745,-0.5235328951546615,-0.010076265045756665,25.664657227589345,-189.5428859967788,3.644001999999972,-10.321995269948605,4.260801937824936,-14.582797207773542,150.0550005,151.3199995,150.6875,151.3199995,152.52999875,145.1399995,52.0,100.0,-48.0,,153.73070084649729,0.0,0.0,0.23845151282850965,31.346787657975142,0.0,0.012082269890061911,0.05215618613921743,-13.19809840439136,34.22946431265238,7.668715773083615,8.265878551821611,-92.33128422691638,-3.5089116999999987,149.27541440742235,-6.997512738470044,1.961131270255699,4.0904552020120635,-2.1293239317563644,-1.5264048564960775,-1.5381743356225108,4.711288253688295
89,2018-10-09,145.089996,145.940002,142.809998,143.429993,138.129349,500800,-1101766.9032091764,-604300,-0.21172346049162072,-328192.79561736376,18.059705472559372,-1384.3792691725223,-791.5996999466781,-13707.40882424871,913.5594973615218,151.28576367997394,2.4767462770119635,152.0840013,158.94856953656492,145.2194330634351,9.027337757932735,-0.13033886486140905,0.0,1.0,149.897667,152.4746689,147.32066509999999,3.4383482432718755,-0.7548834364460439,0.0,1.0,142.809998,157.839996,150.324997,9.88269500507941,0.041250504491084326,4.2361550722625045,-1.540479563083835,-0.4020844217054895,-1.1383951413783455,150.3350005,152.17961711538462,149.42371211339227,150.9641916764761,26.308683036961924,9.202468260037517,34.670594442886525,0.6352346841491386,1.2882053122020316,-0.652970628052893,-0.035915294364394446,25.906001956193588,-204.2242185820956,2.6959976999999924,-16.972990006796667,0.733521428258731,-17.706511435055397,148.479996,150.324997,149.40249649999998,150.324997,152.52999875,145.1399995,48.0,100.0,-52.0,,152.48040314798766,0.0,0.0,0.11922575641425483,27.18096799103141,0.0,2.7755575615628914e-17,0.02809180471795239,-19.02990090504243,33.44366630932988,4.125050449108433,6.682990092650283,-95.87494955089157,-4.486382373529409,147.61139198362454,-8.151902327051678,5.860572734787766,4.444478708567204,1.416094026220562,-1.6255212285558152,-1.6388777648863595,3.0091840344303344
90,2018-10-10,142.770004,143.539993,139.630005,140.119995,134.941681,568500,-1527780.882791729,-1172800,-0.23871990241752344,-550127.2338148837,11.188815769255143,-1918.8866191711443,-979.6318346713251,-21260.138687680374,913.5594973615218,149.84386579203107,2.620070449310767,151.5335008,160.1564678899094,142.91053371009062,11.380938266964916,-0.16180849822308385,0.0,1.0,148.62366693333334,151.35566753333333,145.89166633333335,3.676400476951573,-1.0563085771894367,0.0,1.0,139.630005,157.839996,148.7350005,12.017138721050388,0.026907756297077656,5.047872954872798,-2.168546829564775,-0.7553769032773467,-1.4131699262874284,149.11333349999998,151.69230950000002,147.99237101902423,150.160917848589,29.144328417347577,8.170582315357507,39.902579718640226,0.5411829606566665,1.3925840928389477,-0.8514011321822812,-0.06781655971774642,26.184039068779235,-218.3186864101678,2.466499199999987,-24.748342168848403,-3.4859721272445348,-21.26237004160387,146.0750045,148.7350005,147.40500250000002,148.7350005,152.52999875,145.1399995,44.0,100.0,-56.0,,150.93313832430962,0.0,0.0,0.059612878207127414,22.653069190754337,0.0,2.7755575615628914e-17,0.004027423296687359,-25.87479003088785,27.849188155757016,2.6907756297077654,4.828180617299938,-97.30922437029223,-5.919029761764733,145.30656928048765,-9.471510592269752,10.005387033067679,5.556660373467299,4.44872665960038,-2.3077446570049065,-2.3347899856240417,0.6319950936514163
91,2018-10-11,139.339996,140.809998,134.020004,134.179993,129.221191,471900,-1977442.627765289,-1644700,-0.3587050482583649,-871978.6209556141,11.362443043799132,-6000.055393094315,-1416.1897361429435,-33124.43162817389,874.8316538339337,147.95181211576795,3.037062804379691,150.57450039999998,161.986707038581,139.16229376141897,15.15821949701254,-0.21828822940234047,0.0,1.0,146.97266696666668,150.18666686666668,143.75866706666665,4.37360220282177,-1.4901484699278607,0.0,1.0,134.020004,157.839996,145.93,15.81940629835888,0.00671658495939024,6.1743603174406205,-3.1097558522542386,-1.226252693072725,-1.8835031591815135,147.46166624999998,150.98038607692308,145.86738978532819,148.97714563758242,32.42067701127396,6.754201512488262,47.307974299768944,0.45183706314980476,1.4203076673439765,-0.9684706041941717,-0.10992037222090469,26.628532384686693,-243.16225987374102,2.6754996000000233,-36.21483783133562,-8.64081589590303,-27.57402193543259,143.135002,145.93,144.532501,145.93,152.732498,145.1399995,40.0,100.0,-60.0,,148.8985743259339,0.0,0.0,0.029806439103563707,17.136227180886053,0.0,2.7755575615628914e-17,6.47630097698008e-17,-34.56343485175409,23.428298136714123,0.7259031014255081,2.5139097267472352,-99.27409689857448,-8.104588344117644,141.55367090402314,-12.870134415584419,10.902096625813021,6.625747623936444,4.276349001876577,-4.239225101314048,-4.331703267957376,-3.634021702311774
92,2018-10-12,136.320007,136.850006,132.929993,136.490005,131.445862,538100,-1538177.2684157183,-1106600,-0.3277477263895271,-569836.3240762408,10.81303169667315,-1839.44224215193,-1418.4671125446234,-10741.097007411305,874.8316538339337,146.42679168545325,3.125357823941723,149.6350007,162.36111873874523,136.90888266125478,17.00954720381169,-0.01645740122712563,0.0,1.0,145.39733329999999,148.7863347,142.0083319,4.661710532210976,-0.8141523488305447,0.0,1.0,132.929993,157.839996,145.3849945,16.647176718996075,0.1429149566943046,6.873274390318829,-3.6274570540507796,-1.7064935652683362,-1.9209634887824434,146.065,150.36192446153848,144.42471520297,148.05217225702077,35.5567419828004,6.097071762907539,45.41061852828164,0.49928554785719836,1.4573806094445587,-0.9580950615873604,-0.15396754858149955,26.877493076104294,-201.97737885095262,2.575006299999984,-45.963190397259986,-14.642767602420122,-31.320422794839864,142.2999955,145.3849945,143.84249499999999,145.3849945,152.90499875,145.1399995,36.0,96.0,-60.0,,145.92286026074711,0.0,0.0,0.014903219551781853,24.80562358712214,0.21492874976033405,0.07164291658677804,0.023880972195592737,-37.97600779886604,28.25858710128034,15.780186641744695,6.398955124292656,-84.21981335825531,-10.42620602058821,140.5003222068055,-10.936375203915173,12.675088691376441,7.835615837424443,4.839472853951998,1.721577075950509,1.706925853481156,-1.9750071109233325
93,2018-10-15,135.529999,136.369995,135.039993,135.179993,130.595673,329100,-1797993.1620760344,-1435700,-0.33537050971614657,-550020.413379635,16.222571445783146,329.3662458185899,-1378.4980517770523,6105.150421770579,866.4351418365732,145.44971793197675,2.9578232415475494,148.69900065,162.72045249755413,134.67754880244584,18.858838036924155,0.017916981886643913,0.0,0.0,143.85333253333334,147.10533443333333,140.60133063333333,4.5212743323085,-0.8335385095152226,0.0,1.0,132.929993,157.839996,145.3849945,16.75196396150092,0.09032515973603047,7.546507647792047,-4.096227248574536,-2.1844403019295764,-1.9117869466449595,144.64583216666668,149.70153934615385,143.00245024866692,147.09867749724145,38.46880231350353,5.8695864355603815,43.716321688315176,0.5468448800677129,1.4541106164704583,-0.9072657364027453,-0.19891087285642106,26.961671015229935,-161.12793870932305,1.9610033499999986,-56.22024947062291,-21.382803199073145,-34.837446271549766,142.2999955,145.3849945,143.84249499999999,145.3849945,153.10250100000002,145.1399995,32.0,92.0,-60.0,,143.3242868085977,0.0,0.0,0.007451609775890927,23.47849657814332,0.192270877180024,0.1357332089801194,0.06912537518896586,-41.026879726674636,27.770929586606652,10.053617056832646,8.85323560000095,-89.94638294316735,-12.10511940294117,139.23324044230776,-11.188498270025041,9.851543644922604,8.238801398924075,1.612742245998529,-0.9597860297536065,-0.9644216611424561,-2.915837298339652
94,2018-10-16,135.559998,137.800003,135.169998,136.800003,132.160767,550700,-1666075.6358736109,-885000,-0.3359115977528469,-343997.56761111517,24.736230549548324,372.5115298769758,-1322.1417715937548,3440.985788726946,866.4351418365732,144.1480050938494,2.9250414173927957,147.74100045,162.2566072493203,133.2253936506797,19.65007243095367,0.12312986286896672,0.0,0.0,142.47799936666667,145.84200226666667,139.11399646666666,4.722136631554957,-0.343934523163856,0.0,1.0,132.929993,157.839996,145.3849945,16.860589087746373,0.15535967619112712,7.99443669808069,-4.287585124642163,-2.605069266472094,-1.6825158581700692,143.49083208333332,149.09692392307693,142.04822759502585,146.335812719668,40.2408424557363,9.164331201155202,40.7467442304139,0.5749229102900185,1.412965390905682,-0.8380424806156636,-0.24018333575965412,26.978437392578684,-125.10243681301232,3.3690005500000098,-65.0855055909522,-28.964616003012654,-36.120889587939544,142.2649995,145.3849945,143.824997,145.3849945,153.10250100000002,145.1399995,28.000000000000004,88.0,-60.0,,141.24542804687815,0.0,0.0,0.0037258048879454633,28.568074856421205,0.3883803826684207,0.2651933365362596,0.15752315403438572,-41.51234712065857,31.018947080935543,18.23755804724047,14.690453915272604,-81.76244195275953,-13.174295670588236,138.83054868954008,-9.199522522248163,11.78106249712649,8.947253618564558,2.833808878561932,1.1984095900937186,1.1912855228875863,-1.75237138206078
95,2018-10-17,136.669998,138.160004,136.259995,137.360001,132.701752,651900,-1563143.5151836441,-233100,-0.2962022578636534,-242703.24420952663,33.44746861448425,211.3061244042003,-1253.4824345870297,9268.228514650777,866.4351418365732,143.0633608063363,2.822538175653514,146.8540002,161.62822777228504,132.07977262771496,20.120973963479464,0.178697273561368,0.0,0.0,141.14766596666666,144.4396702666667,137.85566166666666,4.664624494431886,-0.07528250595946202,0.0,1.0,132.929993,157.839996,145.3849945,16.96242728565457,0.17784052454750857,8.319904915234389,-4.343975812448491,-2.9528505756673735,-1.3911252367811175,142.34499874999997,148.53115446153845,141.3269619650219,145.67093777747039,41.65692749345891,9.655398347424574,38.70142201815756,0.6184587654273764,1.3774968043558857,-0.7590380389285093,-0.2761517332702704,26.928120699065524,-101.99182682191335,3.065997799999991,-73.74386134631953,-37.13960052556998,-36.60426082074955,141.7649995,145.3849945,143.574997,145.3849945,153.10250100000002,145.1399995,24.0,84.0,-60.0,,139.58234103750252,0.0,0.0,0.0018629024439727317,30.293999900907153,0.483237810020436,0.35462968995629357,0.25185207849089086,-41.287571579412756,33.23798886530669,22.613606495677896,16.968260533250337,-77.3863935043221,-13.535913173529394,138.56205016791736,-9.099331552515839,14.765333912013269,10.1108696772543,4.654464234758969,0.40935525418082097,0.408519675108554,-1.3501895522051943
96,2018-10-18,136.160004,136.169998,133.899994,134.369995,129.813156,550300,-1885565.898844644,-783400,-0.33229847357555325,-443088.5381510246,32.927007171613326,-897.1954652033447,-1250.2616074991633,-9310.157199780879,847.5748749914803,141.8344942149844,2.8862850580881645,145.73399975,160.72615927490068,130.74184022509934,20.57469025844214,0.12100173990526854,0.0,0.0,139.60499883333333,142.89300223333333,136.31699543333335,4.710437917664193,-0.2960764020702292,0.0,1.0,132.929993,157.839996,145.3849945,17.09278757375217,0.05780818252009009,8.769362927553946,-4.577171550046671,-3.2777147705432332,-1.299456779503438,141.04916516666665,147.88653869230768,140.2566593550185,144.83383090506518,43.31963943996497,8.790094983175244,41.34575898981396,0.5942762074548403,1.3471030853024457,-0.7528268778476054,-0.31045156252615375,26.84924661760166,-111.14667858212421,5.236001249999987,-83.25644260502474,-45.83637940967874,-37.420063195346,140.654999,145.3849945,143.01999675000002,145.3849945,152.862503,145.33499899999998,20.0,80.0,-60.0,,138.251871430002,0.0,0.0,0.0009314512219863658,26.59862107770897,0.34751979697093544,0.4063793298865974,0.34206745212638356,-42.380769034687056,32.38833109239986,7.453423800519287,16.101529447812553,-92.54657619948071,-13.439414055882366,137.73035942045118,-10.372200645306842,14.980364538765556,11.084768649556551,3.8955958892090052,-2.176766146063158,-2.20080721927296,-3.497565229188271
97,2018-10-19,134.509995,134.809998,132.619995,132.860001,128.354355,309400,-2127150.5977697084,-1092800,-0.31974422134660685,-446531.9103580201,34.675014392955234,-934.3254250156795,-1298.9923085755822,-15455.65234755871,838.050181805417,140.5418464376911,2.81665685227935,144.5689996,159.7592465256055,129.37875267439452,21.014528657782165,0.11458827307597329,0.0,0.0,138.0866654,141.2516678,134.921663,4.584081150532303,-0.3256967514463781,0.0,1.0,132.619995,156.059998,144.33999649999998,16.213713219884532,0.010239162512053526,9.287039931955531,-4.828168625942141,-3.5878055416230152,-1.2403630843191253,139.5399985,147.09807715384616,139.1187119157849,143.94688054172704,45.03009530843587,8.284045388053016,42.330305769996045,0.5782343613633545,1.3766924109131755,-0.798458049549821,-0.34364930903695806,26.739292475803797,-109.73375453861658,5.261002399999995,-91.99991067000184,-54.91170334301799,-37.08820732698385,139.27999849999998,145.2299955,142.254997,145.2299955,152.55750275000003,145.33499899999998,16.0,100.0,-84.0,,138.160004,0.0,0.0,0.0004657256109931829,24.94379370039927,0.2867439213885733,0.3725005094599816,0.37783650976762423,-43.81538749403167,32.22860779142149,1.259873817342823,10.442301371180003,-98.74012618265716,-13.091767449999963,136.7743900555157,-11.995760667710393,10.85231982928,11.038278885501242,-0.18595905622124143,-1.1237583211936353,-1.1301201912815806,-4.582019370079726
98,2018-10-22,133.169998,134.559998,132.330002,133.550003,129.02095,592100,-2071390.6086934968,-500700,-0.293290906088839,-324377.3254211607,42.2570200152065,-101.68740331261259,-1293.7814407791775,-401.8654855371374,838.050181805417,139.42381305843168,2.7579907670514148,143.5074998,158.6622756090996,128.35272399090042,21.120534927052766,0.17147330566180052,0.0,0.0,136.80199846666665,139.83200026666668,133.77199666666667,4.429762480024445,-0.036632596499886906,0.0,1.0,132.330002,155.490005,143.91000350000002,16.138531458130796,0.05267706571540586,9.715735733342846,-4.914753997359469,-3.853195232770306,-1.0615587645891629,138.18333191666667,146.26230807692306,138.2619874672026,143.17674146456207,46.65569529985226,7.7921200355133875,40.588854905307954,0.572806685081282,1.3546157062643966,-0.7818090211831147,-0.3732687148287983,26.57798997824642,-97.73861705193815,4.552498200000002,-99.4641780082594,-64.07739089873607,-35.386787109523326,137.9349975,145.084999,141.50999825000002,145.084999,152.925003,145.625,12.0,96.0,-84.0,,137.05200219999998,0.0,0.0,0.00023286280549659146,27.173475907229445,0.3686321535078783,0.33429862395579574,0.3710594877674583,-44.22344089440755,41.14461976164346,6.308176072011583,5.007157896624564,-93.69182392798842,-12.980825102941196,136.2820524304918,-10.865646921635896,12.39224827144285,11.309072762689564,1.0831755087532873,0.5193451714635922,0.5180012255651789,-4.086470694970168
99,2018-10-23,130.559998,131.630005,128.649994,129.410004,125.02137,800800,-2463724.9969893848,-1301500,-0.2967060249709603,-751653.593103854,31.896229090553263,-1229.887343282415,-1375.2473309381712,-21749.450873058908,838.050181805417,137.29781221518508,2.9721925903462743,142.278,157.81344065252333,126.74255934747666,21.83814876864074,0.08585030551064772,0.0,0.0,135.38566546666667,138.40066796666665,132.37066296666666,4.453946419818454,-0.49098781289015125,0.0,1.0,128.649994,155.309998,141.979996,18.73796651625692,0.02850749759827469,10.328854087154609,-5.256839276990036,-4.133924041614252,-1.1229152353757836,136.62916575,145.32038538461538,136.90014385686374,142.15698313385377,48.57718509199214,6.832084241602261,44.84108895665837,0.5187691122588471,1.366869424986448,-0.8481003127276008,-0.40402801654388576,26.462633839097172,-117.09846765926376,3.522003000000012,-107.39521167168971,-73.26037639905176,-34.13483527263794,134.729996,143.24499500000002,138.98749550000002,143.24499500000002,153.0250015,145.625,8.0,100.0,-92.0,,136.10760215999997,0.0,0.0,0.00011643140274829573,22.79747268693319,0.23778753926644938,0.297721204720967,0.3348401127122482,-46.10016166939398,29.580569427849497,3.311588682393689,3.626546190582698,-96.68841131760631,-13.592619376470594,135.12241075826805,-12.596240883374874,16.581924713757896,12.363643152903231,4.218281560854665,-3.0999617424194437,-3.149027227637635,-7.0597534092303516
100,2018-10-24,131.309998,133.889999,127.050003,127.129997,122.818672,916700,-3358983.317842204,-2218200,-0.3469410620635692,-942857.7107890155,29.103483394432644,246.23202138038158,-1364.277976852079,-40975.35023090372,838.050181805417,135.92283134123574,3.358972931311645,140.97199985,156.9827091684055,124.9612905315945,22.714736735580903,0.0677267454325841,0.0,0.0,134.21166566666665,137.51966896666667,130.90366236666665,4.929531696918056,-0.5703841599351847,0.0,1.0,127.050003,154.149994,140.5999985,19.223669259736326,0.0029518090983867585,10.934307353359554,-5.646828709441451,-4.436504975179692,-1.2103237342617588,135.07333191666666,144.21153884615384,135.39704434042315,141.0438730498646,49.048724299118,10.927757215114543,37.83372673361704,0.5255215729572946,1.2875865210146458,-0.7620649480573511,-0.4366284825555869,26.602250115256826,-111.08807176487556,2.457993149999993,-115.37066214602254,-82.05546798957253,-33.315194156450005,132.6050035,142.4449995,137.5250015,142.4449995,153.135002,146.129997,4.0,100.0,-96.0,,134.61608052799997,0.0,0.0,5.8215701374147865e-05,20.80989983844306,0.19201160698067737,0.2661437665850017,0.29938786508725485,-48.32488656510719,24.089026798704253,0.33967723910693015,3.3198139978374,-99.66032276089307,-14.268413091176484,133.84680671877857,-12.805216471771953,20.742768968964782,14.039468316115542,6.70330065284924,-1.7618475616459905,-1.7775528378951577,-8.697218877577594
101,2018-10-25,128.990005,130.889999,126.199997,126.860001,122.557831,727200,-3881511.802222381,-2945400,-0.3581042807844531,-836212.4794191569,27.13978681216311,-1241.5109900998355,-1188.9783689772466,-17695.268584026202,836.2703485463417,134.95743834165376,3.4920758381804804,139.70449954999998,155.96757817012193,123.44142092987803,23.28211141732256,0.10510248858700803,0.0,0.0,133.37633239999997,136.4743365,130.27832830000003,4.645508006186536,-0.5516983176361917,0.0,1.0,126.199997,152.520004,139.3600005,18.839770433149237,0.025076133148444854,11.37575545333795,-5.909562803704631,-4.731116540884679,-1.1784462628199517,133.69249925,143.12538480769228,134.0836530572811,139.99321586098574,49.618247049295654,9.79722401980789,35.79463124023603,0.5616040010817505,1.319255777407379,-0.7576517763256285,-0.4688001912090451,26.790087344479105,-113.16486538304248,0.41549545000000876,-120.24643683069122,-90.30916203773157,-29.937274792959656,132.1800005,142.0199965,137.0999985,142.0199965,153.239998,146.234993,4.0,100.0,-96.0,,133.889999,0.0,0.0,2.9107850687073932e-05,20.58107131305792,0.2424143746987179,0.22407117364861492,0.2626453816515279,-50.11698468046486,20.59840373366245,2.9756707030944276,2.2089788748650157,-97.02432929690556,-14.86332426470591,133.1587163283886,-11.552668764335783,20.794936432561,15.390561939404634,5.404374493156364,-0.21237788592097795,-0.2126037275682613,-8.891125793912458
102,2018-10-26,125.220001,130.160004,125.099998,127.370003,123.05056,492300,-3932103.4479239862,-2453100,-0.3317736200440612,-680885.8417021345,26.901157010219535,-940.4611639207773,-1094.8868137817449,434.73023824649295,839.6323188044007,133.98287372973073,3.648868854362431,138.5399995,154.8337661061616,122.2462328938384,23.522111541745165,0.1572309899242086,0.0,0.0,132.5883324333333,135.80033583333335,129.37632903333332,4.845077000444275,-0.3123169224125532,0.0,1.0,125.099998,152.25,138.674999,19.597229751686264,0.08360975443022058,11.613167039407013,-6.007379238768863,-4.986369080461516,-1.0210101583073463,132.62999991666666,141.99461553846152,133.0507838176994,139.05816305646826,50.313500693159924,8.745936976391981,34.28640669298973,0.5979282427713241,1.2822971295466348,-0.6843688867753107,-0.4979412078050638,27.007926332787626,-108.62282278408088,-4.360006499999997,-125.53958751226801,-98.01131070902547,-27.528276803242548,131.630001,141.469997,136.549999,141.469997,153.779999,146.774994,4.0,96.0,-92.0,,133.889999,0.0,0.0,1.4553925343536966e-05,22.318695740398923,0.39387126300085223,0.27609908156008256,0.2554380072645664,-51.01930103212256,22.215361388526354,10.892536297017978,4.735961413073112,-89.10746370298202,-15.325470511764678,132.18404237633436,-9.099338035231868,17.47182162221749,15.806813875967206,1.665007746250284,0.40201954594025757,0.40121360666383055,-8.524850311517874
103,2018-10-29,129.270004,129.789993,123.470001,125.010002,120.770584,294100,-4082875.9582372904,-2747200,-0.36540615141588134,-682770.1920446866,27.810914727746265,-2148.9348112777793,-1149.4979239321203,-3470.149427625719,824.0750206546103,133.03743247738385,3.9159811689261894,137.23499955,153.47340802084676,120.99659107915323,23.665112433553055,0.12357771785492855,0.0,0.0,131.64433293333332,135.35533533333333,127.93333053333333,5.637921993769844,-0.39387316663192323,0.0,1.0,123.470001,151.669998,137.5699995,20.548691727670864,0.05460997034857855,11.747332017016415,-6.203818072636636,-5.2298588788965406,-0.9739591937400958,131.865834,140.79653853846153,131.81374046113027,138.0175585337669,51.19025997247003,7.642818853085337,33.214903449348704,0.6271094676229708,1.2295255046222031,-0.6024160369992323,-0.5261642345916202,27.264190993603886,-116.00569706491312,-0.7449945500000013,-131.09202117638773,-105.34536799629608,-25.746653180091656,130.8150025,139.7649995,135.290001,140.6549985,154.18499725,146.9399945,4.0,100.0,-96.0,,132.1319988,0.0,0.0,7.276962671768483e-06,20.124469881122778,0.22710855125881313,0.2877980629861278,0.2626561060649418,-52.48351261141509,23.134646126549672,7.67315203713087,7.180453012414425,-92.32684796286912,-15.935676950000015,130.8807040227498,-6.83409709225428,11.852801774965025,15.01601145576677,-3.163209680801746,-1.852870333998502,-1.8702510053902444,-10.219766223076476
104,2018-10-30,125.529999,126.5,124.470001,125.25,121.002434,435100,-4183613.660620394,-2312100,-0.34543451557282984,-570314.0032097314,28.516388836302653,-534.2086302007616,-1050.592353291379,-4613.973452710641,824.0750206546103,132.00582296665664,3.727382952033571,136.00149964999997,151.94345772798613,120.0595415720138,23.443797486075983,0.16279237476962036,0.0,0.0,130.52599949999998,134.1770013,126.8749977,5.594290507616459,-0.22254134467969766,0.0,1.0,123.470001,151.669998,137.5699995,20.735063269576234,0.06312053862984468,11.662575781934514,-6.2678792208506025,-5.437462947287353,-0.8304162735632499,130.92916691666667,139.66076934615384,130.80393423634098,137.07181345719158,52.00439358897228,7.323307055266184,31.826338088911466,0.6910491873715298,1.2538131057900466,-0.5627639184185168,-0.5514491472101168,27.3864634933809,-117.90875306956801,-0.821506649999975,-136.11341949165197,-112.27531890133302,-23.838100590318945,129.8199995,139.480003,134.65000125,140.6549985,154.18499725,146.9399945,4.0,96.0,-92.0,,130.39959924,0.0,0.0,3.6384813358842415e-06,20.975324493429454,0.29177410145577015,0.30425130523847854,0.28938281659489634,-53.40347961457792,24.434809319388457,10.265278592608768,9.610322308919205,-89.73472140739123,-16.095941397058795,129.40595921900612,-8.23503889533889,9.271245728447521,13.867058310302921,-4.5958125818554,0.1919830382852039,0.19179898637817772,-10.047403402491973
105,2018-10-31,126.690002,128.490005,126.220001,126.82,122.519196,962000,-4637069.148804558,-1350100,-0.4016074563961867,-273077.7170369136,38.412507848769216,441.2591637224528,-590.4984563758953,12893.920993990067,824.0750206546103,131.18502113199506,3.678645156830213,134.7939996,149.63861419617155,119.94938500382847,22.02563117085746,0.23141776270646572,0.0,0.0,129.51766636666667,133.20566766666667,125.82966506666666,5.694977995602871,0.1342644501417785,0.0,0.0,123.470001,151.600006,137.53500350000002,20.86888517550896,0.11908988284929191,11.294635951131873,-6.121398590866079,-5.574250076003098,-0.5471485148629807,130.23250083333332,138.61538473076922,130.1910212769039,136.31241986777,51.58380250171841,10.949912566516547,29.692714633879724,0.7951235561016117,1.1596534089405408,-0.36452985283892914,-0.5707010252262471,27.37168141787505,-93.50527693340013,2.0060033999999973,-139.68239139633985,-118.54486876703469,-21.137522629305167,129.1399995,139.3899995,134.2649995,140.6549985,154.36249525,147.2050015,4.0,92.0,-88.0,,129.789993,0.0,0.0,1.8192406679421208e-06,26.49171033521678,0.6261096079864866,0.3816640869003567,0.324571151708321,-52.55166131458042,26.132898049183133,22.804617534795597,13.58101605484508,-77.19538246520442,-15.981294099999971,128.88748225977406,-6.1843419388252245,14.708282086967447,14.035303065635826,0.6729790213316207,1.2534930139720402,1.2457018306911927,-8.919853888255746
106,2018-11-01,127.400002,132.320007,126.400002,131.960007,127.484894,586100,-4122251.5210322873,-764000,-0.3294815939616257,196298.82863978806,45.4048472941328,2025.1866413594169,-314.4535361250849,35813.200670929014,857.474731857022,130.83830311749495,3.902781141147192,133.90049985000002,147.07468841980116,120.72631128019887,19.67757937357863,0.4263524717397712,0.0,0.0,129.05900066666666,133.11200206666666,125.00599926666666,6.280850431297052,0.8578837072858312,0.0,0.0,123.470001,150.600006,137.03500350000002,20.26131719477671,0.3129378708186744,10.928790060670668,-5.526845987990839,-5.564769258400647,0.037923270409807586,129.82916783333332,137.79653884615385,130.463172926611,135.99001891460185,49.38200695628509,17.213524579689,26.232297100384177,0.8269011154473835,1.0062426544237209,-0.1793415389763373,-0.5771608523622805,27.46075416001277,-51.903767161979715,3.459501149999994,-136.69295880223225,-123.5107630039492,-13.182195798283061,129.0149995,138.8099975,133.9124985,140.6549985,154.7299955,147.2050015,8.0,88.0,-80.0,123.470001,,1.0,0.0,50.000000909620326,41.01009642885349,1.0,0.6392945698140856,0.441736653984307,-46.811562719680886,35.082019210350744,57.79444701270653,30.288114380036962,-42.20555298729347,-15.07638097647056,128.94950437986074,-3.5380086943419244,13.372881823098359,13.902818817128333,-0.5299369940299741,4.052994007254385,3.973014113487139,-5.228381024548234
107,2018-11-02,133.25,134.990005,132.809998,134.119995,129.571609,598200,-4001517.8612779905,-165800,-0.2992090666081715,352842.54191981815,47.15582816672018,1654.5010431258693,-219.8010506031363,33546.23741166886,857.474731857022,130.87743660396367,3.8155028270324736,133.2034997,144.67203777982883,121.7349616201712,17.219574719370247,0.5399569366915182,0.0,0.0,129.11333413333332,133.16533593333332,125.06133233333333,6.276658917065159,1.1178009183839288,1.0,0.0,123.470001,148.380005,135.925003,18.700712861225234,0.42753883138677884,10.483557994549423,-4.825737686729724,-5.416962944066462,0.5912252573367383,129.55916733333333,137.10076915384616,131.02576093790162,135.85149862463135,46.34321028305309,21.493328506449576,24.648929980268754,0.8975018971333446,0.9527917066617444,-0.05528980952839979,-0.5706769753629368,27.435318991197327,5.480921588379209,1.1664952999999798,-132.6496561204269,-127.19803834974557,-5.451617770681324,129.230003,137.9950025,133.61250275,140.6549985,154.5374945,147.2050015,4.0,84.0,-80.0,123.64700112,,0.0,0.0,75.00000045481016,45.85016457038712,1.0,0.8753698693288289,0.6321095086810904,-40.4126784749692,42.64665536980057,72.49824251227177,51.032435686591306,-27.501757487728224,-13.208704464705903,129.00511212255267,-2.3587696392052457,12.338760460363899,13.590007145775447,-1.251246685411548,1.6368504739469936,1.6235984911221912,-3.677111330181304
108,2018-11-05,134.289993,135.360001,132.800003,133.940002,129.397736,377700,-4042828.8310521897,-543500,-0.2882310300708231,292724.5564884158,45.956285858100415,122.00183214165092,-237.69460044137386,9284.754964360476,856.3239754063441,130.64185063760513,3.689952344329227,132.61049965,142.53495819953724,122.68604110046277,14.967832224040995,0.566981102463367,0.0,0.0,129.16866756666667,133.25366956666667,125.08366556666665,6.325066406513258,1.0840063766594628,1.0,0.0,123.470001,145.940002,134.70500149999998,16.94436040834267,0.4659546299085611,10.150193879748825,-4.235800565380089,-5.1807304683291875,0.9449299029490987,129.52333458333334,136.45769215384615,131.47410571668598,135.70990628206607,43.39241407410424,21.12680480284635,23.365695613239488,0.8947949720457182,0.9722271784866748,-0.07743220644095661,-0.5548278134717135,27.311834945231354,17.37865784293138,0.24950135000000273,-128.4173356889346,-129.53382990721724,1.1164942182826394,129.41500100000002,137.8600005,133.63750075000002,140.6549985,154.07999775000002,147.5250015,8.0,80.0,-72.0,124.1007212752,,0.0,0.0,87.50000022740508,45.51503126065695,0.9869728178858459,0.9956576059619486,0.8367740150349544,-35.523433058018334,45.566144946151816,71.27296706474468,67.18855219657434,-28.727032935255334,-11.098850626470579,129.03435162497962,-0.32000670983131024,8.344539604157937,12.540913637451945,-4.196374033294008,-0.13420295758287404,-0.13429309040162707,-3.8063794956054497
109,2018-11-06,133.5,134.949997,133.429993,134.460007,129.900131,467500,-3876736.360242906,-76000,-0.24733009412316984,285635.66806149913,44.590709228382465,35.76252405817814,-250.23342903751828,1308.1246413192578,856.3239754063441,130.31956970660747,3.472957509896304,132.16200035,140.82006706437005,123.50393363562993,13.102202889546472,0.6327089941560468,0.0,0.0,129.60700070000001,133.546002,125.66799940000001,6.078377369626124,1.1160198906255763,1.0,0.0,123.470001,143.539993,133.504997,15.185902110174904,0.547583975120667,9.854557562179238,-3.6838460051730237,-4.881353575697955,1.1975075705249312,129.65666841666666,135.81730776923078,131.93347514488815,135.61732115006117,40.65238902293744,20.446176803135284,22.61293878060409,0.8855342709634112,0.9862936890929096,-0.1007594181294984,-0.531493263600619,27.175236180234887,32.76630156106342,1.3880026500000042,-122.33430915705144,-130.30756846399822,7.973259306946787,129.41500100000002,137.5699995,133.49250025,140.6549985,153.6949995,147.5250015,4.0,76.0,-72.0,124.776278058688,,0.0,0.0,93.75000011370254,46.726533554807695,1.0,0.9956576059619486,0.9555616937509087,-31.20244466587264,47.27714960634778,86.53550075641748,76.76890344447797,-13.46449924358252,-8.733439858823488,129.41301051870695,1.2042796838455383,6.342358662418407,11.30120264244524,-4.958843980026833,0.38823726462240415,0.387485568701873,-3.432920014617935
110,2018-11-07,135.5,139.110001,134.559998,138.539993,133.841721,416600,-3564516.657486666,340600,-0.18402354349508815,487648.025138429,50.82203445935147,2888.809027847712,20.195463323271497,14456.107524710675,882.3078341690633,130.379523451286,3.5906611589066757,132.08300025,140.47388682092253,123.69211367907747,12.705475428390766,0.8847622474349632,0.0,0.0,130.4116671333333,134.1216691333333,126.70166513333334,5.689678050364728,1.5954611165528632,1.0,0.0,123.470001,140.809998,132.1399995,13.128106544505913,0.869088500995704,9.399276547588773,-2.883952853954696,-4.481873431349303,1.597920577394607,130.07250091666666,135.37961526923075,132.94986250721306,135.83381536116775,38.74469712334836,27.068517361817012,20.443155905761596,0.967742247658649,0.8948894297893071,0.07285281786934195,-0.4973715835196379,27.085631325154893,97.50413060086967,-2.6729962500000113,-112.287087177525,-129.4231962803131,17.13610910278811,131.29000100000002,137.5699995,134.43000025,140.6549985,153.6949995,147.5250015,4.0,72.0,-68.0,125.41130143516672,,0.0,0.0,96.87500005685126,55.15253078368554,1.0,0.9956576059619486,0.9956576059619486,-24.434931049839065,57.99684201966649,96.35544757033247,84.72130513049821,-3.6445524296675247,-6.255381720588218,131.4116447572836,3.7364207322406466,3.9184020084172975,9.824642515639653,-5.906240507222355,3.034349090878763,2.9892232966552967,-0.5027377009933276
111,2018-11-08,138.190002,139.520004,135.809998,136.529999,131.899902,313400,-3756273.5585806267,27200,-0.163056376744185,327993.7187472246,50.73702070539154,982.5496314642545,157.11511021469533,8094.164925647438,869.5069568597017,130.53252001295354,3.602595643016007,132.20050055,140.76948158754917,123.63151951245081,12.963613604939834,0.7526262125583079,0.0,0.0,131.3420006,134.954003,127.7299982,5.500148289959886,1.2181609846106418,1.0,0.0,123.470001,139.520004,131.4950025,12.14065221631266,0.8137068884036971,8.844111269761838,-2.3847317827271866,-4.06244510162488,1.6777133188976938,130.66583383333332,134.82423057692307,133.50065273687258,135.88538451959977,37.088927622661515,25.848550833498535,18.886085917083975,1.0132277930815177,0.8664902351869073,0.1467375578946104,-0.45912814281168157,27.017085655452192,93.34157530045916,-5.070503549999984,-101.63587697721267,-126.7672284430847,25.13135146587203,131.4950025,137.53500350000002,134.515003,140.6549985,153.4449995,147.5250015,4.0,68.0,-64.0,126.50719740035338,,0.0,0.0,98.43750002842563,50.88278516154129,0.8781049960481295,0.9593683320160432,0.9835611813133135,-20.14109320820437,54.831868424731454,81.37068884036971,88.08721238903989,-18.629311159630287,-4.02805897941181,132.130395254956,5.501889173884901,0.2858590099265754,7.9168858144970375,-7.631026804570462,-1.450840263865183,-1.4614678695271444,-1.9462840438708606
112,2018-11-09,135.570007,136.529999,133.910004,135.529999,130.933807,294000,-3686701.4677941925,-266800,-0.20145184332018842,239137.47321190685,44.83902665440998,-2178.872947279784,8.744714217040253,-6700.3062878058445,863.1383421726123,130.48868802521142,3.504335578714408,132.15250025,140.63515090926174,123.66984959073827,12.837669576004462,0.6990827446319682,0.0,0.0,132.1200005,135.48800179999998,128.7519992,5.098397346736293,1.0062347363108242,1.0,0.0,123.470001,139.520004,131.4950025,12.145061931962958,0.7514016040993889,8.309352475167184,-2.0461998120192675,-3.659196043703758,1.6129962316844906,131.36583399999998,134.27423046153848,133.8128598542768,135.85905966629608,34.8428388932314,24.43324013170146,21.822700366263525,0.9849363309786823,0.9153967553236853,0.06953957565499702,-0.4201698456131871,26.832854454114674,56.3089003608399,-5.292499250000006,-91.97026718358485,-122.42036688832884,30.45009970474399,131.9950025,137.03500350000002,134.515003,140.6549985,153.0,148.0599975,4.0,64.0,-60.0,127.80847806031804,,0.0,0.0,99.21875001421282,48.856283762108674,0.82025133965905,0.8994521119023933,0.9514926832934617,-17.286326362815664,56.199292912208946,75.14016040993889,84.28876560688036,-24.859839590061107,-3.1820001264705695,132.4777168841781,6.607411467177177,-3.058285192010708,5.721851613195488,-8.780136805206196,-0.732439762194681,-0.735135272277887,-2.6644684478429825
113,2018-11-12,135.940002,136.080002,132.600006,132.990005,128.47998,281400,-3905029.143228304,-548200,-0.19844935070894934,102867.21823877704,48.0171580862496,-1088.26857853943,18.860340270110587,-7427.144883983579,846.9620990790933,130.68851494006114,3.5019016208429674,132.04300085,140.42241264938463,123.66358905061537,12.69194390530943,0.5565077939044328,0.0,0.0,132.90000106666668,135.98400276666666,129.81599936666666,4.64108604250947,0.5145920693450551,0.0,0.0,123.470001,139.520004,131.4950025,12.155133476732102,0.5931465557981515,7.54481672227321,-1.9602702986496183,-3.3194108946929304,1.359140596043312,131.87666766666666,133.69461534615382,133.68626679977268,135.6465370984223,32.40309529705617,22.658594957869585,22.971815118646745,1.0364654058893767,0.903179479301561,0.1332859265878158,-0.38509505908588465,26.61740972131273,31.264978313699142,-4.672997850000002,-82.99690666749937,-116.51853213008968,33.52162546259031,132.8700025,135.925003,134.39750275,140.6549985,151.92249675,150.23999750000002,4.0,60.0,-56.0,128.97963065428624,,0.0,0.0,99.6093750071064,44.05668210742913,0.6832297195348144,0.7938620184139981,0.8842274874441448,-16.3470636345329,46.74910485706928,59.314655579815145,71.94183494337459,-40.685344420184855,-2.5316173441176204,132.52748784565026,4.832101491154804,-6.044718168037452,3.3685376569489005,-9.413255824986352,-1.8741193969904812,-1.8919035627600778,-4.488652524825754
114,2018-11-13,133.369995,135.289993,132.259995,132.669998,128.170807,257100,-4092550.37037103,-805300,-0.23503469953190356,76418.50139038019,52.7685654625334,-665.8806573240009,-46.29056535163102,-5892.418472391828,844.9240977989218,130.98373711345033,3.454711258758671,131.8365006,139.9356847493367,123.7373164506633,12.286709845113563,0.551455639520695,0.0,0.0,133.7000005666667,136.88400216666668,130.5159989666667,4.762904392677774,0.3382534470669394,0.0,0.0,123.470001,139.520004,131.4950025,12.174172499235773,0.5732084286837824,6.62819231397053,-1.896134967107571,-3.034755709175859,1.1386207420682881,132.31833391666666,133.18961515384615,133.52991775365382,135.4260527207614,30.2544726860422,21.21382802447421,22.222586072114293,1.0634402068430462,0.9548786137631544,0.10856159307989177,-0.3538384543684716,26.40540275953979,25.95838861073872,-6.826498599999994,-73.58509988469763,-109.17438862879608,35.589288744098454,132.960003,134.70500149999998,133.83250225,140.6549985,150.6875,151.3199995,4.0,56.00000000000001,-52.00000000000001,130.03366798885762,,0.0,0.0,99.8046875035532,43.47717659785097,0.6666856832779926,0.7233889141572858,0.8055676814912257,-15.772638823336887,43.13046061187371,57.32084286837824,63.92521961937743,-42.67915713162176,-2.0159409705882183,132.53975626358542,4.16110141726227,-8.954189971915897,0.9039921311759411,-9.858182103091838,-0.24062484996523192,-0.24091481680565963,-4.718476561387663
115,2018-11-14,133.970001,136.399994,133.039993,133.740005,129.204529,368400,-4307447.784627754,-436900,-0.27332618914028417,121814.51244889753,61.73873859189886,861.8890513027864,103.95229474855624,2352.564671834014,844.9240977989218,131.54331468162457,3.482239732882804,131.65550079999997,139.40718414240183,123.90381745759811,11.775707502229734,0.6344549375874107,0.0,0.0,134.42166676666668,137.71466806666666,131.12866546666666,4.899509698412079,0.39649840607918,0.0,0.0,123.470001,139.520004,131.4950025,12.190909534711981,0.6398755190263826,5.721605128632016,-1.738921428524975,-2.7755888530456825,1.0366674245207075,133.04583416666665,132.8169233076923,133.5622388684763,135.30116029700127,28.327655301209806,21.87984117516355,20.490505106750817,1.0893913303562004,0.866011943577515,0.2233793867786854,-0.32429472963051786,26.172579331217168,50.37128480578838,-6.40550079999997,-64.13418247671375,-101.11230237040513,36.978119893691385,135.8899995,133.504997,134.69749825,140.6549985,149.40249649999998,150.324997,80.0,52.0,28.0,130.98230158997185,,0.0,0.0,99.9023437517766,46.033309280525,0.7396595395752168,0.696524980796008,0.737925304455764,-14.542285816555573,42.16463438058644,63.98755190263825,60.207683450277216,-36.01244809736174,-1.896442170588216,132.6362879311439,6.983443612775877,-9.1054843504626,-1.097903165151767,-8.007581185310833,0.8065176875935443,0.8032827157977707,-3.950014221846665
116,2018-11-15,132.820007,136.880005,132.610001,136.070007,131.455505,361200,-4083283.3834702857,-75700,-0.22308908312868772,224640.54244191255,68.97195026218388,29.565521882071764,173.23991516304548,9263.99335741653,859.6442620289118,132.08967749087503,3.5610161595945238,131.7405014,139.64515645120053,123.83584634879948,12.00034153080964,0.7738579717872982,0.0,0.0,134.91766666666666,138.04566786666666,131.78966546666666,4.636903790706925,0.6841975529506418,0.0,0.0,123.470001,139.520004,131.4950025,12.1830438091835,0.7850469560659898,4.899842837062447,-1.4100625543816534,-2.5024835933128764,1.092421038931223,133.94750141666665,132.66115453846155,133.94804935024916,135.35811190463082,26.710218441322144,20.947215593624275,18.694181240255308,1.104171343877737,0.8397525722914722,0.2644187715862648,-0.2932265541962939,25.825310117028305,66.16338083489231,-4.920501400000006,-55.74397467021711,-92.56722665371515,36.82325198349804,135.8899995,132.1399995,134.0149995,140.6549985,147.40500250000002,148.7350005,76.0,48.0,28.0,131.83607183097467,,0.0,0.0,99.95117187588829,51.20776436908258,0.8873826779742081,0.7645759669424725,0.7281632872985888,-11.895269833922335,46.28587841305123,78.50469560659899,66.60436345920517,-21.495304393401018,-1.9895593588235272,132.79826149793692,8.638728143712578,-9.282471549505772,-2.734816842022568,-6.547654707483204,1.7421877619938853,1.7271856635071359,-2.2766431242228102
117,2018-11-16,135.350006,137.720001,135.350006,136.759995,132.12207,234100,-4038835.6018082984,158400,-0.19554879337546952,215624.20649306788,73.47057327974107,1812.1709675341556,456.1760422210408,7479.863716792467,864.0033727407149,132.56385992563725,3.4419140436350704,131.93550109999998,140.1281733914857,123.74282880851428,12.419208208829408,0.7944395752905868,0.0,0.0,135.18133346666667,138.32833346666666,132.03433346666668,4.6559682750518006,0.7508200720262688,0.0,0.0,123.470001,139.520004,131.4950025,12.165037360061996,0.8280368545725508,3.97746314779875,-1.0812987235926244,-2.218246619368826,1.1369478957762018,134.77583433333334,132.76038538461538,134.38065637328776,135.4619550968804,25.50981557402378,21.66897887677921,17.76337091632813,1.2077562490098288,0.7998265727639946,0.4079296762458342,-0.2608791848955378,25.506757686777075,88.81283614596389,0.024505900000008296,-47.357243422037456,-83.56054973517104,36.20330631313358,135.8899995,131.4950025,133.692501,140.6549985,144.532501,145.93,72.0,44.0,28.0,132.6044650478772,,0.0,0.0,99.97558593794415,52.65546452553042,0.9269376719399375,0.8513266298297876,0.7708091925227561,-9.293787329778093,43.615207022117694,81.66107342304186,74.71777364409303,-18.33892657695813,-1.304059017647063,132.91596224060817,7.837876517899393,-11.95478986245094,-4.578811446108243,-7.375978416342698,0.5070830928964432,0.5058017563825956,-1.781104503694897
118,2018-11-19,136.039993,137.130005,133.880005,134.610001,130.045013,409900,-4264596.918485221,-251500,-0.22860663238672113,58923.24262263006,73.39089101283852,-816.6614113198268,436.00084356967903,-5256.9267627996815,864.0033727407149,133.27196820353373,3.4227226392715635,131.98850099999999,140.23579813203523,123.74120386796473,12.496993404046995,0.6589308568632294,0.0,0.0,135.29866696666667,138.5146671666667,132.08266676666668,4.753927399435992,0.3929312929354492,0.0,0.0,123.470001,139.520004,131.4950025,12.16015249692093,0.6940808671499944,3.29288954728662,-0.9829072239876382,-1.9711787402925887,0.9882715163049505,134.99666716666667,132.68807753846153,134.41594016201273,135.39884738600037,23.78452677602718,20.18475682794682,19.644759241202685,1.1502749451593421,0.747994881552749,0.4022800636065932,-0.23158112991973046,25.38697993315888,57.97136174915236,2.1314940000000036,-39.97943966290215,-74.41000868026555,34.430569017363396,135.8899995,131.4950025,133.692501,140.6549985,143.84249499999999,145.3849945,68.0,40.0,28.0,132.610001,,0.0,0.0,99.98779296897207,47.88752549341378,0.746517888302116,0.8536127460720873,0.8231717809481158,-8.441636378428093,43.726948575263705,63.082692537738616,74.41615385579316,-36.917307462261384,-0.6284118911764836,132.92927833543442,2.0081796449131906,-10.340645090853537,-5.731178175057302,-4.609466915796235,-1.5720927746450952,-1.5845812125831138,-3.3251966631285157
119,2018-11-20,133.190002,134.369995,131.470001,131.990005,127.513878,521200,-4598881.990523301,-772700,-0.22923675608575253,-144571.77992346103,62.08731044759552,-1438.3163449650872,301.7454500919976,-16588.439640937402,864.0033727407149,134.27777495802047,3.394450375344408,132.11750105000002,140.27970767744324,123.95529442255679,12.35598094510466,0.492189854054212,0.0,0.0,135.13166710000002,138.4856663,131.7776679,4.9640462106013485,0.03165431583883288,0.0,0.0,123.470001,139.520004,131.4950025,12.148279275980146,0.5308412714938432,2.8695121045862293,-1.1036211747360198,-1.797667227181275,0.6940460524452552,134.81916800000002,132.5653856923077,134.04271936785693,135.14634054259295,22.862984173087842,18.841939294072837,23.443875005870918,1.0780460629971789,0.8633673328477286,0.21467873014945027,-0.20887401812246098,25.309252138637476,4.8912963263023075,1.8225009499999771,-33.536759941086245,-65.65997232066125,32.12321237957501,135.4950025,131.4950025,133.4950025,140.6549985,143.84249499999999,145.3849945,64.0,36.0,28.0,,139.520004,0.0,1.0,99.99389648448604,42.80133497892608,0.1266570171111014,0.6000375257843851,0.76832563389542,-9.277700273973956,40.17434373058811,42.606723687999406,62.450163216259966,-57.393276312000594,-0.28646984117648344,132.90991323210957,-1.5881226360021803,-6.7061423983328305,-5.926171019712408,-0.7799713786204228,-1.9463605828217934,-1.9655516062350387,-5.206836928797864
120,2018-11-21,132.130005,134.800003,132.130005,133.020004,128.508957,312300,-4702982.068500889,-460400,-0.15430879591479546,-77965.99883439502,60.213933097677796,465.950986227357,190.3714747254219,-7707.362825849153,870.745721223235,134.67566457503676,3.3360051378099684,132.4120014,140.2518074045945,124.5721953954055,11.841533881678039,0.5387766355215728,0.0,0.0,134.7230011,137.8889998,131.5570024,4.700012134750468,0.23104898937577126,0.0,0.0,123.470001,139.520004,131.4950025,12.121260029530829,0.5950156520219966,2.8747416755953763,-1.1034555899977363,-1.6588248997445674,0.5553693097468311,134.7425015,132.42000111538462,133.88537854203278,134.98883413203052,21.827666377325084,18.62870082292668,22.031351549946525,1.0912388870794631,0.9275526759327165,0.16368621114674664,-0.18970488920046,25.28796314204274,16.126557173775005,2.048005599999982,-28.78753339468992,-57.565711922603164,28.778178527913244,134.595001,131.4950025,133.04500174999998,140.6549985,143.824997,145.3849945,60.0,32.0,28.0,,139.35900394,0.0,0.0,99.99694824224304,45.2626914983522,0.19928082740601105,0.3574852442730762,0.6037118387098496,-9.228333932934294,40.17256710895206,19.25468847651365,41.64803490075057,-80.74531152348635,-0.03805610882352539,132.91826438664677,-0.6868732165615412,-7.98237587032296,-6.337411989834519,-1.644963880488441,0.7803613614530969,0.7773322904420787,-4.467107710890983
121,2018-11-23,131.320007,133.199997,129.899994,131.399994,126.943878,129300,-4714736.720814842,-589700,-0.10271636960421868,-96751.89800091017,53.62100357577825,-4887.497134590527,-276.91410939717787,862.363324321537,860.1411750390471,134.6776714618087,3.3324049240289724,132.63900105,140.07515146082994,125.20285063917005,11.212615221712644,0.4166902912429309,0.0,0.0,134.1443339,137.2693323,131.0193355,4.659158250142082,0.06090539118355739,0.0,0.0,123.470001,139.520004,131.4950025,12.100515589641502,0.49408046839617376,3.1247314953779197,-1.2199824328381226,-1.5710564063632786,0.351073973525156,134.48750041666668,132.19077007692306,133.50301168941235,134.72299412225047,21.602022236318522,17.309689409026703,25.256157756151403,0.9153916044124837,1.0211524814352426,-0.10576087702275894,-0.17569164422900696,25.316102371650306,-28.92897831685788,5.900991950000019,-26.115999038190914,-50.24857101755939,24.13257197936848,133.8099975,131.4950025,132.6525,140.6549985,143.574997,145.3849945,56.00000000000001,28.000000000000004,28.000000000000004,,139.2012238812,0.0,0.0,99.45460868895624,42.18772549367683,0.0,0.10864594817237089,0.3553895727432774,-10.120692898451038,42.228785505265364,15.592499384096262,25.817970516203115,-84.40750061590374,-0.16705749117647883,132.81124565023194,-2.2757792954748233,-12.931464014012818,-7.656222394670179,-5.275241619342639,-1.2178694566871373,-1.2253462538532212,-5.630573627169866
122,2018-11-26,132.320007,133.679993,131.789993,133.25,128.731125,212100,-4599146.260814842,-377600,-0.08517216094728554,-26875.016486494205,51.933208962728685,1055.9383663366336,-210.2043569546791,1411.491828402953,860.1411750390471,134.64878310293037,3.227164331626075,132.9330009,139.96669019783548,125.8993116021645,10.582307252849336,0.5225343405556429,0.0,0.0,133.9026667,136.9546656,130.8506678,4.558533411194567,0.3930755348568446,0.0,0.0,123.470001,139.520004,131.4950025,12.073753613727382,0.6093456181908503,3.2190969951094037,-1.149796632410073,-1.4868044515726375,0.3370078191625645,134.04666766666665,132.14769334615383,133.46408681411813,134.6138834465282,21.177242420383124,17.49700209376299,23.99217648667594,0.949048876553135,1.0099641557873595,-0.06091527923422457,-0.16275665114688373,25.309065848601357,-2.7731978527883787,3.5969981000000075,-22.72994581813527,-43.55224203429671,20.82229621616144,133.8099975,131.4950025,132.6525,140.6549985,143.01999675000002,145.3849945,52.0,24.0,28.0,,138.829174685952,0.0,0.0,99.37814810352484,46.64543394225884,0.3438314998851028,0.18103744243037134,0.2157228782919395,-9.537178745689179,46.54291039893523,34.823310994479264,23.223499618363068,-65.17668900552073,-0.519559267647054,132.82100719537536,-3.8183869404410964,-15.186769328039157,-9.162331781343974,-6.024437546695182,1.4079193945777613,1.3981002657545538,-4.301928170715019
123,2018-11-27,132.820007,132.820007,131.080002,131.830002,127.359291,176500,-4623491.525627299,-554100,-0.07008148291958997,-58839.96370270913,44.60810888825164,-773.8719064829985,-268.03538770762026,1105.2991222033706,850.9749555398118,134.5762494580603,3.121447698463467,133.2740009,139.3317397635765,127.21626203642349,9.090653574843659,0.38081370520258384,0.0,0.0,133.70466663333332,136.58266643333334,130.82666683333335,4.30501024753686,0.17431119464752218,0.0,0.0,124.470001,139.520004,131.9950025,11.292527348445502,0.48903651381332014,3.4696061463041428,-1.1949808556369987,-1.4284397323855098,0.23345887674851107,133.65500125,132.108078,133.21268915040764,134.40767000604464,21.017038084256974,16.643270433830498,24.417960667225504,0.9102884040435439,1.010265703744311,-0.09997729970076707,-0.15282519139651407,25.26740503494047,-43.41602076894007,2.2559980999999993,-18.634411303644153,-37.44660996973521,18.81219866609106,133.8099975,131.4950025,132.6525,140.6549985,142.254997,145.2299955,48.0,20.0,28.0,,138.47200745851393,0.0,0.0,99.68907405176242,43.85053699299186,0.12825580192835398,0.157362433937819,0.14901527484685378,-9.890997650363369,41.14145617926789,20.06243236753406,23.49274758203654,-79.93756763246594,-0.8651183235294297,132.80884665767584,-3.44246468499571,-17.873232346666523,-10.904511894408484,-6.968720452258038,-1.0656645403377074,-1.0713834105022357,-5.321748587986608
124,2018-11-28,132.119995,134.729996,131.330002,134.610001,130.045013,185000,-4451549.828083126,-369100,-0.03589712854538211,23037.14754053513,41.298171336842785,1984.851254071884,-332.60380012017947,2020.337064666467,850.9749555398118,134.23936124346426,3.1493023286171193,133.74200095,138.569025407871,128.914976492129,7.218412201976262,0.5899104673671826,0.0,0.0,133.71966706666666,136.63466646666666,130.80466766666666,4.359866374101442,0.6527159719712725,0.0,0.0,126.220001,139.520004,132.8700025,9.94452221854544,0.6308269253773862,3.494953617500239,-0.9949972828872831,-1.3417512424858646,0.3467539595985816,133.57833475,132.14884715384616,133.42766020419108,134.42265748707837,20.008258430814063,19.650460067529288,22.56053817919497,0.8898073695255415,1.0645090257383472,-0.17470165621280564,-0.1410409995890089,25.249877345442073,-6.085861855307632,-0.7519959500000084,-13.45784529406786,-31.81590583833012,18.35806054426226,133.8099975,131.4950025,132.6525,140.6549985,141.50999825000002,145.084999,44.0,16.0,28.0,,138.12912692017338,0.0,0.0,99.84453702588121,50.148195865540025,0.7604765792917922,0.4108546270350831,0.24975150113442454,-8.23412802772189,45.46905746452237,48.96052083105958,34.61542139769097,-51.03947916894042,-0.5915004764705714,132.8397755426128,-0.6788150275128332,-19.825487812847516,-12.688707078096291,-7.136780734751225,2.108775663979734,2.086848714393863,-3.3251966631285157
125,2018-11-29,134.0,135.289993,133.470001,134.360001,129.803482,193600,-4455803.940848455,-562700,0.027072287465813874,12831.840749030114,47.56224667639235,1269.1041115785213,-312.1356229691604,3541.6777416011864,850.9749555398118,134.00331821860047,3.0163712957554085,134.119001,137.75564977986372,130.48235222013628,5.423017995583966,0.5331349017444909,0.0,0.0,133.71766716666667,136.47866566666667,130.95666866666667,4.129594179292211,0.6163227421770311,0.0,0.0,126.400002,139.520004,132.960003,9.782358876949882,0.6067071483678136,3.504899929506489,-0.8469190161131337,-1.2427847972113184,0.3958657810981847,133.69250108333333,132.33923165384616,133.57109724970016,134.4180162658133,18.835035659786975,20.117543560811026,21.61280004289591,0.9061676745228104,1.06383537419563,-0.15766769967281946,-0.12859565330223574,24.951156445564948,15.06684479166406,-1.4490030000000047,-11.048964165018202,-26.849793559974685,15.800829394956484,133.8099975,131.4950025,132.6525,140.6549985,138.98749550000002,143.24499500000002,40.0,12.0,28.0,,137.79996160336646,0.0,0.0,99.9222685129406,49.60933458433894,0.708998291615598,0.5325768909452481,0.36693131730605005,-7.066936106871545,48.79372556461632,57.0332865430941,42.018746580562585,-42.9667134569059,-0.3192370529411619,132.85123400199933,1.0301495965805962,-21.110046962478783,-14.372975054972791,-6.737071907505992,-0.18572171320316855,-0.1858943898087162,-3.504742764121549
126,2018-11-30,133.889999,137.850006,133.889999,137.399994,132.740372,449000,-4108851.936218163,-113700,0.002043086805538468,205992.55735631034,56.85951857857923,1314.127440988532,-62.635595235709225,9799.395180930238,850.9749555398118,134.16929933136973,3.1107348661798695,134.39100034999998,138.152650487544,130.62935021245596,5.5980685131406185,0.8999566068050889,0.0,0.0,133.83700003333334,136.56699883333334,131.10700123333334,4.079587556983603,1.1525632843989981,1.0,0.0,129.899994,139.520004,134.70999899999998,7.15822486248798,0.7796249692048131,3.4564650192715987,-0.4787452171748612,-1.089976881204027,0.6112316640291657,134.08666741666667,132.73423153846153,134.1601582882078,134.63890350538267,18.2127038422008,24.107975522369017,19.67599152667888,0.9630318823677653,0.9328062928650497,0.03022558950271559,-0.11159301661663604,24.73203095860067,104.53963096188377,-0.6509953499999881,-8.381639424050876,-22.519170893531733,14.137531469480857,133.875,131.4950025,132.68500125,140.6549985,137.5250015,142.4449995,36.0,8.0,28.0,129.899994,,1.0,0.0,99.9611342564703,55.82534948059733,1.0,0.8231582903024636,0.5888632694275983,-4.072410184888924,57.28880019445148,94.33948024229379,66.77776253881582,-5.660519757706206,0.515940729411767,132.90668535542872,3.5652340930916426,-15.047327753765463,-14.507845594731327,-0.5394821590341365,2.2625729215348667,2.2373563933342666,-1.3214672033371455
127,2018-12-03,139.869995,142.529999,136.820007,139.190002,134.469727,375900,-4172709.075037273,262200,-0.027017962463192928,272688.47876255173,64.67388311086526,5779.86762835755,427.9455623997893,15056.070587871403,862.0612149629084,134.66801325438806,3.370660579561883,134.64450069999998,138.94384444467534,130.34515695532463,6.386215140348997,1.028627340583027,1.0,0.0,134.12733356666666,137.1913320666667,131.06333506666667,4.56879059401726,1.3261538694182287,1.0,0.0,129.899994,142.529999,136.21499649999998,9.380260563437934,0.7355506193386299,3.286461744578462,-0.042041514677066516,-0.8803898078986349,0.8383482932215683,134.54083383333332,133.20846234615385,134.9339803977143,134.97602191239136,18.961539918683368,31.17516077740507,17.2724393393787,1.0585766889000985,0.8227233807551079,0.23585330814499061,-0.08943919152540422,24.651310386750346,206.6516414257627,1.4255063000000234,-5.133193287243265,-18.647365740680744,13.514172453437478,136.21499649999998,133.0,134.60749825,140.6549985,137.0999985,142.0199965,100.0,4.0,96.0,130.05899424,,0.0,0.0,99.98056712823515,59.03009796261572,1.0,0.9029994305385327,0.7529115372620815,-0.5386849469214032,56.66703069783426,73.55506193386299,74.97594290641696,-26.444938066137013,1.7871777588235034,133.03588630060582,4.075068637839513,-12.09504698753435,-14.025285873291931,1.930238885757582,1.3027715270496953,1.2943584488031235,-0.03591137475181805
128,2018-12-04,139.029999,139.220001,134.270004,134.490005,129.929092,459500,-4591364.420181927,-197300,-0.08546830619036117,-74788.2498463839,61.593470508901646,-3156.364240478458,250.05387788875666,-10618.713358438137,862.0612149629084,134.88070229619416,3.528594221605694,134.67200085,138.9599889216348,130.3840127783652,6.368046876218666,0.47877840994895693,0.0,0.0,134.2060002,137.43999839999998,130.972002,4.819453966559668,0.5439092390342095,0.0,0.0,129.899994,142.529999,136.21499649999998,9.378345105355292,0.3634211546234542,3.2144880878462008,-0.07434416924800757,-0.7191806801685094,0.6448365109205019,134.409167,133.4823085769231,134.86567649037363,134.94002065962164,18.662708295611367,27.983787904193903,20.777844061386798,1.009330284844297,0.8833756591261965,0.12595462571810057,-0.07139296155603776,24.56396648560498,51.284264810492445,2.0879941500000143,-3.23198325690279,-15.280168331327026,12.048185074424236,136.21499649999998,133.0,134.60749825,140.6549985,136.549999,141.469997,96.0,4.0,92.0,130.5578344304,,0.0,0.0,99.99028356411758,48.98198514518126,0.4034027666847156,0.8011342555615718,0.842430658800856,-0.7095934208202582,50.67445264104397,36.342115462345426,68.07888587950075,-63.657884537654574,2.738530241176477,133.04259839707572,-1.1611684564696225,-7.643371219769057,-12.748902942587357,5.1055317228182995,-3.376677155303154,-3.435003659521474,-3.411375918867565
129,2018-12-06,132.130005,135.039993,130.270004,135.039993,130.460419,409400,-4181964.4201819273,212100,-0.047992587924184614,-31937.77312547115,52.77132116202873,-4765.33319246605,-151.89056809473163,-13841.617246300073,865.586557411182,134.78899238957626,3.6527336994451254,134.70100015,138.99070564465637,130.41129465534362,6.36922590014841,0.5395123686721955,0.0,0.0,134.28999983333333,137.71099753333334,130.86900213333334,5.094940359290765,0.6096161459954605,0.0,0.0,129.899994,142.529999,136.21499649999998,9.376326074739996,0.4069672973209443,3.179696260713912,-0.05493160323663915,-0.5863308647821355,0.5313992615454963,134.2658335,133.86807746153846,134.89249441493155,134.9474260181682,17.54054129292226,25.296431692002198,26.835561143357197,0.9176350697992153,1.003319566519213,-0.08568449671999767,-0.055945016584003415,24.650006353723303,-50.924861880843686,-0.0909991499999876,0.22356220572000984,-12.056713264614814,12.280275470334823,136.21499649999998,133.5,134.85749825,139.7649995,135.290001,140.6549985,92.0,4.0,88.0,,142.529999,0.0,1.0,99.9951417820588,50.05339898964015,0.467016954438538,0.6234732403744179,0.7758689754915075,-0.5002654960173973,56.5749341118155,40.696729732094425,50.19796904276762,-59.303270267905575,2.79750075882356,133.09438854711073,-1.257679191930355,-5.331738707418369,-11.265470095553558,5.93373138813519,0.4089434006638637,0.40810949982104106,-3.0163831148957376
130,2018-12-07,134.490005,137.020004,132.970001,133.639999,129.107925,1168000,-4963516.477303864,-955900,-0.1967291240444362,-260974.23296469302,60.02453949380714,811.3889743160943,-96.04603577801572,-10434.73918896986,865.586557411182,134.70675667880747,3.692460629500613,134.45600045,138.38525550490226,130.52674539509775,5.844670437543505,0.3961633390301365,0.0,0.0,134.41266623333334,137.97166443333333,130.85366803333335,5.295629198846121,0.3914487743582797,0.0,0.0,129.899994,142.529999,136.21499649999998,9.393411196026701,0.2961206270306301,3.319498196928689,-0.1507767597435361,-0.49922004377441564,0.34844328403087954,134.185,134.19076973076923,134.6998028126344,134.85057957237794,16.636250181500287,27.200866268579965,24.669357759263157,0.9824927349366442,0.9720717398575943,0.010420995079049922,-0.04482436500616016,24.793548681908366,-1.0919495120778762,-2.4659954500000083,1.6338714577097333,-8.973394320625852,10.607265778335584,136.4000015,134.375,135.38750075000002,139.480003,134.65000125,140.6549985,88.0,64.0,24.0,,142.28479910000001,0.0,0.0,99.9975708910294,47.32871550210198,0.3052414389900405,0.3918870533710981,0.6054981831023626,-1.189418425109629,52.45747187114593,29.61206270306301,35.55030263250096,-70.387937296937,2.9216781382353076,133.09821640386716,-0.7206017330020094,11.258903088731378,-6.760595458696571,18.01949854742795,-1.0367254684321758,-1.0421369005387149,-4.021836971350301
131,2018-12-10,133.169998,135.059998,132.339996,134.380005,129.82283,760900,-4583062.281167243,-195000,-0.10938094969924014,-143253.54748402018,50.48505320710494,-462.9277894612904,-258.553089849119,-7895.61487795226,870.3795778451588,134.526435268085,3.5952147665505514,134.34850075000003,138.16080734956392,130.53619415043613,5.6752499332433315,0.5041319145217212,0.0,0.0,134.65533336666667,138.15633146666667,131.15433526666666,5.199939746117268,0.46067858953327395,0.0,0.0,129.899994,142.529999,136.21499649999998,9.40092738623286,0.35471173606027984,3.4284323833272716,-0.1651190474940165,-0.43239984451833585,0.26728079702431934,134.38416666666666,134.48153915384617,134.6506031491522,134.81572219664622,15.606209886703445,25.700397529361446,24.586204305306946,0.9128903317845766,1.0302090996365927,-0.11731876785201611,-0.03592567822856637,24.751086598910817,-23.266303473191034,-1.3284967500000278,4.556574737468638,-5.94155870333653,10.498133440805168,136.4000015,134.4650005,135.432501,139.3899995,134.2649995,140.6549985,84.0,60.0,24.0,,142.044503198,0.0,0.0,99.9987854455147,48.91177433301995,0.39923406585050725,0.390497486426362,0.46861926005729265,-1.2741230805917005,51.30505928887176,35.47117360602798,35.25998868039514,-64.52882639397201,2.4881182000000024,133.1316097829622,1.8107431695301588,14.992554405110624,-2.409965485935132,17.402519891045756,0.553730923030038,0.5522034694155131,-3.4903762033044905
132,2018-12-11,135.990005,137.240005,132.660004,133.539993,129.011276,259500,-4742843.025429087,-454500,-0.14036409468454136,-153929.19984344594,56.48201025642914,2206.1794219681797,-42.63588747140427,2591.1990942336733,864.9388183367419,134.47460565896318,3.693693389895498,134.24900044999998,138.03656295162153,130.46143794837843,5.642593224419872,0.4064032013073805,0.0,0.0,134.81266723333334,138.58266543333335,131.0426690333333,5.5929435673502645,0.3312102332922449,0.0,0.0,129.899994,142.529999,136.21499649999998,9.407894999340394,0.2882024987321869,3.5151534484766467,-0.24148368835275846,-0.3942166132852204,0.15273292493246193,134.42749908333334,134.54230784615385,134.47974004928264,134.7212237376354,15.253857539310664,27.69164662667099,22.350508754460392,0.9512686222657165,0.9736206472113602,-0.0223520249456437,-0.03004803970069189,24.83696862519649,6.2240455851116225,-2.8490064499999903,5.9069508037818,-3.2147406914003125,9.121691495182112,136.4000015,136.21499649999998,136.307499,138.8099975,133.9124985,140.6549985,80.0,56.00000000000001,23.999999999999993,,141.80901321404,0.0,0.0,99.99939272275735,47.1783656423576,0.29631455769575377,0.3335966875121006,0.3719937424365202,-1.8550298337554096,48.155323093821366,28.82024987321869,31.3011620607699,-71.17975012678131,1.4988536617647128,133.1338757235814,0.3909103776601973,9.62340179112492,-0.0032920305231214364,9.626693821648042,-0.6251019264361557,-0.6270638688950392,-4.0936597208539265
133,2018-12-12,135.809998,137.580002,134.960007,135.610001,131.011093,315600,-4901848.752233905,-138900,-0.13188061242384086,-38611.524894382164,64.40544736360184,1095.815399239557,138.37352282892746,3269.986897819588,864.9388183367419,134.7463157543558,3.728324950905948,134.38000025000002,138.16555655047756,130.59444394952249,5.634106702537436,0.6624597090056258,0.0,0.0,135.2266672,139.0846644,131.36867,5.705970989130463,0.5496804144907107,0.0,0.0,129.899994,142.529999,136.21499649999998,9.398723750932579,0.45209855419693135,3.3514477370664646,-0.13343274101012526,-0.34205983883020136,0.2086270978200761,134.778333,134.59961576923075,134.65362634939302,134.78705909040315,15.018035947607299,26.15895519558031,20.573344693757996,1.021954120871557,0.889437999031012,0.13251612184054506,-0.023387502018920432,24.899064863095937,76.6916481398632,-1.1300002500000232,10.006695940020574,-0.6075694431682641,10.614265383188838,136.4000015,136.21499649999998,136.307499,137.9950025,133.61250275,140.6549985,76.0,52.0,24.0,,141.5782330297592,0.0,0.0,99.99969636137868,51.71917674640839,0.565920939600979,0.4204898543824134,0.38152800944029197,-1.0098678910911907,46.05620016319854,45.209855419693135,36.500426299646605,-54.790144580306865,1.2235597970587833,133.2231261126748,3.203962855584315,6.081503874200177,1.2136671504215382,4.867836723778638,1.5501034210777531,1.5382120462970938,-2.607012259156405
134,2018-12-13,135.720001,136.369995,134.289993,135.009995,130.431442,180200,-4957294.679497436,-319100,-0.11558280436355944,-48541.461509470624,60.11532839403707,-1085.029811332397,27.589180146087887,4094.8320941214174,861.1118994015008,134.84726100176954,3.563492655815351,134.49700009999998,138.20782720220907,130.78617299779089,5.518081592080202,0.5691213691544175,0.0,0.0,135.39333333333335,139.11933133333335,131.66733533333334,5.503960805554193,0.44855897220914487,0.0,0.0,129.899994,142.529999,136.21499649999998,9.390547737577393,0.4045921597022334,3.2775638850474587,-0.09512056584415518,-0.2926719842329921,0.19755141838883694,134.92499925,134.64076934615383,134.70845229564026,134.8035728614844,14.563220974017133,25.05439318900083,21.064794593354627,0.9983941798260116,0.9235400578462917,0.07485412197971997,-0.01731267946728958,24.968179352360508,32.42217926195807,-2.6669980999999723,12.817608766073219,2.0442719936196716,10.773336772453547,136.4000015,136.21499649999998,136.307499,137.8600005,133.63750075000002,140.6549985,72.0,48.0,24.0,,141.352068449164,0.0,0.0,99.99984818068934,50.36759878734359,0.48567227145417186,0.4493025895836349,0.4011297104927163,-0.703939717950283,45.41091242841766,40.45921597022334,38.16310708771172,-59.54078402977666,1.615617926470577,133.23444472749202,1.320821763602254,0.5688237016079767,1.084698460658826,-0.5158747590508492,-0.44244966859045,-0.4434313739080764,-3.0379272106461075
135,2018-12-14,133.520004,135.169998,132.380005,132.559998,128.06456,440700,-5341132.232100615,-759800,-0.13684116118466774,-195851.77813668887,56.78049896405238,-984.437982766613,306.3791195620818,-8794.581302921712,861.1118994015008,134.8081934777267,3.4861426902338137,134.43799975000002,138.23169197896183,130.6443075210382,5.643779639709815,0.25248364434218423,0.0,0.0,135.2930002,139.11599830000003,131.4700021,5.65143517306673,0.14255773498815152,0.0,0.0,129.899994,142.529999,136.21499649999998,9.394668935484523,0.21060989287019383,3.235093877751551,-0.25946126546236314,-0.2860298404788663,0.02656857501650317,134.98583225000002,134.56769207692307,134.37792086554174,134.6373821310041,13.549410039866304,23.61405548142804,23.789385591511344,1.0048662835980995,0.9146389116394174,0.09022737195868213,-0.015413607280063668,24.93232272314184,-53.4576011599556,0.1720012499999939,13.681408915476656,4.495721809122731,9.185687106353924,136.4000015,136.21499649999998,136.307499,137.5699995,133.49250025,140.6549985,68.0,44.0,24.0,,141.13042716018072,0.0,0.0,49.99992409034467,45.176098719684184,0.08732543249076379,0.37963954784863824,0.4164773306048955,-1.993825024117319,46.484222036642066,18.678588368102975,34.782553252673154,-81.32141163189702,1.217794094117636,133.22405183112622,0.5537404148715706,1.1218679001194978,1.0921323485509604,0.029735551568537355,-1.8146782391925798,-1.8313454704061094,-4.797476845824578
136,2018-12-17,132.630005,132.979996,128.729996,129.309998,124.924744,397200,-5629919.622971202,-1157000,-0.20377557537002025,-352287.2384028762,51.426537321887935,-3124.3764791037283,7.785202030627358,-17735.518891163236,839.9998466308385,134.57054784492001,3.562528421210432,134.09999929999998,138.4199199437242,129.78007865627575,6.44283469988688,-0.05440848282232347,0.0,1.0,134.6889999,138.54099730000002,130.8370025,5.719839634803023,-0.19820944063980978,0.0,1.0,128.729996,142.529999,135.6299975,10.29083003134662,0.04202912129801764,3.608781102154752,-0.6445206595739137,-0.3577280042978758,-0.28679265527603787,134.54416533333332,134.21269226923076,133.59824042468915,134.24276108426307,13.646505683419516,21.578974295559604,29.140633312844034,0.9042697209916972,0.9775782711862686,-0.07330855019457139,-0.021083224282177133,24.936114888257464,-166.12327857120573,0.2600017000000321,9.839145923763484,6.159315054790147,3.6798308689733368,133.9749985,135.6299975,134.802498,137.5699995,134.43000025,140.6549985,64.0,100.0,-36.0,,140.9132186969771,0.0,0.0,24.999962045172335,39.37785851360747,0.0,0.19099923464831192,0.33998045736019505,-5.0111604874744735,35.81782614023547,4.2029121298017635,21.113572156042697,-95.79708787019824,0.5539411000000314,132.7993351323931,-3.937302548567698,0.7004619390999555,1.0137982666607595,-0.313336327560804,-2.4517200128503336,-2.4822751189747194,-7.131576158733976
137,2018-12-18,130.610001,131.910004,128.25,129.039993,124.663902,444800,-5882704.0479062535,-1601800,-0.23637520781708532,-319117.3792024652,49.24379460897932,-637.6980980161902,17.511902635399363,-10666.993981038604,839.9998466308385,134.2920375188736,3.5722759790893877,133.71399920000002,138.37997684521858,129.04802155478146,6.9790413466573815,-0.0008603293234456613,0.0,1.0,133.71099953333334,137.35799813333333,130.06400093333332,5.455046499881753,-0.14039050266338293,0.0,1.0,128.25,142.529999,135.3899995,10.67950931498278,0.055321642529527454,3.891788161057624,-0.9603992656775517,-0.478262256573811,-0.48213700910374074,134.10083133333333,133.92461511538463,132.89697159012158,133.85737085579913,13.859732926676088,19.981899541409476,27.95453780198251,0.9194767486197658,0.990337037799462,-0.07086028917969622,-0.03193549256259672,24.988395867217633,-169.14161610998627,3.6859947999999747,4.5556783099760825,7.024610784443356,-2.468932474467273,132.91500100000002,135.3899995,134.15250025,137.53500350000002,134.515003,140.6549985,60.0,100.0,-40.0,,140.42588978909802,0.0,0.0,12.499981022586168,38.93081061786481,0.0,0.0291084774969213,0.1999157533312905,-7.556485330250428,35.856875085261976,5.532164252952746,9.471221583619167,-94.46783574704726,-0.521530135294114,132.11452100910097,-3.959517684135773,1.2801252037758883,1.0670636540837852,0.2130615496921031,-0.20880442670797583,-0.20902272708456238,-7.325489538728458
138,2018-12-19,128.589996,129.960007,124.870003,125.699997,121.43718,596900,-6284938.810472256,-2198700,-0.2529347854157738,-558335.4125163999,43.46390155545725,-2272.5490685186764,-286.5881204067835,-16378.573935538709,839.9998466308385,133.6239313578094,3.7240487811804486,133.268499,139.07037353156994,127.46662446843004,8.7070456636117,-0.1522462661694277,0.0,1.0,132.79599943333332,136.45699873333334,129.13500013333334,5.513719262059407,-0.46913463399642535,0.0,1.0,124.870003,142.529999,133.700001,13.251440612383583,0.04699853839151486,4.656052597590209,-1.4633762104518553,-0.6752850473494199,-0.7880911631024354,133.12583158333334,133.5465381153846,131.78974473010288,133.25312094055474,14.850385941683726,17.98801942794416,31.79125123371761,0.855332958998803,1.0615012907564987,-0.20616833175769567,-0.05059017690130793,25.094514995022056,-233.2339274497831,5.921503000000001,-0.3331739184690277,6.962751215089018,-7.295925133558045,131.22500250000002,133.700001,132.46250175,137.03500350000002,134.515003,140.6549985,56.00000000000001,100.0,-43.99999999999999,,139.69533640175214,0.0,0.0,6.249990511293084,33.81647607294522,0.0,3.700743415417188e-17,0.07336923738174442,-11.500030802298527,29.53542252728155,4.699853839151486,4.811643407302003,-95.30014616084853,-2.3492948735294306,131.05835523392585,-8.51528203123502,4.519369802043646,1.7575248836757575,2.7618449183678884,-2.588341739913158,-2.6224287840354243,-9.724222575257734
139,2018-12-20,124.730003,126.919998,124.199997,124.940002,120.702957,481900,-6504626.841064889,-2680600,-0.23976760446153114,-530893.4379426277,38.894291212283,-1047.0268219563184,-452.0260442307007,-18363.428386837124,834.9211218999208,133.01102452945568,3.6236440030624046,132.91599885,139.7505131510513,126.08148454894868,10.28396033612821,-0.08350868098798808,0.0,1.0,131.986333,135.44233350000002,128.5303325,5.23690661214145,-0.5194343143179467,0.0,1.0,124.199997,142.529999,133.364998,13.790666404791502,0.04037124491312169,5.380099190309247,-1.9013961961245798,-0.9205072771044518,-0.980888919020128,131.93833158333334,133.23692261538463,130.7359381562409,132.63733435236549,15.912913338922408,17.01116052950805,31.40249098743136,0.8069348523073976,1.1255188820286166,-0.318584029721219,-0.07469714693561323,25.14461419554734,-221.97505526270706,1.5740061500000024,-6.299140822636357,6.0813054061616745,-12.380446228798032,130.8899995,133.364998,132.12749875,135.925003,134.39750275,140.6549985,52.0,100.0,-48.0,,138.50930972961197,0.0,0.0,3.124995255646542,32.76181454083655,0.0,3.700743415417188e-17,0.009702825832307124,-15.025339696730025,30.005171331403897,4.037124491312169,4.756380861138805,-95.96287550868783,-4.250499894117667,129.81170511083144,-10.237804292868669,4.834456526346622,2.3729112122099307,2.461545314136691,-0.6046101974051643,-0.606445365674535,-10.270039131354524
140,2018-12-21,125.43,127.879997,123.290001,123.709999,119.514679,610100,-7003074.987860662,-3290700,-0.27893100003150245,-562255.0654222532,31.53552296149293,18.80950417866066,-544.5487540028342,-8919.898102744542,834.9211218999208,132.08000396426883,3.7202792027561644,132.4504986,140.3746229701541,124.52637422984591,11.965412669505932,-0.051512015190016656,0.0,1.0,131.02799943333335,134.53799923333332,127.51799963333333,5.357633200811973,-0.542450263577414,0.0,1.0,123.290001,142.529999,132.91,14.526180122662065,0.021829420148587984,6.14656754105477,-2.321025812294124,-1.2006109841423864,-1.1204148281517377,131.03999775000003,132.89230726923077,129.65502443989615,131.97605025219028,16.520638652311217,17.361828533120956,28.581738042448762,0.7853569017410418,1.1526785012276703,-0.36732159948662857,-0.10309818917374214,25.225159227448373,-182.15248353806535,2.5894944000000066,-11.969868795114428,4.2450339025413335,-16.21490269765576,130.4350015,132.91,131.67250074999998,134.6150015,133.83250225,140.6549985,48.0,100.0,-52.0,,137.07837845665077,0.0,0.0,1.562497627823271,31.07275618958417,0.0,3.700743415417188e-17,3.700743415417188e-17,-18.487523553779713,23.978215453477965,2.1829420148587984,3.639973448440822,-97.8170579851412,-5.777470820588235,128.58137662175315,-8.015469997194216,7.216396085386188,3.3416081868451823,3.874787898541006,-0.984474932215873,-0.9893529281788105,-11.153408102793449
141,2018-12-24,123.059998,123.059998,118.449997,118.639999,114.616592,174200,-7162915.62073688,-3464900,-0.295281498000487,-608103.4846476455,26.705456289352824,-12782.038889208681,-1870.3992195432795,-13145.51046080421,800.7035960552023,131.35006075699494,3.874251482480548,131.81249885,141.76683660632844,121.85816109367154,15.103784304485856,-0.16164621758115438,0.0,1.0,129.64033260000002,133.3393323,125.94133290000002,5.706556942295267,-0.9869335620654474,0.0,1.0,118.449997,142.529999,130.489998,18.26837531348417,0.00789044784963086,6.997550498135797,-3.027789462429297,-1.5660466797997685,-1.4617427826295284,129.67333158333335,132.3115378076923,127.9604051414506,130.9881946038799,18.065772809375648,15.629234036232473,34.91197876828267,0.6403237097934993,1.3132310541909429,-0.6729073443974436,-0.14038601670389034,25.278220671916085,-225.00378990387236,1.8275001499999917,-22.386643685375383,1.1013011815238687,-23.48794486689925,128.0149995,130.489998,129.25249875,130.99499500000002,134.69749825,140.6549985,44.0,100.0,-56.0,,135.42377316185267,0.0,0.0,0.7812488139116355,25.285911883659736,0.0,3.700743415417188e-17,3.7007434154171876e-17,-23.74753706326114,20.651083066137865,0.9147903871371758,2.378285631102719,-99.08520961286283,-7.410852755882345,125.66883247080574,-12.144545949435887,1.3252395945762334,2.9383344683913926,-1.6130948738151591,-4.098294431317551,-4.184641939050326,-14.794603030932086
142,2018-12-26,119.209999,123.739998,117.720001,123.669998,119.476021,272300,-6896948.182032176,-3192600,-0.27514631684276913,-325564.5971694103,31.523372969224525,-55.2654737443919,-1648.8921647765603,4405.517722734749,800.7035960552023,130.61928782566764,4.088826034232493,131.33349875000002,141.86999996677338,120.79699753322666,16.04541311555268,0.13633560171756712,0.0,0.0,128.36333243333334,132.20633173333334,124.52033313333331,5.987690140400356,-0.1106343076010057,0.0,1.0,117.720001,142.529999,130.125,18.890837627974182,0.23982255057013743,7.327249123287001,-3.1457634622510966,-1.8819900362900341,-1.2637734259610625,128.84249816666667,131.83461438461538,127.30034250430435,130.44610596655545,19.627170740798757,13.917424677762419,32.416339240418786,0.679265082342013,1.2368418807748918,-0.5575767984328788,-0.17451838251097618,25.458133757849296,-156.32466830449124,3.046506249999993,-30.227078058731404,-3.3691181516707953,-26.85795990706061,127.04499799999999,130.125,128.58499899999998,130.125,134.0149995,140.6549985,40.0,96.0,-56.0,,133.0474444991933,0.0,0.0,0.39062440695581774,37.685226125433026,0.46907993795526753,0.15635997931842255,0.05211999310614088,-23.978507674995978,33.67253647284007,29.95970141189825,11.019144604631414,-70.04029858810175,-8.888206123529415,125.47496803276172,-7.460342019308143,-1.7686739875032336,1.9969327772124674,-3.765606764715701,4.23971598313988,4.152302218107895,-11.182136197136728
143,2018-12-27,121.550003,125.489998,120.43,125.43,121.176338,363600,-6541970.82291069,-2829000,-0.2246910154578065,-187635.83654520885,37.23639272168519,3103.3534130915873,-1086.8431215224434,16719.29774644588,800.7035960552023,130.05564695659794,4.185943230809244,131.01349865,141.85458780367202,120.17240949632799,16.549575830554335,0.24248442334279702,0.0,0.0,127.13666536666668,131.22366496666666,123.04966576666666,6.429301237708172,0.2912080335575937,0.0,0.0,117.720001,142.529999,130.125,18.936978445464945,0.3107617743459717,7.555049838337821,-3.061945057983266,-2.1179810406286808,-0.9439640173545851,128.09666441666667,131.39884534615385,127.01259750364214,130.0745425616254,20.388372698390576,15.78162321734017,29.49241085775108,0.7988049449014355,1.131435220923869,-0.33263027602243345,-0.20223180454815706,25.62673716797364,-105.66028117124698,2.526494350000007,-36.51142552128429,-8.850121961377186,-27.661303559907104,126.4449995,130.125,128.28499975,130.125,133.692501,140.6549985,36.0,92.0,-56.0,,130.59505353932235,0.0,0.0,0.19531220347790887,41.35274853258824,0.6078264161598462,0.35896878470503796,0.17177625467448684,-22.877464292105344,41.55875370498237,38.821745275843675,23.232079024959702,-61.178254724156325,-9.448913323529382,125.4702908376168,-6.660220767219055,-2.4539849030770102,1.106749241154572,-3.5607341442315823,1.423143873585242,1.413112245468895,-9.918130209776987
144,2018-12-28,126.07,126.07,123.389999,124.160004,119.949387,457300,-6736492.348947434,-3286300,-0.25934017216356514,-243797.74143875082,28.746731584683502,1037.3066061667328,-1070.7061478188264,544.3257333011716,800.7035960552023,128.70661927010354,4.0353490077283185,130.4909988,141.59254381038798,119.38945378961202,17.015035692083277,0.2148597427621139,0.0,0.0,126.0683327,130.2153322,121.9213332,6.578970961515698,0.26991452494749446,0.0,0.0,117.720001,142.529999,130.125,19.012804123007456,0.25957289476605366,7.812506723751416,-3.062691629477328,-2.3069231583984102,-0.7557684710789179,127.31499866666667,130.9969223846154,126.57373696462027,129.6364285940976,20.871830994092345,16.068370340246744,28.049317729706484,0.798523424824735,1.1598845408922331,-0.3613611160674981,-0.22596688564358083,25.70468878604978,-83.77734373586459,5.119002200000011,-45.142490555727164,-15.386110791510943,-29.75637976421622,125.3499985,130.125,127.73749925,130.125,133.692501,140.6549985,32.0,88.0,-56.0,,128.53504513303076,0.0,0.0,0.09765610173895443,39.54416713057313,0.5394057571377414,0.5387707037509518,0.35136648925813746,-22.60390829074397,42.32801167428553,32.42700239541781,33.736149694386576,-67.5729976045822,-9.258883511764708,125.32591211675533,-7.024104756393097,-1.1105208897435839,0.6632952149749409,-1.7738161047185248,-1.0125137526907468,-1.0176745385180652,-10.830221530083971
145,2018-12-31,124.800003,126.400002,124.379997,126.260002,121.978188,309700,-6469720.955559794,-2976600,-0.22560599266373213,-116059.58114750076,37.16107677116683,430.4821762996467,-1006.8911502644738,607.9298896103046,814.2464109403301,127.78103901084089,3.855813906955487,130.08599885,141.18440562571658,118.98759207428343,17.06318416098563,0.3276330590814475,0.0,0.0,125.2993327,129.3693334,121.22933200000003,6.496444334216283,0.6180183212253497,0.0,0.0,117.720001,142.529999,130.125,19.071997155211147,0.34421610997308427,7.973570729626467,-2.8608528734743572,-2.4177091014135996,-0.4431437720607576,126.53583208333333,130.77653765384616,126.52547004698638,129.38632292046074,21.189110362684428,16.012005281037318,26.866044156478214,0.8221939714281908,1.1156917418425276,-0.2934977704143368,-0.24255126899122764,25.70687549602505,-61.53390701263686,4.923996149999994,-50.91993686364105,-22.137119990111444,-28.782816873529605,124.81500249999999,130.125,127.47000125,130.125,133.4950025,140.6549985,28.000000000000004,84.0,-56.0,,126.80463807174584,0.0,0.0,0.3157856912579716,43.91236235640236,0.7046594724283243,0.6172972152419707,0.5050122345659869,-20.934674835624804,47.61903728407616,43.0010099193852,38.08325253021556,-56.9989900806148,-8.936853955882356,125.37197080382842,-6.894770983741834,-2.974890171928347,-0.06434186240571671,-2.91054830952263,1.6913643140668677,1.6772200128405856,-9.322035718111321
146,2019-01-02,124.559998,125.230003,122.879997,125.050003,120.809227,268500,-6242352.765436023,-3245100,-0.2439346035098509,-145891.74548357195,32.08304417523435,-1168.4382998126616,-1247.9352732488194,2665.014726620129,806.4431690000093,127.28230585526069,3.8082330162599383,129.46849930000002,140.2398852837846,118.69711331621545,16.639392658480546,0.29489657567504796,0.0,0.0,124.70399979999999,128.5840011,120.82399849999999,6.222737532433189,0.5445880262978279,0.0,0.0,117.720001,142.529999,130.125,19.162960978261687,0.29544548935473536,8.168976067956754,-2.766638920782853,-2.4874950652874506,-0.27914385549540244,125.70583275000001,130.46999915384615,126.29847511668079,129.06511403746364,21.837153634607912,14.984775726205068,27.989541687885932,0.7653173848278163,1.1613441029810432,-0.3960267181532269,-0.25495838807677756,25.64016537168137,-70.85184651658182,3.0914986999999883,-56.67758632268936,-28.940816060407606,-27.736770262281752,123.840004,130.125,126.982502,130.125,133.04500174999998,140.6549985,24.0,80.0,-56.0,,126.07,0.0,0.0,0.22430392262130633,42.028045892477685,0.6333736712339296,0.6258129669333318,0.5939602953087514,-20.17867430152482,50.85000581994013,36.908366721633115,37.445459678812036,-63.091633278366885,-7.948471058823529,125.36143415901682,-7.3772256639221405,-5.330777065986898,-1.117628903121953,-4.213148162864945,-0.9583391262737329,-0.9629607465777568,-10.191038128733187
147,2019-01-03,124.709999,124.809998,120.860001,121.419998,117.302338,295300,-6453922.517488997,-3540400,-0.26324933558573244,-278184.42134306155,25.995244813441573,-1631.8991923462627,-1442.7720297906637,-11145.235322407343,806.4431690000093,126.48504581688614,3.846409914633945,128.5799991,138.92017208095496,118.23982611904508,16.083641395755677,0.15377749902309823,0.0,0.0,123.96699979999998,127.8760004,120.05799920000001,6.306518035132753,0.17421317356666532,0.0,0.0,117.720001,139.220001,128.470001,16.72110759876339,0.1720928837209307,8.573038297034579,-2.9508689701467006,-2.5801698462593006,-0.3706991238874,124.77749941666667,130.08615315384617,125.54794017565297,128.49880914579967,22.875556445046815,13.802644586685348,29.58470213741997,0.7078319362433657,1.1968155047130808,-0.48898356846971514,-0.2689154087140726,25.670202707569956,-88.61066653742019,0.7299988999999982,-64.14160990540232,-36.030642281177975,-28.110967624224344,122.799999,130.125,126.4624995,130.125,132.6525,140.6549985,20.0,76.0,-56.0,117.720001,,1.0,0.0,0.11215196131065316,36.91089201059085,0.46348477961519025,0.6005059744258147,0.6145387188670391,-21.200985039063074,50.686405435794065,19.839132387924693,33.24950300964767,-80.16086761207531,-7.189088573529432,125.12453798330095,-8.403741828662369,-6.637647467556253,-2.2216326160088133,-4.416014851547439,-2.9028427932144885,-2.945808808349426,-12.798051106073993
148,2019-01-04,123.900002,129.460007,123.339996,129.350006,124.963387,429400,-6039958.577783658,-3111000,-0.1677487299637229,248005.55816309006,32.685038920924256,5081.0087226413525,-1002.3407059353958,19472.25946725539,806.4431690000093,126.27051425883421,4.265769823170549,128.32299915000002,138.31239000012062,118.33360829987942,15.569135566171965,0.5514048787062723,0.0,0.0,124.02099986666667,128.03300116666668,120.00899856666668,6.469874141174883,1.1641331513692839,1.0,0.0,117.720001,137.580002,127.6500015,15.476571722567947,0.5855994166364848,8.559885991543887,-2.42898738523067,-2.5499333540535747,0.12094596882290487,124.78083341666667,129.93615338461538,126.13287337939866,128.56186076462933,22.10085800563302,19.97478053314362,25.437815105709443,0.757378946576797,1.0475236205563412,-0.29014467397954413,-0.27114146716843557,25.864530256455115,-15.040488056986707,0.7169938499999944,-65.65489294645886,-42.625725850491584,-23.029167095967274,123.590004,130.125,126.857502,130.125,132.6525,140.6549985,16.0,72.0,-56.0,117.86180094,,0.0,0.0,29.795243405646307,50.958543517632656,1.0,0.6989528169497067,0.6417572527696177,-16.856714760691226,64.68431385681154,66.64760458125015,41.13170123026932,-33.35239541874985,-6.284176529411781,125.20477748514926,0.03093960298414069,-4.7043874788410065,-2.7181835885752523,-1.9862038902657542,6.531055946813646,6.326636178727529,-7.102843037099859
149,2019-01-07,129.449997,132.639999,128.759995,131.830002,127.359291,589500,-5696588.8557421295,-2521500,-0.17181183760154733,421427.2844255058,42.6012079150987,2830.195036468523,-729.866918847172,39346.69342530439,806.4431690000093,126.21858436363424,4.227193240853493,128.1624996,137.81242714667445,118.51257205332553,15.058894102084855,0.6900274578364013,0.0,0.0,124.59333316666668,128.72133476666664,120.46533156666669,6.626360327768113,1.376534160419582,1.0,0.0,117.720001,137.580002,127.6500015,15.495953232797287,0.7104733277707289,8.464692535581353,-1.794590594937688,-2.3988648022303973,0.6042742072927094,125.01333416666665,129.93615338461538,127.00935470564502,128.8039453005827,20.592766096303418,24.18354599414735,23.710557584774286,0.8817556908472075,0.9749427370816003,-0.09318704623439278,-0.2611593047721112,25.974205011704832,42.095736727807925,-2.4625025999999934,-64.61086244564055,-48.47472514499449,-16.136137300646062,125.17999999999999,130.125,127.6525,130.125,132.6525,140.6549985,12.0,68.0,-56.0,118.3257291824,,0.0,0.0,64.89762170282316,54.37967489306299,1.0,0.8211615932050634,0.7068734615268616,-12.192306025302752,63.592327625607176,92.46399490956588,59.650243959580244,-7.53600509043412,-4.97194183823531,125.45761287296715,2.162127364653528,0.0920772827221817,-2.1561314143157655,2.2482086970379473,1.9172755198789915,1.89912739231195,-5.321748587986608
150,2019-01-08,133.210007,134.990005,132.990005,134.899994,130.325165,420800,-5313665.484542131,-2100700,-0.04339757662464237,545773.762879004,50.1379482285924,1563.6920152091254,-395.0048835391109,21101.72183401059,825.2232193658181,126.52672883640457,4.120474216768143,128.22549935,138.0328125398942,118.41818616010582,15.296977963992134,0.8402815083379629,0.0,0.0,125.52666673333333,129.39566873333334,121.65766473333335,6.164430396641114,1.711336575513099,1.0,0.0,117.720001,137.580002,127.6500015,15.488339761337814,0.8650549916890733,8.249370695671235,-1.0322052510336164,-2.1255328919910412,1.0933276409574249,125.78000058333333,129.94730696153846,128.22329921246887,129.2555044635025,19.791037521028233,27.00424137256704,22.377847740835964,0.9916627680522525,0.8911123330549278,0.10055043499732474,-0.2382739904112782,26.032714626935647,91.15707158148793,-3.28549735,-59.47248868728574,-52.595374589651186,-6.8771140976345535,126.355003,130.125,128.2400015,130.125,132.6525,140.6549985,8.0,64.0,-56.0,119.184585371456,,0.0,0.0,82.44881085141158,58.26132182483794,1.0,1.0,0.8400381367182567,-7.027948417800685,64.02931051299358,99.47880151041073,86.19680033374226,-0.5211984895892557,-3.229734914705901,126.12246967183805,7.319011312307347,0.389807495706041,-1.6469436323114044,2.0367511280174453,2.328750628403986,2.302048979538629,-3.1169282132674447
151,2019-01-09,135.600006,136.399994,134.380005,135.539993,130.943466,337700,-5263513.919409843,-1763000,-0.08900377207170485,498681.46279629,57.414321722249085,837.421821160937,-289.639175026459,11401.515126998544,829.138282810305,126.80917168416798,3.9104256950913268,128.28349874999998,138.24817194058042,118.31882555941952,15.535393542702936,0.8641110004921969,0.0,0.0,127.06566666666666,130.67566746666665,123.45566586666666,5.682102639842383,1.67372914894276,1.0,0.0,117.720001,137.580002,127.6500015,15.481337189519095,0.8972805187673456,8.015848144817317,-0.37207772232207503,-1.774841858057248,1.402764135735173,126.66333316666665,129.99269126923076,129.3489444105506,129.72102213287266,19.38228332387713,28.598547436121248,21.544222497829967,1.0234872585053096,0.8455344486574654,0.17795280984784423,-0.20620308020661343,25.935527879482237,105.39149663847276,-4.573499749999982,-48.63451282458669,-54.64064511919067,6.0061322946039795,128.414997,130.125,129.26999849999999,130.125,132.6525,140.6549985,4.0,60.0,-56.0,120.44901894173951,,0.0,0.0,91.22440542570578,59.0436794551791,1.0,1.0,0.9403871977350211,-2.7994936329574647,66.55104923977633,95.39613853174366,95.77964498390675,-4.603861468256347,-0.9290584264705899,127.73642740590797,8.484065015462383,-1.0263842300308617,-1.5228317518552958,0.4964475218244342,0.4744247801819812,0.47330293263767587,-2.6572909129096822
152,2019-01-10,134.979996,136.649994,133.949997,136.570007,131.938538,281600,-4998598.633652116,-1481400,-0.03335667160839237,468877.2455968198,66.28463321621393,-86.29635297870027,-133.47826677360354,3742.105607802292,835.4391835284464,127.2796709852731,3.7893828255821935,128.43499945000002,138.79887900266164,118.0711198973384,16.13871545457715,0.892469224900958,0.0,0.0,128.46700003333333,131.74500083333334,125.18899923333333,5.10325733324427,1.7359678140814772,1.0,0.0,117.720001,137.580002,127.6500015,15.463075551872093,0.9491442623794428,7.585807590611988,0.23152277136728117,-1.3735689321723423,1.6050917035396235,127.7350005,129.9607686923077,130.45987711661974,130.22835434525246,18.866280239150306,27.143054119489257,21.258301119616746,1.0772256139711975,0.7996071934355669,0.2776184205356307,-0.16733479584363295,25.67816780018911,107.04761384783542,-9.795000450000018,-38.943177006500484,-54.910839728659134,15.96766272215865,128.7549975,130.125,129.43999875,130.125,132.68500125,140.6549985,100.0,56.00000000000001,43.99999999999999,122.04411644756556,,0.0,0.0,95.61220271285289,60.332377928181636,1.0,1.0,1.0,0.9815533572159131,68.5067729562631,99.57745890344498,98.15079964853312,-0.42254109655501987,1.5699704647059036,128.9703265873056,10.395285832958425,-3.3172229129718978,-1.8817099840786162,-1.4355129288932815,0.7599336381845623,0.7570606883403386,-1.9175509222367437
153,2019-01-11,135.929993,136.889999,134.470001,136.559998,131.928879,276500,-4797508.015395403,-1757900,0.013678290663394335,401499.4264401314,74.3857024589681,332.5895587670861,-34.93423957907465,2119.7088770633554,835.3779555108778,127.93475799034046,3.6524443430239737,128.4824993,138.98525918862344,117.97973941137656,16.348934595520348,0.884541719779271,0.0,0.0,129.68600003333333,132.70000083333332,126.67199923333332,4.648151379833299,1.6403444164093604,1.0,0.0,117.720001,136.889999,127.30499999999999,14.920318412579316,0.9827855485430942,7.075158212253505,0.7009922661795258,-0.9586566925019687,1.6596489586814944,129.22833375000002,129.85961469230767,131.3983572525244,130.69736498634487,18.44966239906734,26.33647524862664,20.26288661784936,1.0990296746770256,0.7395760557076935,0.35945361896933214,-0.12521379139808256,25.363240596365607,110.86840487844512,-4.812501299999994,-29.966004979285753,-53.22456355349898,23.25855857421323,128.875,128.470001,128.6725005,130.125,134.60749825,140.6549985,96.0,52.0,44.0,123.79682175385769,,0.0,0.0,97.80610135642644,60.312518346868956,0.999433335695318,0.9998111118984393,0.9999370372994797,3.9630324464730324,70.80225993533796,98.27855485430942,97.7507174298327,-1.7214451456905822,3.34479363529411,129.90693298925888,15.104517153611916,-5.275091000651171,-2.5603861873931275,-2.714704813258044,-0.007328841976261824,-0.007329110549036955,-1.924739229936101
154,2019-01-14,135.360001,136.080002,134.649994,134.899994,130.736816,171600,-4909108.351057861,-1929500,0.0063239971179035025,303448.5531772551,80.98616691062361,-262.5031352074559,-55.02799953522583,-2106.209551021982,825.2232193658181,128.5938224087708,3.478200308721578,128.47699925,138.966186630254,117.98781186974603,16.32850617851581,0.8061721807969295,0.0,0.0,130.7529996,133.6420011,127.8639981,4.419021374405229,1.2177210534504757,1.0,0.0,117.720001,136.889999,127.30499999999999,14.920957145564708,0.89619169496001,6.428829271802924,0.9283997590816568,-0.5812454021852437,1.5096451612669006,130.16416675,129.87538350000003,131.93707059828986,131.0086708392082,18.062802976133153,25.328413021742037,19.487298752948398,1.1155589726413748,0.7507555465391081,0.3648034261022667,-0.08494017857149751,24.98712651150436,99.70279072360796,-3.046999249999999,-20.84161034473905,-49.88252727362098,29.04091692888193,128.875,127.6500015,128.26250075000002,130.125,134.60749825,140.6549985,92.0,48.0,44.0,125.62986656831761,,0.0,0.0,98.90305067821322,56.96348606645058,0.9038735643858834,0.9677689666937338,0.9891933595307244,5.503419188611165,74.84329005980707,89.61916949600099,95.82506108458513,-10.380830503998995,4.2219116588235295,130.47298014319318,9.080614685544012,-9.251006071699608,-3.898510164254424,-5.352495907445184,-1.2155858408843923,-1.2230345104289775,-3.1169282132674447
155,2019-01-15,134.990005,136.059998,133.429993,134.649994,130.494553,202200,-4923716.15849549,-2131700,0.05655201441589021,252877.33129479008,80.13795657283679,-806.434062815283,800.3723452071598,-2460.667335932659,825.2232193658181,129.17673479327775,3.3933807778494214,128.58149905,139.27104385525172,117.89195424474826,16.62687849220829,0.7838518880157823,0.0,0.0,131.6563324,134.6063339,128.70633089999998,4.481366670669938,1.007400013186431,1.0,0.0,117.720001,136.889999,127.30499999999999,14.9088306961996,0.8831504833751158,5.503235795294876,1.0760449485738661,-0.2497873320334217,1.3258322806072877,130.93249958333334,129.86038353846155,132.3544434293222,131.27839848074834,17.25555772614079,23.968006854751238,20.93214190193055,1.1972978348305516,0.6552756099194096,0.542022224911142,-0.04785173029456813,24.6772871933549,89.97279504779156,-4.42149504999999,-11.635090772659035,-44.877805545839834,33.2427147731808,128.875,127.6500015,128.26250075000002,130.125,134.85749825,139.7649995,88.0,44.0,44.0,127.20628510875315,,0.0,0.0,99.45152533910661,56.45505710707459,0.8344545331261424,0.9125871444024479,0.960055740998207,6.61852825323052,69.85597445160366,88.31504833751157,92.070924229274,-11.684951662488423,4.278939170588245,130.83672446197502,7.350708761859193,-11.814880188750877,-5.481784169153715,-6.3330960195971615,-0.18532246932494445,-0.1854944038681694,-3.296474314260478
156,2019-01-16,135.039993,136.759995,134.830002,135.839996,131.647842,303100,-4909582.695576192,-1828600,0.09885232981954332,268279.0848526781,80.39829492000362,668.5907093299252,852.0763582838966,2303.9977759542285,825.2232193658181,130.0358607670675,3.2650428000644807,128.90799895,140.05568807623982,117.7603098237602,17.29557392410335,0.8109163240694987,0.0,0.0,132.7986654,135.7066656,129.8906652,4.379562386776823,1.0229247577080645,1.0,0.0,117.720001,136.889999,127.30499999999999,14.871069410855975,0.9452267548489063,4.976818411507208,1.2743876930640283,0.055047672986068275,1.21934002007796,131.90583225,129.94499880769231,132.89068228634954,131.61629459328552,16.72675484543276,24.376324757289712,20.00384916178436,1.2559240718884748,0.6219305965741411,0.6339934753143337,-0.01263135306042416,24.442998412674836,95.62385855766514,-2.6479969500000067,1.2482602326295513,-37.61226441939184,38.8605246520214,130.1149975,127.6500015,128.8824995,130.125,135.38750075000002,139.480003,84.0,40.0,44.0,128.5620050535277,,0.0,0.0,99.72576266955332,58.36023005944089,0.9157974914281779,0.8847085296467346,0.9216882135809721,8.095255041118394,67.03197865419754,93.62088053589811,90.5183661231369,-6.3791194641018905,4.269938808823554,131.48993783937723,9.407209748479078,-11.299125097356844,-6.645252354794341,-4.653872742562504,0.883774268864812,0.879891841899294,-2.441833437164831
157,2019-01-17,135.289993,138.830002,135.289993,137.839996,133.586105,430900,-4719695.407916753,-1397700,0.15990549284204852,353067.7870165813,80.84164019418526,1039.245264560457,704.6400619602446,9022.948499866503,825.2232193658181,131.16950973128618,3.292539420058033,129.34799909999998,141.15686026870205,117.53913793129792,18.259055031183806,0.8595603665198057,0.0,0.0,134.29433186666668,137.16133326666665,131.42733046666666,4.2697280818172985,1.118357586664131,1.0,0.0,117.720001,138.830002,128.2750015,16.32031507783874,0.9531025128800329,4.554508980792072,1.5748056530712802,0.3589992690031107,1.2158063840681694,132.87083175,130.07807538461537,133.6521151653727,132.0773095123014,16.850610040219415,26.905830528528853,18.519908583320362,1.2144762948350252,0.602004809574159,0.6124714852608661,0.02282624615352978,24.26835557098043,102.26950305055934,-4.297996099999978,15.24868288641487,-28.622978215739206,43.87166110215408,133.79499850000002,128.2750015,131.03500000000003,130.125,135.432501,139.3899995,100.0,36.0,64.0,129.72792420603383,,0.0,0.0,99.86288133477666,61.41567574696344,1.0,0.9167506748514401,0.9046821163002076,10.25052687414498,63.3716280822038,94.49078494764696,92.14223794035222,-5.509215052353048,4.471645297058842,133.428591048782,9.171545870876837,-7.638114532368329,-6.843824790309139,-0.7942897420591901,1.4723204202685691,1.461587008389209,-1.005464629220587
158,2019-01-18,139.25,141.320007,138.339996,140.770004,136.425705,502100,-4402934.660892666,-895600,0.26217964553997347,512794.81984278304,81.24341440543039,1644.0235789770913,747.9769885895557,17017.161507911445,825.2232193658181,132.73364933679193,3.3112865780522283,130.10149945,142.77466031517812,117.42833858482189,19.481959729524267,0.9209093794159003,0.0,0.0,135.57033180000002,138.1233332,133.0173304,3.766312829810451,1.5183449566459326,1.0,0.0,117.720001,141.320007,129.520004,18.139687935779595,0.9766947940606454,3.9561881308782545,2.025962178398089,0.6923918508821063,1.3335703275159827,134.18083183333331,130.35615273076922,134.7471749860846,132.7212128076865,17.606781643084453,30.156780621749558,17.17135432869004,1.2017502831234157,0.5562367293591782,0.6455135537642375,0.06123684617086843,24.197385518679745,119.46052975835703,-8.681501449999999,26.714721341501583,-18.47569112827897,45.190412469780554,137.15500600000001,129.520004,133.33750500000002,130.125,136.307499,138.8099975,100.0,32.0,68.0,131.18425665306842,,0.0,0.0,99.93144066738833,65.41905387407195,1.0,0.971932497142726,0.9244639005469669,13.362391843452398,67.28339999486354,97.31181408255695,95.14115985536735,-2.6881859174430525,5.101645523529442,135.3767893825477,12.570972109452885,-3.1454757041701162,-6.104154973081334,2.958679268911218,2.1256587964497475,2.103381805449711,1.098821419892948
159,2019-01-22,139.169998,139.589996,136.470001,137.600006,133.353546,306100,-4487307.042418918,-1201700,0.2880856549298069,300918.93303667154,74.77425560184385,-1834.6946618703175,586.178643005987,3779.8706572260417,806.6400277723646,133.5148787528503,3.4101582202470055,130.73449965,143.5767563914255,117.89224290857452,19.646316428802724,0.7673013975749999,0.0,0.0,136.2513320333333,138.72833253333334,133.7743315333333,3.6359284904371125,0.7722393408210195,0.0,0.0,117.720001,141.320007,129.520004,18.051857821142477,0.8423728790577428,3.5521937343116794,2.1034671691424762,0.9746069145341802,1.128860254608296,135.52916583333334,130.4326913846154,135.1860720651485,133.08260489600602,17.56475599227025,27.49285412317393,19.4960789497011,1.1130649597445899,0.5984090674965932,0.5146558922479967,0.09505969013579056,24.228565094916853,84.42243088380023,-1.384493649999996,35.20598628923974,-7.955860575331696,43.16184686457144,137.375,129.520004,133.447502,130.125,136.307499,137.9950025,96.0,28.000000000000004,68.0,133.0086917155161,,0.0,0.0,99.96572033369416,58.36348848179309,0.7525071793100409,0.9175023931033469,0.9353951883658377,13.97614044249971,58.32976968658272,81.81818226250766,91.20692709757054,-18.18181773749233,5.527292638235309,135.55402406241402,13.325653324421896,-4.059666423656918,-5.695257263196452,1.6355908395395335,-2.2518987780947963,-2.2776412151125136,-1.1778217043298622
160,2019-01-23,138.300003,139.259995,135.770004,135.910004,131.715668,309300,-4771792.07871271,-1511000,0.33294282184340596,183256.56851714614,73.74534277915771,-581.0998625958656,628.1313885214724,-10691.881896718281,806.6400277723646,134.24029358938242,3.4181414982223055,131.34449990000002,143.95099045731575,118.73800934268426,19.19606921784129,0.6810775203155387,0.0,0.0,136.51999866666668,139.14599826666668,133.89399906666668,3.8470548280794494,0.38385476778696126,0.0,0.0,117.720001,141.320007,129.520004,17.96801999167687,0.770762643026446,3.0229426954783554,2.005404342299556,1.1807664000872555,0.8246379422123007,136.07583233333335,130.4673071153846,135.2974462089718,133.29204186667224,17.259047813926788,25.522262366013692,19.536303332798038,1.1510337387324587,0.6033008630494582,0.5477328756830006,0.12159664559263943,24.313627917513315,68.12682433682905,0.48550209999999083,40.1719636899254,1.9115257040585358,38.260437985866865,137.375,129.520004,133.447502,130.125,136.307499,137.8600005,92.0,24.0,68.0,134.5047284667232,,0.0,0.0,99.98286016684708,54.96027366938812,0.6331303205457977,0.7952124999519462,0.8948824633993397,13.458484158135345,50.26975030145183,73.55815535928966,84.22938390145143,-26.441844640710347,6.032911173529413,135.5580433343956,5.0715096217312725,-4.680090029982389,-5.49222381655364,0.812133786571251,-1.228199074351799,-1.2358037705396896,-2.391554783411576
161,2019-01-24,136.190002,137.850006,135.759995,136.759995,132.539444,297900,-4784621.808747624,-1213100,0.34844753596701394,193250.24714326885,73.22683971299624,-498.12209465894426,709.1154669277095,-1935.7315797509834,811.6848128777075,135.11847577832893,3.285328448400075,132.25049970000003,143.61821320946598,120.88278619053409,17.191184207625252,0.6983466286445772,0.0,0.0,136.65499880000002,139.2880006,134.021997,3.8535023572075904,0.5199384975733784,0.0,0.0,117.720001,141.320007,129.520004,17.84492765890094,0.8067792016663047,1.5749487204737231,1.9735264313280538,1.3393184063354153,0.6342080249926385,136.48666508333335,130.62884546153848,135.52245371528383,133.54892728395578,16.97120236297719,24.39459901487712,18.694280067780554,1.2071219958647623,0.6119730081045384,0.595148987760224,0.14311597826476444,24.285482832215294,60.90594761076914,2.649494299999958,46.70169866801444,11.42762300122686,35.27407566678758,137.375,129.520004,133.447502,130.125,136.307499,137.5699995,88.0,20.0,68.0,135.73147860271303,,0.0,0.0,99.99143008342354,56.339232431831306,0.37209536742267324,0.5859109557595038,0.766208616271599,13.431318485772628,53.12618207953178,74.63843598315931,76.67159120165222,-25.3615640168407,6.319323411764685,135.57372425106024,3.739659353111438,-5.3987320611045275,-5.473525465463817,0.07479340435928972,0.6254072363944818,0.6234596812205062,-1.781104503694897
162,2019-01-25,138.419998,139.289993,137.160004,137.259995,133.024002,263200,-5023110.290331328,-949900,0.2749054313485101,184443.06897994474,72.45472254635334,1149.1565805554776,428.2688853501469,2825.357861894101,814.6523649490485,135.98250192309004,3.2097954035600678,132.92999955,143.77767381668485,122.08232528331511,16.320882123533973,0.6995817418346624,0.0,0.0,136.87299860000002,139.4489996,134.2969976,3.76407476470674,0.5751157317097315,0.0,0.0,120.43,141.320007,130.8750035,15.715043309048141,0.8056481263984258,1.5829415962475004,1.9659465702383727,1.464644039116007,0.5013025311223658,136.68333183333334,130.93461457692308,135.78976775908632,133.82382118884794,17.142134450528427,26.165815934823172,17.676147779715702,1.2463978660320723,0.6763539435545298,0.5700439224775424,0.1607882770111848,24.214022273371192,70.51582702629464,2.609993450000019,53.50111912376152,20.701747901565444,32.79937122219607,137.375,129.520004,133.447502,130.125,134.802498,137.5699995,84.0,16.0,68.0,135.770004,,0.0,0.0,99.99571504171178,57.169933267482556,0.2527550126886346,0.4193269002190352,0.6001501186434951,13.640683241010326,48.596353559008605,67.67509457793511,71.95722864012804,-32.32490542206489,6.508794317647016,135.5885204511388,1.749444851717348,-6.762166468255783,-5.73125366602221,-1.0309128022335727,0.3656039911378972,0.3649372842567722,-1.4220123017088304
163,2019-01-28,134.839996,136.610001,134.470001,135.649994,131.463715,379300,-4984119.313789276,-1329200,0.22802276187374326,70855.00493995206,62.89274585057289,-1514.868085947806,117.90723374898054,-3486.7569713059274,814.6523649490485,136.5933617163138,3.1678152632040617,133.44099925,143.7781763082738,123.1038221917262,15.493254871251727,0.6068470984654332,0.0,0.0,136.8333318666667,139.38133306666668,134.28533066666665,3.7242405271295187,0.2677909518514613,0.0,0.0,120.860001,141.320007,131.090004,15.332623492775596,0.7228733461759489,1.857584557608001,1.8091708549090129,1.5335494022746081,0.27562145263440474,136.69249858333333,131.18884538461538,135.76826410384228,133.95909324893327,16.23913345036484,24.576248935500537,22.459579980455263,1.0576970434577833,0.800357283507737,0.2573397599500462,0.17238472963723186,24.052256075884905,35.00422659278512,3.1290077499999995,55.0774246196075,29.13719623093728,25.940228388670217,137.375,129.520004,133.447502,130.125,134.15250025,137.53500350000002,80.0,12.0,68.0,,141.320007,0.0,1.0,99.99785752085589,53.63147676474545,0.0,0.20828346003710263,0.4045071053385472,12.818750917615972,47.02077554015354,31.93263338952372,58.082054650206054,-68.06736661047628,5.565941202941161,135.58912402116664,0.08115759604619625,-4.978638990360974,-5.580730730889963,0.602091740528989,-1.1729572043187142,-1.179890617980739,-2.578289910288356
164,2019-01-29,136.460007,139.220001,136.460007,139.100006,134.807236,358400,-4656883.30037765,-970800,0.30886353218722196,237373.47577710255,62.46617387109544,1771.203816959259,132.72950530256153,4666.228432692427,835.3715729049488,136.94748199412507,3.2080344368836564,134.18799934999998,143.8731782254625,124.50282047453744,14.435238504750142,0.753583682509191,0.0,0.0,137.13833266666668,139.81933246666668,134.45733286666666,3.909920367074234,0.865847347943355,0.0,0.0,120.860001,141.320007,131.090004,15.247269576346067,0.8914955841166422,1.8844488840476674,1.9409381793100806,1.6150271576817028,0.3259110216283778,136.90333183333334,131.70423034615385,136.28083978017423,134.33990160086415,16.186028434902568,28.325257198870695,20.724648928788035,1.009347646077371,0.7870131337484493,0.22233451232892165,0.18420072856745606,23.981946329497564,74.0563713123278,2.371998650000023,58.50679875862974,36.93073951219159,21.57605924643815,137.895004,129.520004,133.707504,130.125,132.46250175,137.03500350000002,76.0,8.0,68.0,,141.18300688,0.0,0.0,99.99892876042794,59.42664724189694,0.4916337278986931,0.2481295801957759,0.29191331348397126,13.794608243008803,49.87752563525565,71.86315512241177,57.15696102995687,-28.136844877588228,5.4442657882352705,135.7408517814998,1.8525290110001997,-4.028177057199176,-5.270219996151806,1.24204293895263,2.54331894773252,2.511514719036967,-0.1005450983716849
165,2019-01-30,131.25,138.229996,130.0,137.100006,132.868973,545400,-4261251.671103467,-1516200,0.31690811681441955,47634.40780894508,52.486159634393,-5620.972585254115,-328.5843808699422,1273.4150443386025,835.3715729049488,136.84092897613596,3.797231593195292,134.72999955,143.77173395950973,125.68826514049027,13.422006145192968,0.6310592825811898,0.0,0.0,137.17799990000003,140.4189988,133.937001,4.725245888353258,0.4879676139353216,0.0,0.0,120.860001,141.320007,131.090004,15.185931914448675,0.7937439021278881,2.0091393791779715,1.8625115738772138,1.664524040920805,0.1979875329564087,136.9483325,132.1719228076923,136.40686535245513,134.54435377857791,15.860309411665813,23.369713855249998,29.518474606229063,0.8210452049596613,0.8521209853357379,-0.03107578037607661,0.19229079434438998,24.18820738706226,14.176007271607473,0.16999444999999014,59.22083041850864,43.372136199511495,15.848694218997146,135.66000350000002,129.520004,132.59000375,130.125,132.12749875,135.925003,72.0,4.0,68.0,,141.0487467624,0.0,0.0,99.99946438021396,55.125451707774786,0.12674147784342227,0.20612506858070512,0.22084603627119456,13.328439048297383,54.81948315992256,62.72086227508521,55.50555026234023,-37.27913772491479,4.752059576470629,135.76772020326126,0.39543644398706,0.9644468600461774,-4.02328662491221,4.987733484958387,-1.4378144599073606,-1.4482511731888081,-1.5369139063159287
166,2019-01-31,137.029999,138.740005,136.240005,137.860001,133.605484,432200,-4133321.854143462,-1084000,0.29569308255065696,87753.75512195315,54.02930556252729,1952.22524294308,-182.97569544695787,-5445.998892744971,840.0023401607132,136.97665997706946,3.6675084338757626,135.37049945,143.32857181825034,127.41242708174968,11.757469168812063,0.6564136033703439,0.0,0.0,137.35833383333335,140.65633343333334,134.06033423333332,4.80203786397367,0.5760562807021985,0.0,0.0,120.860001,141.320007,131.090004,15.114080307842142,0.8308892969044099,2.083717600764712,1.8404674063856135,1.6997127140137667,0.1407546923718468,137.19499975,132.71615365384616,136.63042468284664,134.78995727646102,15.401781774735104,23.22358182020816,28.065769749947915,0.963839375249757,0.8458880080984872,0.11795136715126986,0.19827582222383563,24.246674020935913,66.1082256145381,-0.7205054500000188,58.43071837614594,48.170140142814944,10.260578233330996,135.66000350000002,129.520004,132.59000375,130.125,131.67250074999998,134.6150015,68.0,24.0,44.0,,140.606796891904,0.0,0.0,99.99973219010698,56.41636429681223,0.2362561454519216,0.284877117064679,0.24637725528038668,13.318327409451323,57.72452386854201,69.43459487260041,68.00620409003247,-30.565405127399583,4.81435457941177,135.8023596339014,2.1942232258364807,2.2402771162621957,-2.7705738766773287,5.010850992939524,0.5543362266519525,0.5528054379297487,-0.9910973502191278
167,2019-02-01,137.75,139.229996,137.179993,138.070007,133.809036,265300,-4168260.518867366,-818700,0.32181091145675916,83176.73179024529,53.962991440458715,552.4804447676238,-167.26920358977662,2799.980090753096,841.2819392479624,137.10071278925253,3.5057578904881863,136.2029999,141.0085027750921,131.39749702490792,7.056383308180113,0.6942572035152739,0.0,0.0,137.44233400000002,140.59133300000002,134.29333499999998,4.58228394171481,0.5996623053865685,0.0,0.0,123.339996,141.320007,132.3300015,13.200892060527957,0.8192437145894961,2.145844056810431,1.8189749628365064,1.7235651637783147,0.09540979905819169,137.48000083333332,133.46346165384617,136.8518988854856,135.0329239226491,14.820827135853675,23.251835968656607,26.896851617382534,0.972661340324633,0.8392269887880126,0.13343435153662042,0.2025002596953665,24.133457202618253,83.27270260527811,-0.3630038999999954,58.292778388226075,51.67881314800656,6.613965240219514,134.79499800000002,129.520004,132.15750100000002,130.125,129.25249875,130.99499500000002,64.0,20.0,44.0,,140.18252501622783,0.0,0.0,99.99986609505349,56.7862979747702,0.267639497138781,0.21021237347804164,0.23373818637447527,13.412346034292307,60.849878530841615,71.28977040385223,67.81507585051263,-28.710229596147766,4.7534423088235656,135.81430612730804,2.5399280745604873,-0.37716942000974507,-2.2918929853438117,1.9147235653340666,0.15233280028772445,0.15221689157396412,-0.8402743162785664
168,2019-02-04,138.119995,138.279999,137.460007,138.130005,133.867157,203600,-4039146.070921527,-615100,0.29095532840783095,73039.42622021046,53.56256305953609,-134.91667488605367,-158.15588499539075,492.61282501316447,841.6475163554584,137.20463440680004,3.2371813014393696,136.64199985,140.33955832966132,132.94444137033867,5.412038002547319,0.701214552546619,0.0,0.0,137.22366746666665,140.15666456666668,134.29067036666666,4.274768564558982,0.6545070626447841,0.0,0.0,128.759995,141.320007,135.04000100000002,9.191911720984667,0.7460191917014098,2.1792343403419605,1.7861932596246959,1.7360907829475911,0.05010247667710477,137.67083491666668,134.01961576923077,137.0485305954109,135.2623373357862,14.281369256892347,22.84202688729663,26.422799844969656,0.9848883881879985,0.8491103483906496,0.13577803979734893,0.20504126397445088,23.893396275889696,69.11896700279533,1.197996150000023,55.126168777818094,53.89216675784859,1.2340020199695019,134.6449965,130.8750035,132.76,130.125,128.58499899999998,130.125,60.0,16.0,44.0,,139.77522401557871,0.0,0.0,99.99993304752675,56.898856646507,0.2771884206107421,0.2603613544004816,0.25181694831440077,13.51988331248641,63.04518517748675,71.81978774394759,70.84805100680008,-28.180212256052418,5.1447365617647165,135.88577849737973,1.6858135066493944,-3.946560472980476,-2.6228264828711447,-1.3237339901093312,0.04345476711680174,0.043445328267210925,-0.7971846884090472
169,2019-02-05,138.0,138.860001,137.350006,138.350006,134.080399,268500,-3952015.75426485,-346600,0.2661154570034137,71043.83226018026,58.323782458634035,132.1599925502866,-91.11345246927861,516.1164625846765,841.6475163554584,137.3623675195226,3.0644626712954333,136.96800005,140.00102272200914,133.93497737799086,4.428804787836484,0.727826511610699,0.0,0.0,137.25366780000002,140.0256649,134.4816707,4.039232094022054,0.6977524074610327,0.0,0.0,130.0,141.320007,135.66000350000002,8.264709272142143,0.7376325827360358,2.1952175975163533,1.757704047596917,1.7404134358774566,0.017290611719460447,137.71333575000003,134.5165390769231,137.2487575807323,135.49105353313539,13.577180799523058,23.36781473239541,25.530453529761733,1.0097989242074423,0.8315851991046227,0.17821372510281963,0.20625583341558432,23.70619236709029,73.98824339031485,3.8020039499999996,54.33812849383227,55.466185069393795,-1.1280565755615228,134.6449965,131.090004,132.86750024999998,130.125,128.28499975,130.125,56.00000000000001,12.0,44.00000000000001,,139.38421505495558,0.0,0.0,99.99996652376338,57.33766478617504,0.31441474249166956,0.2864142200803976,0.2523293159863069,13.722710234151783,66.80200367804463,73.76325827360358,72.29093880713447,-26.236741726396417,5.0703834617646635,135.91258854855283,0.3700014616947566,-5.305118156490866,-3.159284817595089,-2.145833338895777,0.15927097085097763,0.15914426915504265,-0.6391834013507736
170,2019-02-06,137.860001,139.169998,137.860001,138.190002,133.925308,203700,-4053087.7273304416,-550300,0.1988732144656059,56238.59696586837,57.498919666731794,263.6688905311648,-120.03643952633294,192.06024096681426,840.6741375092952,137.5057291315107,2.889016104165888,137.13250045,140.05385509316025,134.21114580683977,4.260630607002459,0.6809950655042701,0.0,0.0,137.3963344,139.95033210000003,134.8423367,3.7177086436157656,0.6553775087581274,0.0,0.0,130.0,141.320007,135.66000350000002,8.254795152756222,0.7234979625012591,2.2446615294007004,1.7025887726737778,1.732848503236721,-0.030259730562943066,137.49833558333333,135.05615438461538,137.3935644144658,135.69097564179202,12.81111204022755,23.376872661856655,24.74954303462593,0.9934997936514275,0.8416890828989239,0.15181071075250363,0.20587895804739903,23.569251117047028,78.65756054418169,0.4675055499999985,54.2650772800757,56.30656047073394,-2.0414831906582407,134.6449965,131.090004,132.86750024999998,130.125,127.73749925,130.125,52.0,8.0,44.0,130.0,,1.0,0.0,99.99998326188168,56.88407066253392,0.27593405053655795,0.28917907121298986,0.278651548564623,13.782152453673053,66.7052256649449,72.3497962501259,72.64428075589235,-27.650203749874095,5.725089541176459,136.00766550745442,-1.832778238750357,-7.995869488502024,-4.126601751776477,-3.869267736725547,-0.11565160322437595,-0.11571853129828114,-0.75409577872394
171,2019-02-07,137.190002,137.990005,136.240005,137.850006,133.59581,354700,-3755139.3219590085,-905000,0.23733000778067126,30976.42865645936,49.25520844045093,-690.7218424020325,-243.6055185950822,-1108.2690474752696,840.6741375092952,137.51177296038125,2.795114193749299,137.2480011,140.0899543363688,134.40604786363122,4.141340075762742,0.6059139348769137,0.0,0.0,137.45333506666665,139.97333166666667,134.93333846666664,3.6666940075012104,0.5787046564533762,0.0,0.0,130.0,141.320007,135.66000350000002,8.247848354273774,0.6934629987419624,2.3121080817818744,1.6128823803815635,1.7088552786656896,-0.09597289828412614,137.51916891666667,135.50192376923076,137.46378619685566,135.8509038164741,12.641271685771935,22.284204735491876,27.47584324768039,0.9382980792602935,0.9091339227363325,0.029164156523960982,0.20354313285084677,23.48062427950196,17.575633589705507,-1.337997100000024,53.22781226149357,56.27619304159306,-3.0483807800994924,134.614998,131.090004,132.85250100000002,130.125,127.47000125,130.125,48.0,4.0,44.0,130.18339996,,0.0,0.0,99.99999163094084,55.8725984896047,0.1901257318678357,0.26015817496535437,0.27858382208624727,13.585843535393522,64.4600802533782,69.34629987419623,71.81978479930858,-30.653700125803766,5.443177688235295,136.04124990827398,0.18168603858927157,-6.252125123082679,-4.551706426037717,-1.7004186970449613,-0.2460351654094195,-0.24633832928442345,-0.9982756033368401
172,2019-02-08,137.339996,140.070007,137.339996,140.020004,135.698853,403400,-3366516.705786401,-501600,0.2519655923465765,151605.10930553614,48.10976173324526,1076.030722598294,-284.1764369078534,5477.528394144834,840.6741375092952,137.36733052101937,2.788603874374368,137.42050095,140.48685680350124,134.35414509649874,4.462734209675067,0.9238749796491861,0.0,0.0,137.5773355666667,140.15733436666667,134.99733676666668,3.750616028974907,0.9733855754764935,0.0,0.0,130.0,141.320007,135.66000350000002,8.23749507660342,0.8851588165979046,2.3121080817818744,1.6973244219716435,1.7065491073268804,-0.009224685355236906,137.86166891666667,136.07769303846155,137.85705047426248,136.15972605229084,11.761340268852425,25.832984095491422,25.667034632959496,0.9015703360861146,0.9297979713060919,-0.028227635219977287,0.20277181724845747,23.421135563305683,109.87947534889601,-0.6605059499999868,52.330883206403655,55.9710217734593,-3.6401385670556436,135.03500350000002,131.090004,133.06250375000002,130.125,126.982502,130.125,44.0,4.0,40.0,130.36313192080001,,0.0,0.0,99.99999581547041,60.67838848947009,1.0,0.4886865941347979,0.34600794677104735,14.650566397653916,64.70239768529572,99.50344622401947,80.3998474494472,-0.49655377598053085,5.211120367647084,136.22667081538776,3.024059950730348,-3.63200548237118,-4.36776623730441,0.7357607549332306,1.5741733083421083,1.5619117121022263,0.5601831169138594
173,2019-02-11,140.220001,140.619995,139.429993,140.360001,136.028351,280500,-3208585.0997890905,-221100,0.24515118887991977,143571.40204760287,54.59365291648706,559.9977593529308,-113.12697824904997,7031.326079826914,842.7154650094054,137.50265900484806,2.6287436869369305,137.61050110000002,140.90263977200325,134.3183624279968,4.78472012773338,0.9175856751390953,0.0,0.0,138.03333533333335,140.51833433333334,135.54833633333334,3.60057806905707,0.9681421736319952,0.0,0.0,130.0,141.320007,135.66000350000002,8.226121487468372,0.9151938686963716,2.232403650760287,1.7712622560154898,1.7194917370646023,0.05177051895088747,138.16166941666668,136.8061546923077,138.2421197859144,136.47085752989892,11.136392066351501,26.44405245107997,24.897608042202584,1.0300285644402263,0.8947642418533904,0.13526432258683585,0.20315814649782196,23.19151191098301,149.8102944493656,-0.35050610000001825,52.0317465140432,55.25157152406079,-3.219825010017594,135.3099975,132.3300015,133.8199995,130.125,126.4624995,130.125,40.0,4.0,36.0,130.751406923968,,0.0,0.0,99.9999979077352,61.38793344369444,1.0,0.7300419106226119,0.49296222657425476,15.741252952675719,66.83653551683818,97.55184442177253,88.80053017332942,-2.4481555782274653,5.216677494117619,136.7522788295656,2.6323531234408186,-4.545554585563082,-4.403323906956145,-0.1422306786069365,0.24282030444735536,0.24252597231528839,0.8043636597111714
174,2019-02-12,141.270004,144.539993,140.649994,142.970001,138.5578,325700,-3145788.197913281,104600,0.26574035915071653,244500.77318365892,61.59458512250573,3069.4797313480435,147.62870703265781,6737.515869503427,842.7154650094054,137.90881919957948,2.7838685182432372,138.01400145,141.81694833283808,134.2110545671619,5.51095808089562,1.1515998911745788,1.0,0.0,138.47933446666667,141.07733396666669,135.88133496666666,3.7521836886432727,1.3642546954557344,1.0,0.0,130.0,144.539993,137.2699965,10.535157916762227,0.8920225064757588,2.0327922830237517,2.0172105618217415,1.7790355020160302,0.2381750598057113,138.63750324999998,137.33000065384616,138.96948612654296,136.95227556472122,11.744803679679807,33.302105757321925,22.361829780751748,1.0720245208736268,0.7797490892811743,0.2922754315924525,0.20768759689610422,23.135023220290904,251.73498516322667,-2.3640074500000026,53.395428515766284,54.60430464597831,-1.2088761302120261,140.389999,136.649994,138.5199965,131.129997,126.857502,130.125,100.0,24.0,76.0,131.34352220852992,,0.0,0.0,99.9999989538676,66.40021252161262,1.0,1.0,0.7395761682524699,18.167060855014192,69.29177935410348,89.2022506475759,95.41918043112264,-10.79774935242412,5.614381538235307,137.41809165218515,4.15999286609328,-4.10947635007474,-4.3445543955798644,0.23507804550512468,1.8595041189832795,1.8424267195995547,2.678824954078385
175,2019-02-13,143.460007,144.100006,141.850006,141.970001,137.588654,354200,-3462208.4388021734,-249600,0.21532342094929166,158972.0913002791,60.656392924729666,241.39698616601206,200.4514985201547,3578.962112684917,842.7154650094054,138.34198847387938,2.7304816664189135,138.3800018,142.22620216296548,134.53380143703453,5.558896246474071,0.9666942516265654,0.0,0.0,139.23233483333337,141.23233473333335,137.23233493333333,2.872895728415508,1.184416575887491,1.0,0.0,130.0,144.539993,137.2699965,10.507293547383094,0.8232466824433814,1.8940883025975492,2.10714486908509,1.8446573754298423,0.2624874936552477,139.1641705,137.7200006153846,139.4311037993825,137.3239589302974,12.30975732062752,31.44556373201914,21.11519159357029,1.1031705202448836,0.755456874551489,0.3477136456933946,0.21288865401495083,23.163180761225238,210.9742284681605,0.7200042000000053,56.05460562898421,54.3402921185159,1.7143135104683154,140.389999,137.2699965,138.82999775,131.129997,127.6525,130.125,96.0,20.0,76.0,132.39923987184753,,0.0,0.0,99.9999994769338,63.02449757876175,0.735626532874614,0.9118755109582047,0.8806391405269389,19.329701182821953,62.737013395870925,82.32466824433814,89.69292110456219,-17.675331755661862,5.852853176470575,138.28788290089898,4.659054389637499,-3.022730073675261,-4.080189531198944,1.057459457523683,-0.6994474316328825,-0.7019050316323217,1.960640550106274
176,2019-02-14,141.279999,142.919998,140.740005,141.080002,136.726151,441000,-3765649.577833349,-690600,0.16517935682312115,80191.85554309707,52.846671611187816,-566.0094773171255,77.93963724354019,-5242.037831620157,842.7154650094054,138.6624724027146,2.6754327997770218,138.6420021,142.47428013355503,134.809724066445,5.528307403972513,0.8180875550590445,0.0,0.0,139.62900130000003,141.5970005,137.66100210000002,2.818897480719851,0.8686487016864638,0.0,0.0,130.0,144.539993,137.2699965,10.487437269920965,0.7620362678303902,1.807846630595642,2.0825961027633753,1.892245120896549,0.1903509818668263,139.32917016666667,137.95769323076922,139.68478044563133,137.60218434286796,12.37843699635068,29.716962683506743,22.75346861645223,1.0487805018774063,0.8324150054173907,0.21636549646001568,0.21657570797686035,23.24214031021859,133.59599086423668,-1.5419961000000058,57.459050601073926,54.24765569772122,3.211394903352705,140.389999,137.2699965,138.82999775,131.129997,128.2400015,130.125,92.0,16.0,76.0,133.3705001220997,,0.0,0.0,99.9999997384669,60.096185199497384,0.5062919742289399,0.747306169034518,0.8863938933309076,19.524063665247425,58.22320346152508,76.20362678303904,82.57684855831769,-23.79637321696097,6.175264182352919,138.55083477994137,1.4234334396793624,-0.09308243031016147,-3.2827681110211877,3.189685680711026,-0.626892296774717,-0.6288655175018754,1.3214571487554894
177,2019-02-15,141.839996,144.220001,141.580002,144.119995,139.672302,260900,-3524515.9227448446,-429700,0.17692208976106638,182040.75813693966,59.70037368687972,1082.7132732847863,263.48116290301107,2857.2802367199856,860.8743045210488,139.16957548540714,2.7218894197993184,138.95600205,143.44654873583573,134.46545536416426,6.46326408300078,1.074984886170816,1.0,0.0,140.14366803333334,142.1706668333333,138.11666923333334,2.8927440368092308,1.480840976982001,1.0,0.0,130.0,144.539993,137.2699965,10.463738727002337,0.9711142914580481,1.5242680696724205,2.282136014018306,1.9702232995209004,0.31191271449740565,139.91416925000001,138.2876933076923,140.36712114630345,138.08498513228514,12.832737660755843,30.63500770553695,20.965728298553802,1.1153843215256227,0.7344070531819737,0.380977268343649,0.2230527964964067,23.35414805803968,166.0748817970307,-1.096001049999984,60.15602195432439,54.80652827288858,5.34949368143581,140.389999,137.2699965,138.82999775,131.129997,129.26999849999999,130.125,100.0,12.0,88.0,134.26405955233173,,0.0,0.0,99.99999986923345,65.92077642006532,0.9574770490067632,0.7331318520367723,0.7974378440098316,21.448969096478983,65.06273063419495,97.11142914580482,85.21324139106066,-2.888570854195189,6.427793520588239,139.44590272887612,5.120341861983566,-2.0548100525725,-3.0371764993314505,0.9823664467589506,2.1548007916812884,2.131913164237531,3.504732709539904
178,2019-02-19,143.589996,144.559998,142.449997,142.539993,138.141037,275000,-3776057.2608769084,-704700,0.09602460058755842,93963.428403092,52.944845321992695,464.1971509076387,170.12354389932392,2607.0226074736074,860.8743045210488,139.47944577205377,2.6607005778193877,139.0445015,143.73966481324956,134.34933818675043,6.753468512021047,0.8722438674428933,0.0,0.0,140.66633393333333,142.82233363333336,138.5103342333333,3.065409667990391,0.9345221074628756,0.0,0.0,130.0,144.559998,137.279999,10.471466216159584,0.8612633737999142,1.51944583192754,2.286423408716388,2.033463321359998,0.25296008735639,140.30416858333334,138.51730815384616,140.70140912379523,138.41498571507884,13.355849642113128,29.853763617675128,19.837783602176888,1.1115610842445445,0.8071312448831698,0.3044298393613747,0.22835133851045603,23.462213113627694,140.6097871932991,-0.9744944999999916,62.50098192981962,55.71351198799828,6.7874699418213424,140.4000015,137.279999,138.84000025,131.1399995,129.43999875,130.125,96.0,8.0,88.0,135.0861342281452,,0.0,0.0,99.99999993461672,60.941842610255314,0.5158770991702022,0.6598820408019684,0.7134400206244195,21.594917518769872,57.59034522778728,86.12633737999141,86.48046443627844,-13.873662620008579,6.571588397058804,139.68767377721045,3.394742467759012,-3.280283321102046,-3.08579786368557,-0.19448545741647605,-1.0963100574628681,-1.1023638221878684,2.369999914895149
179,2019-02-20,142.589996,143.559998,142.190002,143.169998,138.751617,214300,-3683767.83609027,-490400,0.12484101706341141,99827.23455979262,56.74031716688151,-402.7503756462957,542.8537017284539,-2067.6793864485217,864.6792374721804,140.21067045615223,2.5316301200374505,139.3230011,144.29501691390104,134.35098528609896,7.137394076563626,0.8868649099269099,0.0,0.0,141.1450001,143.2869999,139.0030003,3.035176305901618,0.9726886295694287,0.0,0.0,130.0,144.559998,137.279999,10.450534287263503,0.9045329539193608,1.3617115501694421,2.313983180531494,2.0895672931942975,0.22441588733719664,140.72916783333332,138.77153892307695,141.08119202782672,138.76720884729522,13.720037844489392,28.771431262544173,19.80660508613275,1.3823837628010516,0.7862752235594038,0.5961085392416478,0.23306952733409986,23.56364557187188,113.61654108761897,-1.1929960999999878,64.08524149824882,56.804641345573074,7.280600152675746,140.4000015,137.279999,138.84000025,131.1399995,128.6725005,130.125,92.0,4.0,88.0,136.0335206053307,,0.0,0.0,99.99999996730836,62.16881564816107,0.5980668686573708,0.6904736722781121,0.694495855038951,22.073616152770594,53.04359226383559,83.29325517461358,88.84367390013661,-16.706744825386426,6.1133249764705795,139.9845377495353,3.6937718124400387,-5.784450768653336,-3.625528444679124,-2.1589223239742124,0.44198472775285325,0.44101084381269473,2.8224596803196
180,2019-02-21,142.339996,142.820007,141.470001,142.460007,138.063553,310100,-3539053.767708357,-800500,0.191499279356928,54113.59975125073,48.06599133235247,-317.8003805146744,380.7090143386143,-590.6364104513448,864.6792374721804,140.63244583210363,2.448466808033705,139.65050125,144.54236870763685,134.75863379236313,7.005871678010698,0.7871608618109617,0.0,0.0,141.5293339,143.67533459999999,139.38333319999998,3.0325878612787025,0.7168389553647411,0.0,0.0,130.0,144.559998,137.279999,10.426026308301568,0.8557698290892611,1.2821006860715494,2.2525679569617694,2.122167425947792,0.13040053101397753,141.09000133333333,139.06230865384615,141.29331740816107,139.0407494511993,13.715305904783014,27.441927112445185,20.848458885560447,1.1365397828534436,0.8118641732749864,0.3246756095784572,0.23569048111452318,23.596419048733107,80.48199243941863,-1.3004952499999831,65.7778807336992,58.19909339804037,7.578787335658838,140.949997,137.279999,139.114998,131.1399995,128.26250075000002,130.125,88.0,32.0,56.0,136.88616834479762,,0.0,0.0,99.99999998365418,59.88563913641814,0.381191847897566,0.49837860524171296,0.6162447727739312,21.81802715195097,52.02769083334875,74.75970232186476,81.39309829215658,-25.24029767813524,5.4152656352941335,140.14892348435103,3.1347294890780453,-5.276342386707253,-3.95569123308475,-1.3206511536225034,-0.49590766914727746,-0.497141371602261,2.312555217159029
181,2019-02-22,143.0,144.649994,142.429993,144.550003,140.089066,314400,-3252975.530085938,-486100,0.23732472011244313,140253.76298678695,48.816564912333256,985.0121135462729,411.6041335370892,3074.675998955656,864.6792374721804,141.03052711841647,2.425620227230334,140.04000165,145.18330245591034,134.89670084408965,7.34547378650412,0.9384345306828461,0.0,0.0,142.1809997,144.37400050000002,139.9879989,3.0848014919394426,1.040128234335341,1.0,0.0,130.0,144.649994,137.324997,10.46129236460202,0.9931746729725631,1.1751640975825828,2.345503654085661,2.1668346715753657,0.1786689825102954,141.60666774999999,139.44307823076923,141.79434596075168,139.44884230666602,14.326769589666196,30.797424749707247,19.57628023705951,1.1364278675349777,0.7662251461297623,0.3702027214052154,0.2393178092426449,23.682204195883536,111.31595065596487,-1.8499996500000009,68.06582867880661,59.947420672751804,8.118408006054807,142.03999349999998,137.324997,139.68249525,131.1849975,128.26250075000002,130.125,100.0,28.000000000000004,72.0,137.65355131031785,,0.0,0.0,99.99999999182708,64.0688978797091,0.778552420822473,0.5859370457924699,0.5915964411040983,22.831980558583876,54.92458351900268,98.81104481825139,85.62133410490992,-1.1889551817486166,5.14829362352944,140.63521339945197,4.48138542184089,-4.706976893647687,-4.105948365197338,-0.6010285284503487,1.4670755982765238,1.4564181529613585,3.813557748723162
182,2019-02-25,145.289993,145.990005,144.5,144.830002,140.360413,312700,-3427163.7460315186,-173400,0.24540564702532697,132725.4664601033,54.861484799835296,812.4310633338663,479.2718291242263,5218.19779085936,866.3541549179654,141.47053702969754,2.3320587045073,140.418502,145.79657102113276,135.04043297886722,7.660057534487548,0.9101379122009512,0.0,0.0,142.77733303333332,144.84633323333333,140.70833283333332,2.898219424671518,0.9960533514367669,0.0,0.0,130.0,145.990005,137.9950025,11.387391812511998,0.9274544942293645,1.0629147404737154,2.4139232383954266,2.216252384939378,0.1976708534560485,142.16000108333336,139.78884769230768,142.26136996678989,139.84744672839446,15.2998049508145,33.295469228799476,18.749330436108004,1.1943407678408047,0.6934881250880937,0.500852642752711,0.24335911730235282,23.658490197886245,126.19585316965879,-2.568495999999982,69.51460416321142,61.88996041154827,7.624643751663143,143.3199995,137.9950025,140.657501,131.855003,128.8824995,130.125,100.0,24.0,76.0,138.4931244330797,,0.0,0.0,99.99999999591354,64.60149097182575,0.8291425251421576,0.6629622646207323,0.5824259718849717,23.81424063068957,56.668466087187504,88.10253333333344,87.2244268244832,-11.897466666666555,5.063029088235311,140.97458828492253,4.804978583038167,-4.250448546045378,-4.134848401366947,-0.1156001446784316,0.1937039046619793,0.19351654056389833,4.014648663650955
183,2019-02-26,144.330002,145.190002,143.440002,143.539993,139.110168,233400,-3633891.8610029425,-406800,0.21238673872751956,70752.09973723147,49.068700137377974,-697.3011461011182,420.0246049348403,-1473.1948599637844,858.6374895751618,141.81725048741052,2.2738528340565702,140.81300195,145.8827270961268,135.7432768038732,7.200649195628932,0.7689486087902996,0.0,0.0,143.1693333,145.2943333,141.0443333,2.9685128106970096,0.5872140470588246,0.0,0.0,130.0,145.990005,137.9950025,11.355489037637122,0.8467785344657499,0.9876027692202207,2.3371125282290848,2.2404244135973195,0.0966881146317653,142.63416666666666,140.00807834615387,142.45808120266838,140.1209686744393,15.668300642317368,31.606726477030755,20.87053712658235,1.1606363356688214,0.7426450349612906,0.41799130070753077,0.2451499785361897,23.611878268587212,89.70230316615071,-0.7929979500000002,69.87169509953355,63.72065669863353,6.1510384009000205,143.365005,137.9950025,140.68000375,131.855003,131.03500000000003,130.125,96.0,20.0,76.0,139.54268771244855,,0.0,0.0,99.99999999795676,60.17592604788459,0.4087657037193946,0.672153549894675,0.640350953435959,23.387557114132704,55.538466856499966,74.87167179487193,87.26174998215225,-25.12832820512807,4.824588664705885,141.0773355070797,4.127665398868392,-5.918884880986871,-4.491655697290931,-1.4272291836959399,-0.890705642605738,-0.8946961387027663,3.088184318867282
184,2019-02-27,143.220001,145.220001,142.869995,144.960007,140.486389,269900,-3423712.883502461,-136900,0.1967124083770978,115396.3395747691,49.9555639852474,-235.0911522875148,384.3988875906489,591.1626782736007,858.6374895751618,142.13409229232371,2.281468150650914,141.106002,146.4174402319737,135.79456376802628,7.528295262697203,0.8628023928434039,0.0,0.0,143.33233379999996,145.30333449999998,141.36133309999997,2.750252713739048,0.9129052820732164,0.0,0.0,130.0,145.990005,137.9950025,11.331909892819441,0.9355848856832749,0.857569370137126,2.363576905982171,2.26505491207429,0.09852199390788119,143.04583358333335,140.1692323076923,142.84299286379633,140.47941595781415,15.72833522849022,29.446831959509804,21.10185756246996,1.1198958836981383,0.7605362299902004,0.3593596537079379,0.2468866010530184,23.59097392219143,88.04391604543676,-0.7460009999999784,68.5033302909207,65.10384832773758,3.3994819631831206,143.365005,137.9950025,140.68000375,131.855003,133.33750500000002,130.125,100.0,16.0,84.0,140.44531213270577,,0.0,0.0,99.99999999897838,63.16713177344419,0.692895205092185,0.6436011446512458,0.6595723197222177,23.884843298447844,54.54554666574403,89.43591794871789,84.13670769230775,-10.564082051282115,4.762853176470571,141.17327213404258,3.5280694607036223,-6.234099269721948,-4.8401444117771355,-1.3939548579448129,0.9892810848889821,0.9844197348820138,4.1080162270893394
185,2019-02-28,144.759995,144.809998,143.240005,144.100006,139.652924,278700,-3397083.778595622,-415600,0.14397519118120763,64670.82267837421,50.65809960540418,-11.264573026367252,432.9315496889107,1016.6323748956393,858.6374895751618,142.65520336774912,2.2253215355858216,141.45600199999998,146.5848017906012,136.32720220939876,7.25144174596596,0.7577605003070399,0.0,0.0,143.47333366666663,145.37633366666665,141.57033366666664,2.652757765315845,0.664653792257845,0.0,0.0,136.240005,145.990005,141.115005,6.89260254930717,0.8061539487179499,0.6732215824333326,2.2887716873444504,2.2697982671283223,0.018973420216128023,143.35750066666665,140.4192323076923,143.03637950013535,140.7476078127909,15.78408162993644,27.9417791333284,20.023323531856988,1.1879527998761044,0.7350234800817195,0.4529293197943849,0.24677881560089787,23.506742024024778,75.36308863041653,1.5139990000000125,66.91280039839955,66.15426497188487,0.7585354265146833,143.730003,137.9950025,140.86250275,131.855003,133.447502,130.125,96.0,12.0,84.0,141.22156913412695,,0.0,0.0,99.99999999948919,60.21719872310679,0.05089505744799443,0.3841853220865246,0.5666466722108151,23.451810516506168,58.24477110263516,78.15032331180242,80.81930435179741,-21.84967668819758,4.884882029411784,141.25275579924434,2.664580345792386,-6.184223819249369,-5.108960293271583,-1.0752635259777863,-0.5932677693648136,-0.5950345940624047,3.4903769214889246
186,2019-03-01,145.279999,145.509995,143.830002,144.850006,140.379791,183200,-3357824.8364452673,-232400,0.1347940307477915,75060.70515289219,48.13913527384444,591.4795005573163,398.3207481145551,-699.9328021651085,863.106456198115,143.09841756529354,2.170788682027239,141.80550225,146.8585798849739,136.7524246150261,7.126772311084852,0.8012524217843074,0.0,0.0,143.78833360000002,145.6413336,141.93533359999998,2.577399645168443,0.7864739341608245,0.0,0.0,136.240005,145.990005,141.115005,6.875614729540581,0.8830770256410267,0.6735269917658421,2.2639098016614128,2.2686205740349403,-0.004710772373527572,143.51416775,140.76307853846154,143.315398961653,141.05148915999158,16.101936542558754,28.642011892650054,19.00174924785656,1.1772933960045753,0.7725882728826321,0.4047051231219432,0.2460085282769215,23.469465357820184,88.57880325886272,0.16449875000000702,65.14507448075427,66.7086041414882,-1.56352966073392,143.730003,137.9950025,140.86250275,131.855003,133.447502,130.125,92.0,8.0,84.0,141.88915015534917,,0.0,0.0,99.9999999997446,61.88875546611162,0.30748234938083807,0.3504242039736725,0.45940355690381435,23.556664870185763,56.39218919141671,82.6219982524424,83.4027465043209,-17.378001747557608,4.835294705882347,141.46687134017466,1.3149646687069767,-8.759078563175978,-5.838983947252462,-2.9200946159235155,0.5204718728464064,0.5191220994292145,4.029015224468013
187,2019-03-04,145.759995,146.669998,144.300003,145.550003,141.058167,253300,-3343930.179916455,20900,0.14358154026177633,89667.6387167646,47.91904982515601,762.5545459889354,412.78909001712685,2177.593064464837,863.106456198115,143.45621581469157,2.190709313824514,142.17950205,147.17825813569453,137.18074596430546,7.031612874740039,0.8371339681531693,0.0,0.0,144.0083338,145.8343334,142.18233419999999,2.535963790173375,0.9221439040841009,0.0,0.0,136.240005,146.669998,141.45500149999998,7.3357923256279935,0.8926178569822636,0.6735269917658421,2.2744717909221492,2.269790817412382,0.004680973509767039,143.81250125,141.10115576923076,143.65918419832175,141.3847124073996,16.817310287086535,30.10252380905461,17.634868420519545,1.117339211628459,0.7613896174301015,0.3559495941983576,0.2453179665870251,23.518494800171062,105.09659892801444,-1.099500049999989,62.82097208993795,66.74415860372356,-3.923186513785609,144.0699995,138.33499899999998,141.20249925,132.1949995,133.447502,130.125,100.0,4.0,96.0,142.4632698336003,,0.0,0.0,99.9999999998723,63.433063530686525,0.5445367155323686,0.30097137412040037,0.34519363339353254,24.07590851212163,55.80726185732701,81.39544425551895,80.72258860658793,-18.604555744481047,4.594911938235327,141.5563504869122,2.521660896515742,-8.76632272862046,-6.424451703526062,-2.341871025094399,0.48325645219511326,0.48209251655864094,4.531742152695273
188,2019-03-05,145.550003,146.490005,144.5,144.740005,140.273178,369700,-3624454.676839831,-348800,0.07019981955913801,34078.51024294071,39.38056031515913,5.383832840140681,193.9250972665624,-833.3229794360243,863.106456198115,143.6774218116996,2.170638882442062,142.51000205,147.26207435627518,137.75792974372482,6.6691070632472575,0.7346347873384889,0.0,0.0,144.21433453333333,146.02833453333335,142.40033453333334,2.5156999903927355,0.6448926313855159,0.0,0.0,136.240005,146.669998,141.45500149999998,7.318779629475134,0.8149574021765885,0.6897536892472959,2.1922117222127895,2.254274998372464,-0.06206327615967444,144.1175015,141.38884846153846,143.82546432165685,141.63325259944406,17.48158590700519,28.264028394258457,16.55782833785689,1.1006358299594226,0.8958328838569996,0.204802946102423,0.24306431000101061,23.591485809136003,93.34477906505819,1.6099929499999917,60.90061441255563,66.39031114975766,-5.489696737202031,144.0699995,138.33499899999998,141.20249925,132.1949995,133.447502,130.125,96.0,8.0,88.0,143.13634634022424,,0.0,0.0,99.99999999993615,60.38394209202061,0.08256696280176949,0.31152867590499206,0.32097475133302167,23.67234052262964,47.29239243939205,67.45370525732497,77.15704925509544,-32.54629474267503,4.5329707294117725,141.68803403993076,2.5942748427236264,-5.367534278301251,-6.2130682184811,0.8455339401798483,-0.5565084048813174,-0.5580626820423262,3.950014221846665
189,2019-03-06,144.710007,146.289993,144.710007,145.089996,140.612335,221500,-3739412.5131750843,-127300,0.036278559304091205,40284.86685109258,46.337409139153344,3.5647765395046886,176.93708229324042,-1521.8097777516077,865.193505260406,143.86555374779718,2.111573594197858,142.84700155000002,147.31892248862025,138.3750806113798,6.26113378663387,0.7507864607610945,0.0,0.0,144.45333446666666,146.28833346666664,142.61833546666668,2.5406114808978915,0.6734773515771286,0.0,0.0,136.240005,146.669998,141.45500149999998,7.3015134282319805,0.8485136087819062,0.6692907426615192,2.1306999906346675,2.229559996824905,-0.09886000619023738,144.19833491666665,141.75192546153846,144.02000765678656,141.8893076661519,18.098413268358225,26.86130971160291,15.736077990392856,1.0672695266784835,0.8846296772955967,0.1826398493828868,0.23986855019250308,23.60815256542873,94.1496464293479,-0.30700855000000615,58.05642649089777,65.53237178944637,-7.475945298548602,144.5499955,138.33499899999998,141.44249724999997,132.1949995,133.447502,130.125,92.0,4.0,88.0,143.70173060578836,,0.0,0.0,99.99999999996808,61.250666223919396,0.22617995636983002,0.2844278782346561,0.29897597608668286,23.565061644012815,47.8673114981874,73.35575269650437,74.06830073644944,-26.64424730349564,4.507647467647075,141.81002921063674,0.6730509531311216,-6.810460732263997,-6.33254672123768,-0.4779140110263169,0.24180667950095547,0.2415147975816545,4.201372299577288
190,2019-03-07,145.119995,145.300003,142.869995,143.809998,139.371902,196800,-3783955.7383825714,-324100,0.045978745506521014,-1456.3436133493888,49.304881174131914,-1747.1868648414786,92.56726889864379,-1200.586869491198,857.5606843431988,144.1452243473835,2.1434170347780737,143.12800135,147.0688358811205,139.18716681887952,5.50672753612162,0.5865294704223589,0.0,0.0,144.62766716666664,146.57066636666667,142.68466796666667,2.6868983481022632,0.28958582003876787,0.0,0.0,136.240005,146.669998,141.45500149999998,7.287178540623137,0.7257908035029376,0.652078125969096,1.95611745460468,2.1748714883808598,-0.21875403377617975,144.30416866666667,141.933079,143.9876984788194,142.03158102421472,17.522704666277797,24.821005007805425,20.29230828351575,1.0405014424017447,0.8788528413303609,0.1616486010713838,0.2339017004542474,23.358029067776023,38.540330175829844,0.04199664999998731,55.32576372468845,64.11680901676658,-8.791045292078131,144.7699965,138.33499899999998,141.55249775,132.1949995,133.707504,130.125,88.0,24.0,64.0,,146.669998,0.0,1.0,49.99999999998404,56.391514218666195,0.0,0.10291563972386654,0.23295739795450487,22.11469098372824,50.64470679734539,44.99996826921271,61.93647540768068,-55.00003173078729,4.275823423529403,141.8533711092317,0.8909815226383501,-8.65863957715161,-6.797765292420467,-1.8608742847311426,-0.8822096872895369,-0.8861241967449196,3.2820976988617634
191,2019-03-08,142.539993,143.330002,142.199997,142.960007,138.548111,267700,-3691560.5582727552,-591800,0.011025728996644914,-33754.37891144298,42.215829184661345,-557.1931397076985,-24.56890345796226,-3318.433250250885,857.5606843431988,144.10920274348098,2.0900754313002676,143.3835014,146.49850591634876,140.26849688365124,4.34499713835104,0.43202346934372876,0.0,0.0,144.52300103333334,146.35700063333334,142.68900143333332,2.538003759798777,0.07388375838977049,0.0,0.0,137.339996,146.669998,142.004997,6.507026198203847,0.6023590348640857,0.8070820669753724,1.7292387787452128,2.0857449464537305,-0.35650616770851773,144.28666941666668,142.15846365384616,143.82959209746255,142.10035331871734,16.613883804999627,23.54495181566137,21.388499933913874,0.9863480828741884,0.9965871439646793,-0.010239061090490886,0.22469368075292454,23.158046011635065,-27.279765461570324,-0.9234944000000098,51.21950908124783,62.08402067432618,-10.864511593078355,144.4349975,141.45500149999998,142.9449995,132.1949995,132.59000375,130.125,84.0,20.0,64.0,,146.59399793999998,0.0,0.0,24.99999999999202,53.363989631656004,0.0,0.07539331878994338,0.15424561224948866,20.011863239286633,44.930020808186434,28.653978069602637,49.00323301177324,-71.34602193039736,3.7270294470588397,141.88763986596453,-0.1466724893018454,-7.958297870590612,-7.029871808054496,-0.9284260625361158,-0.5910513954669683,-0.5928050175133315,2.6716474191450956
192,2019-03-11,142.970001,146.869995,142.970001,146.75,142.221115,350400,-3362722.769906925,-241400,0.0006640417053726056,160783.89624733504,50.67370905572597,2398.539160961457,113.59838297445334,7707.161417231975,857.5606843431988,144.30847238127524,2.2720666881702405,143.7200012,146.76209986507834,140.67790253492169,4.23336854951032,0.9980112635370376,0.0,0.0,144.565334,146.6403325,142.4903355,2.8706723010096,1.0264259227175345,1.0,0.0,139.429993,146.869995,143.149994,5.176733883856934,0.9838716441205273,0.7520184618540731,1.8341140295248977,2.035418763067964,-0.20130473354306622,144.64416883333334,142.5003866923077,144.27888562092986,142.44477159140496,17.219534627805324,31.484938742742923,18.85351332025918,0.9833160708687692,0.8828544908955055,0.10046157997326366,0.21858469481719264,23.240355178702398,108.48449667313844,0.8300017999999909,47.03998235753948,59.547163702993515,-12.507181345454036,144.53499599999998,141.555,143.044998,132.294998,132.59000375,130.125,100.0,16.0,84.0,142.199997,,1.0,0.0,16.661776404740916,62.92255099633902,0.8505949032027993,0.28353163440093315,0.15394686430491436,20.96970284550167,55.35123651797769,97.77786790133491,57.1439380800501,-2.2221320986650897,3.4643231676470236,142.01221580329678,3.011366551456094,-4.906838911749363,-6.60526522879347,1.698426317044107,2.651086188041396,2.6165538892289675,5.393561282908599
193,2019-03-12,146.75,146.979996,145.669998,145.889999,141.387695,322900,-3577167.1495166672,-564300,-0.0640366325667287,98144.15065485812,57.58551126777095,570.0049179318721,183.08090394432247,7397.110787224107,852.5351099234656,144.53768852550607,2.1758598193532173,143.9965011,146.75918337106768,141.2338188289323,3.8371519446144227,0.8426919410584669,0.0,0.0,144.7776672,146.80866550000002,142.74666889999997,2.805678996325231,0.7738386831736838,0.0,0.0,140.649994,146.979996,143.814995,4.3959415344433035,0.8278046357647265,0.7476807599298326,1.8267755960386296,1.9936901296620972,-0.16691453362346764,144.75583516666669,142.80115561538463,144.5267492177099,142.69997362167126,17.819822018742865,30.538104792570685,18.08033151701891,1.0885808370228593,0.8431166718872327,0.24546416513562663,0.2131602212265158,23.357368044807767,141.4217186674507,0.8335009000000184,45.394685529036074,56.97953650722856,-11.584850978192485,144.58999649999998,141.6100005,143.0999985,132.3499985,132.15750100000002,130.125,96.0,12.0,84.0,142.199997,,0.0,0.0,17.841091561626634,59.92133103708563,0.5835230810598125,0.4780393280875373,0.27898809375947126,20.816015361521305,51.798193401601175,80.21782233922154,68.88322277005304,-19.782177660778462,3.386351523529413,142.14604330198583,0.9270120872982515,-3.28510035858237,-5.94123225475125,2.65613189616888,-0.5860313458262434,-0.5877552478881221,4.775921977308162
194,2019-03-13,146.419998,148.039993,145.960007,147.419998,142.870468,399100,-3415991.832182805,-165200,-0.046353467760502975,171355.35783273575,66.31828220569238,351.7907266244102,230.9088401685428,2293.2048534579244,852.5351099234656,144.97757903175042,2.173273237417898,144.21900094999998,147.31217315853817,141.1258287414618,4.289548794767452,1.0174294921511624,1.0,0.0,145.05666703333333,147.06066333333337,143.05267073333334,2.76305300678045,1.0896545234805635,1.0,0.0,140.740005,148.039993,144.389999,5.061738017815616,0.91506903846965,0.6813697238914992,1.9222593578822682,1.9794039753061314,-0.05714461742386323,144.97166816666666,143.15846303846155,144.9718644149853,143.04960505710304,18.740988436021123,31.80628333682486,16.858373454379894,1.1323529895782147,0.7923670610156552,0.3399859285625595,0.210127159967629,23.522551410147994,172.25896014904032,-0.6790079499999706,44.03442268116208,54.43749453864662,-10.40307185748454,145.11999500000002,142.139999,143.629997,134.23499650000002,132.76,130.125,100.0,8.0,92.0,142.39119696,,0.0,0.0,38.67564746050775,63.27719413462864,0.8821537993981576,0.7720905945535899,0.5112205190140201,21.74448934369072,53.609657473780715,89.38363998879424,89.12644340978358,-10.616360011205757,3.4073809205882526,142.33695891945385,1.7883007417206176,0.05653493504568452,-4.741678816791863,4.798213751837547,1.048734670290874,1.0432735965137496,5.87474339720111
195,2019-03-14,146.970001,147.410004,146.169998,146.669998,142.143616,375100,-3488593.2958853985,-540300,-0.004510154883373793,106686.7352852021,57.487316858242686,-69.42149293362084,155.5921539914075,2277.1768849180935,848.1978331556107,145.2281647448113,2.080945913676108,144.45400080000002,147.5421542525464,141.36584734745364,4.275621907934555,0.8587900073703826,0.0,0.0,145.32666673333333,147.29766433333333,143.35566913333335,2.712506444005442,0.8407744551963583,0.0,0.0,140.740005,148.039993,144.389999,5.053503509471517,0.8123291435547545,0.6948038210315423,1.9153334236243609,1.9665898649697775,-0.051256441345416626,145.23250191666668,143.47846273076922,145.2331157357568,143.31778231213244,19.596357252065218,30.515002316608907,16.173952158033416,1.1094601696173692,0.8738668576828674,0.23559331193450173,0.20734776627420493,23.662345586018464,131.1017961014537,0.5060061999999732,43.626844346138306,52.04658007924484,-8.419735733106535,145.11999500000002,142.139999,143.629997,134.449997,132.86750024999998,130.125,96.0,4.0,92.0,142.7301247224,,0.0,0.0,59.21537457016742,60.59859159675381,0.6437909768461505,0.7031559524347069,0.6510952916919447,21.68527156925279,55.09778013121467,76.54116543915417,82.04754258905666,-23.45883456084583,3.6547048352940976,142.505330490071,2.1805804323816447,1.9395451517894378,-3.4054340230756033,5.344979174865041,-0.5087505156525673,-0.5100490571852134,5.336105094222021
196,2019-03-15,147.300003,148.639999,146.979996,147.720001,143.161224,570100,-3550408.852423548,29800,0.03599824816192815,176961.01743017352,60.132491504299885,297.00004385011346,118.77565259971091,2172.9935026532266,848.1978331556107,145.57598902326143,2.0698514223084965,144.78600075,147.77805251427034,141.79394898572966,4.133067767285979,0.990299045798009,0.0,0.0,145.6316665,147.60066510000001,143.6626679,2.7040802969867905,1.0303037036186773,1.0,0.0,141.470001,148.639999,145.055,4.952134849266491,0.8716878303173873,0.6948038210315423,1.9718408834094703,1.9676400686577162,0.004200814751754045,145.46250141666667,143.84500115384614,145.6157134687173,143.64387258530783,20.808165693815443,32.57273993975106,15.13133199056265,1.0516565083042282,0.8688993225751489,0.18275718572907929,0.2058936605148044,23.79162901987207,167.34796899185918,-0.6859947499999919,43.00620065335728,49.84493880851366,-6.838738155156378,145.419998,142.440002,143.93,134.75,132.86750024999998,130.125,100.0,4.0,96.0,143.048716819056,,0.0,0.0,74.54646270510682,62.96242858758385,0.9532593615041411,0.8264013792494831,0.7672159754125932,22.353556943284826,57.26508059262682,85.71432120673265,83.87970887822702,-14.285678793267357,4.381792700000034,142.73287607826825,1.90396927891981,7.9488594986146754,-1.1345753187375478,9.083434817352224,0.7158948757877592,0.7133445131316307,6.090200872945961
197,2019-03-18,147.759995,150.0,147.539993,149.979996,145.35144,357900,-3198329.511958257,387700,0.05368263236670747,267231.1878687204,66.57158905181058,659.8503101405466,215.7150423312584,9556.893487735373,861.1745651415692,145.94781573061914,2.1088669800776456,145.0790008,148.8093871395727,141.34861446042729,5.142558632196899,1.1569018264957236,1.0,0.0,145.99833266666667,147.97633246666666,144.02033286666665,2.709619711227852,1.5064872942184655,1.0,0.0,141.470001,150.0,145.7350005,5.879554555079348,0.9976548649067837,0.6527511204953312,2.1739264899828754,2.008897352922748,0.16502913706012734,145.95250058333332,144.31153923076923,146.2871415504531,144.11321506047022,22.347091766496103,34.38453387990458,13.924251052444433,1.1066710808456324,0.797081297890923,0.3095897829547094,0.20809129278546892,23.913094424719844,202.32883273404374,-0.22899479999998107,43.41461893547428,47.902050422171286,-4.487431486697005,146.0999985,143.66999800000002,144.88499825000002,135.4300005,132.85250100000002,130.125,100.0,4.0,96.0,143.49601939353153,,0.0,0.0,84.74261906263129,67.48413821050683,1.0,0.8656834461167638,0.7984135926003179,24.397530919344383,65.21810592240168,99.74353856017747,87.33300840202143,-0.25646143982252473,4.762674885294103,143.22910534042552,4.080492543490936,7.428004315814832,0.5779406081729281,6.850063707641904,1.5299180779182464,1.5183328449094091,7.713294035000939
198,2019-03-19,150.029999,150.580002,148.529999,149.190002,144.585831,307200,-3307722.0730423173,80500,0.07667068100232322,194385.85291604575,66.92798292675711,523.8478369179702,269.9249701316502,3857.4532959187427,856.6384752791955,146.28507132397013,2.1029805820698817,145.41150125000001,149.35666412332444,141.4663383766756,5.4262047216494445,0.9788776625102928,0.0,0.0,146.41733243333334,148.40133203333332,144.43333283333334,2.710061120534816,1.1987575921554314,1.0,0.0,141.470001,150.580002,146.0250015,6.26497967608323,0.8474204338726183,0.6677587200398762,2.244462113480779,2.0560103050343543,0.18845180844642462,146.31416691666666,144.66423146153846,146.733735465768,144.48927335228723,23.94179384187302,33.977549225967515,12.993990483008863,1.162570508737348,0.7756318727881172,0.3869386359492307,0.2111019174090285,24.090390864465004,182.8274854001983,0.138501749999989,44.46702829151752,46.39211728890681,-1.9250889973892882,146.3899995,145.0049975,145.6974985,135.7200015,133.06250375000002,130.125,96.0,12.0,84.0,144.14641745417836,,0.0,0.0,91.1060033864209,64.51897486051229,0.7900048053010033,0.9144213889350482,0.8688354047670983,25.154450181132425,62.39236642743498,83.4128977250012,89.62358583063711,-16.587102274998795,5.0641168647058805,143.64096400487674,2.996200083001712,5.779017650319161,1.618156016602175,4.160861633716986,-0.5267329117677799,-0.5281250402539683,7.14593266496939
199,2019-03-20,149.029999,149.949997,147.320007,148.559998,143.975281,257000,-3322380.7052044156,-176500,0.058751626682358386,143486.29849946836,67.1293173071119,-941.4734844416372,203.4814764591309,-2703.3907871375222,853.0210367193396,146.56044314710772,2.155681523862893,145.68100124999998,149.71231965593827,141.6496828440617,5.5344463194898506,0.8570788089771264,0.0,0.0,146.7419993,148.8309993,144.6529993,2.84717396514305,0.9351361177596949,0.0,0.0,141.470001,150.580002,146.0250015,6.253389887379026,0.7782652274132574,0.6962692212019981,2.2238904211958754,2.089586328266659,0.13430409292921652,146.56499983333333,144.97961596153846,147.01469893257294,144.79080851137707,24.565786515842234,31.106333185592895,15.783739872049512,1.1088810947708037,0.7951685828590019,0.3137125119118017,0.2132190864776967,24.164286071392482,126.43855158124089,-0.9409962499999835,44.4194425992893,45.18030383052913,-0.7608612312398293,146.3899995,145.614998,146.00249875,136.959999,133.8199995,130.125,92.0,8.0,84.0,144.91844759967697,,0.0,0.0,95.55300169321045,62.17284599642525,0.6238501185435941,0.8046183079481991,0.8615743810000037,25.07137694929435,55.12276429959905,75.89495471661417,86.3504636672643,-24.105045283385838,4.964058323529429,143.87054417706332,2.0680143854067823,3.2213917943026202,1.938803172142264,1.2825886221603562,-0.4222829891777802,-0.42317712186044076,6.69347361772934
200,2019-03-21,147.630005,152.229996,147.630005,151.639999,146.960236,387600,-3034208.2202582518,211100,0.081052812421749,293532.3112281147,68.66436510784294,1536.888917702144,271.0107205409043,6950.599732297003,853.0210367193396,146.96212320179166,2.4001124714766027,146.14000085,150.66059545735533,141.6194062426447,6.186662900043798,1.10832684942055,1.0,0.0,147.39266609999999,149.6986644,145.0866678,3.1290543295220483,1.42093148984541,1.0,0.0,142.199997,152.229996,147.21499649999998,6.863281060395589,0.9411767638261967,0.695973791755216,2.4281276033521806,2.1572945832837633,0.27083302006841725,147.13999933333332,145.31307742307692,147.72628355833095,145.29815595497877,25.837761079668674,33.641003324373806,13.616414337945546,1.0903749917169516,0.7647787445898657,0.3255962471270859,0.21844575806524244,24.419069090063644,171.1847996205727,-1.0500048499999934,47.093485992520556,44.721856820670546,2.37162917185001,147.5999985,146.4850005,147.04249950000002,140.49499550000002,138.5199965,131.129997,100.0,4.0,96.0,145.59783412771574,,0.0,0.0,97.77650084660523,68.251176078065,1.0,0.8046183079481991,0.8412193349438155,26.98591268121884,63.00942045379396,94.11767638261968,84.47517627474502,-5.882323617380329,5.226176002941145,144.91668295295415,4.767164406274542,4.274677228561581,2.4059779834261272,1.8686992451354536,2.07323710384002,2.05203804716918,8.905482300147849
201,2019-03-22,151.460007,151.619995,147.759995,147.929993,143.364716,319000,-3325110.1052323463,-107900,-0.011572639277803904,82528.85048124153,62.27643193627359,-290.41417868339585,195.79866877859493,231.25133389424718,832.1511265028738,147.18579632533675,2.548101624328941,146.30900035,150.83191180467827,141.7860888953217,6.182683831970123,0.679197919995021,0.0,0.0,148.01999866666665,150.59899646666665,145.44100086666668,3.4846612933807015,0.48255026300009435,0.0,0.0,142.199997,152.229996,147.21499649999998,6.855353379495634,0.5712857997293915,0.9549534784717406,2.264516625231323,2.178738991673275,0.08577763355804802,147.37666575,145.54230788461538,147.75762347243386,145.49310684720254,27.018880317507517,29.91026820896769,12.106375097240518,1.0756948496947478,0.8270255721056687,0.24866927758907909,0.2199683810175331,24.712429644254932,103.06180170875858,-2.4990023499999836,47.48048070012793,44.770801080958144,2.7096796191697834,148.949997,146.4850005,147.71749875,141.114998,138.82999775,131.129997,96.0,16.0,80.0,146.52633678983554,,0.0,0.0,91.28154089595229,56.47856706977003,0.2092119588429892,0.6110206924621945,0.7400857694528643,24.51570272743463,53.21181235781861,57.12857997293916,75.71373702405766,-42.87142002706084,5.264381370588239,145.07157439561064,1.957403734438026,3.4225372561513097,2.609289837971164,0.8132474181801457,-2.446587987645654,-2.4770142469103362,6.241013852304866
202,2019-03-25,147.589996,149.020004,147.020004,147.820007,143.258118,189000,-3362909.5382323456,-296900,0.010517097601959905,67769.39269820724,64.68149620809143,-1767.186243386239,69.18652047671064,-7945.1372447324775,831.5324218579034,147.37671326854368,2.493291461896047,146.4585006,150.973638219527,141.943362980473,6.1657569905874015,0.6507713069599224,0.0,0.0,148.26233263333333,150.65133103333332,145.87333423333334,3.2226639869591267,0.407424460114053,0.0,0.0,142.199997,152.229996,147.21499649999998,6.848355649491064,0.5603200957447758,1.158920830783906,2.101751116729446,2.1633414166845095,-0.06159029995506371,147.71083316666667,145.80153884615385,147.76722093821328,145.66546982148384,27.592688115481256,28.175732683989008,13.549962827603924,1.0478868279254505,0.8986108205649949,0.14927600736045565,0.21836240651213307,24.861522102988857,54.82910751681064,-3.4984936000000175,46.53910035781754,44.89795828415609,1.6411420736614488,149.0950015,146.8499985,147.9725,141.114998,138.82999775,131.129997,92.0,12.0,80.0,,152.229996,0.0,1.0,70.5335664543227,56.16924660146855,0.18843432772948276,0.4658820955241574,0.6271736986448503,22.530201263897016,53.233831986673074,56.032009574477584,69.09275531001215,-43.967990425522416,4.815853429411732,145.10371452320032,2.788407659945866,-0.4803054837301121,1.991370773630909,-2.471676257361021,-0.07435003393800876,-0.07437768728344452,6.162023622449597
203,2019-03-26,149.339996,150.630005,149.190002,150.330002,145.690659,208900,-3241051.8939774376,-88000,0.06455874560813574,132993.47309846347,64.63625053924989,1302.8266874095443,161.99094268171348,3406.6163784226856,831.5324218579034,147.59948572532363,2.524962115706443,146.79800104999998,151.404473973708,142.19152812629196,6.275934128202526,0.8833736796565067,0.0,0.0,148.64933316666665,151.05133206666665,146.24733426666668,3.2317654560977322,0.8498479606575499,0.0,0.0,142.199997,152.229996,147.21499649999998,6.8325174241192475,0.8105688744335875,1.178672930139135,2.150504224122784,2.1607739781721644,-0.010269754049380353,148.32499941666666,146.04038526923077,148.16149494771895,146.01099072359617,28.624359442927602,30.5247355782313,12.456926740812728,1.063034999189817,0.8211634900108188,0.24187150917899813,0.21773184145699515,24.915161700775524,114.9032602637559,-0.048001049999982115,48.36137734726166,45.37873102483382,2.98264632242784,149.199997,146.8499985,148.02499775,141.114998,138.82999775,131.129997,88.0,8.0,80.0,,152.12579616,0.0,0.0,42.3530629075607,61.36898231729705,0.5377102459526171,0.3117855108416964,0.4628960996093494,22.577097737774015,57.740342548824586,81.05688744335875,64.73915899692516,-18.94311255664125,4.539648147058813,145.37382505373918,5.155284442592408,-3.1978332238874625,0.9535299741272347,-4.151363198014697,1.6980076316732928,1.6837526232176714,7.964662885497598
204,2019-03-27,150.330002,151.389999,149.410004,149.960007,145.332092,268400,-3360339.592986778,-356400,0.010417241804172608,99807.7400843966,69.44501662832486,361.47302161325365,312.60950599990866,2886.5468650771777,831.5324218579034,147.90994238663407,2.470465404135799,147.04800105,151.76961144231902,142.326390657681,6.421862736799179,0.8083699954084685,0.0,0.0,148.9606669,151.3526667,146.5686671,3.2115857827164356,0.7088921788371387,0.0,0.0,142.199997,152.229996,147.21499649999998,6.820901289633683,0.7736800372562341,1.1725440766697555,2.13467866183413,2.155554914904558,-0.020876253070428064,148.5925,146.32577042307693,148.43818910960835,146.30351044777422,29.796933940778477,30.978048857619534,11.738391999245014,1.1233754319925728,0.7682751819779096,0.3551002500146633,0.21682823988920208,24.993709323632306,108.64456444966032,-1.1580020500000217,48.39481185035348,45.908505191968835,2.486306658384642,149.604996,146.8499985,148.22749725,141.114998,138.84000025,131.1399995,84.0,4.0,80.0,,152.02368031679998,0.0,0.0,43.11777002873494,60.2346087177716,0.4615122616250224,0.3958856117690408,0.3911844060449649,22.250301962968187,53.09257843938559,77.36800372562341,71.48563358115325,-22.631996274376586,4.54308916470589,145.49829598226188,2.1873982964224803,-3.7784422251811765,0.007135534265552468,-3.785577759446729,-0.2461218619554173,-0.2464252396982225,7.698938246949938
205,2019-03-28,150.059998,151.820007,149.990005,151.449997,146.776108,151200,-3270282.162229873,-205200,0.021289727395189775,117733.27550091149,74.5097753919885,611.2164318842769,396.0673325421926,841.7193885281134,839.7944579702654,148.32219679011158,2.4094188637222205,147.4155006,152.30331808080388,142.52768311919613,6.631348075215741,0.9127093959466405,0.0,0.0,149.39433386666667,151.84533326666664,146.94333446666667,3.281248139152968,0.9193520270411636,0.0,0.0,142.199997,152.229996,147.21499649999998,6.803897120164855,0.9222333920471972,1.0722898077544314,2.216812495803566,2.16780643108436,0.04900606471920632,149.05583316666664,146.64423192307692,148.9015441696686,146.68473167386503,31.00593823713893,30.544712145118787,11.091177763751393,1.1712570943479605,0.71399859822021,0.4572584961277506,0.21736651501625845,25.07940004226504,122.13943912738235,0.004497399999991103,49.78146824464337,46.661312702111736,3.1201555425316343,149.625,146.8499985,148.23749924999998,141.114998,138.84000025,131.1399995,80.0,44.0,36.0,,151.923606790464,0.0,0.0,57.92152404595997,63.185783511369095,0.580746388521144,0.5266562986995945,0.41144247377011056,22.916149102256767,56.04902154177637,91.57668011699786,83.33385709532668,-8.423319883002133,4.332502000000005,145.85382510863093,3.8110892029000616,-7.507105463993209,-1.4957126653862,-6.011392798607009,0.9935915780532101,0.9886879117903646,8.769025827024347
206,2019-03-29,151.889999,152.660004,150.039993,151.740005,147.057159,415600,-3146552.375293863,210400,0.03414007839690472,118132.4254007813,74.96211839195895,280.5306171601261,244.78100798495467,2298.133029155893,839.7944579702654,148.82799708014278,2.430478077349996,147.76000055,152.84330203781766,142.67669906218234,6.880483850698882,0.8914783000318037,0.0,0.0,149.76433406666666,152.31133426666665,147.21733386666668,3.401344139608305,0.8878427126415901,0.0,0.0,142.199997,152.660004,147.4300005,7.079051814472932,0.912046043563834,1.0722898077544314,2.2790340865682026,2.1900519621811285,0.08898212438707409,149.41583375,147.00115492307694,149.33823045125806,147.05919636468985,32.35884898236038,30.661731914501733,10.235112405858855,1.1566874070151703,0.7837351286827824,0.37295227833238787,0.21878749631461195,25.15930493620669,121.53736929379131,-1.0900025500000083,51.46621099686245,47.55593404226598,3.910276954596469,149.840004,147.4300005,148.63500225,141.33000199999998,139.114998,131.1399995,100.0,40.0,60.0,147.020004,,1.0,0.0,72.53410128289141,63.749697177416415,0.6274205283710463,0.5565597261724043,0.4930338788803465,23.619525882465524,56.5858040544493,86.83836609010076,85.26101664424068,-13.16163390989923,4.292591023529383,146.1474625577013,2.9304077184969195,-2.9647485217956078,-1.7895198366680818,-1.175228685127526,0.19148762346954395,0.19130451963000894,8.977305049651507
207,2019-04-01,153.0,156.139999,152.869995,155.779999,150.972458,419800,-2819185.2897490095,630200,0.08257327261915152,343540.57622924156,75.60764647702544,2457.5649630762196,379.60672549526515,11972.766185884166,839.7944579702654,149.56659040400066,2.6274296696149957,148.27150035,154.3279583105449,142.2150423894551,8.169416167299058,1.1198754039831955,1.0,0.0,150.34000086666666,152.96800076666665,147.71200096666666,3.4960754088736627,1.535007294584251,1.0,0.0,142.199997,156.139999,149.169998,9.401673259590776,0.9741750395731661,1.0607895747678298,2.62409002136593,2.276859574018089,0.34723044734784114,150.1750005,147.43307784615382,150.32927176644912,147.7051817450832,34.37512454550581,36.5939931151102,8.981377137117894,1.1162032568041211,0.6906706025108352,0.4255326542932859,0.22575242586297192,25.329635454764976,196.57864926562328,-0.5514993500000003,53.27054766258139,48.53410286127308,4.736444801308316,151.58000149999998,149.169998,150.37499974999997,143.0699995,139.68249525,131.1849975,100.0,36.0,64.0,147.132804,,0.0,0.0,83.44574001551659,70.52344732726355,1.0,0.7360556389640635,0.6064238879453541,26.584049267685582,58.92844926096062,96.46365144491287,91.62623255067051,-3.5363485550871285,5.163707182352965,146.84819148089932,6.211223238715808,0.548076717249455,-1.3220005258845746,1.8700772431340296,2.6624448839315695,2.6276186211464214,11.878765732592456
208,2019-04-02,155.910004,156.25,154.550003,154.820007,150.042099,216900,-2967186.5003982047,413300,0.10597510140785002,264717.31322506425,74.69097745260473,701.4776233225076,404.5843609737007,9840.300496947815,834.6192367193281,150.05982481691686,2.534686402653496,148.77550045,155.23668568277665,142.31431521722337,8.68581885220826,0.967755243986591,0.0,0.0,150.91733443333334,153.51033373333334,148.32433513333334,3.436317384926304,1.2525402275786697,1.0,0.0,142.199997,156.25,149.2249985,9.443761209004894,0.8982211605221725,1.0734991381435286,2.7879482720323097,2.3790773136209333,0.40887095841137633,150.76666766666665,147.8173088076923,151.02015411007233,148.23220583804002,36.26760575494817,35.13313610356176,8.545817531183825,1.1579679210635545,0.714995565726597,0.44297235533695756,0.23432670309166412,25.426994129061747,177.6269488686483,1.20449554999999,54.75144386399246,49.682103001795646,5.0693408621968175,151.635002,149.2249985,150.43000024999998,143.125,140.657501,131.855003,96.0,32.0,64.0,147.4930918,,0.0,0.0,90.70423443890891,67.3050704800727,0.775788502009219,0.8010696767934219,0.6978950139766299,27.920763389141616,62.454790551267216,85.81356432270555,89.70519395257308,-14.186435677294458,5.885088900000028,147.3942838966829,4.806394497655066,-2.008026524718509,-1.4592057256513615,-0.5488207990671476,-0.6162485596112988,-0.6181552082130004,11.18931445025444
209,2019-04-03,155.610001,156.949997,154.990005,155.550003,150.749573,340500,-3113114.9725552313,753800,0.09908046710538568,262409.6453357694,82.89501804085214,328.1040998543286,432.9790461728399,268.8576283788698,834.6192367193281,150.78701642204382,2.4942167623881457,149.2985008,156.16253645678728,142.43446514321272,9.195049675659275,0.9553809531728181,0.0,0.0,151.63933453333334,154.16533403333332,149.11333503333333,3.3315887434796574,1.27408338098774,1.0,0.0,142.199997,156.949997,149.574997,9.879536580048498,0.9050851525423734,1.0655842305470924,2.9427890522178757,2.4918196613403216,0.45096939087755405,151.23083491666665,148.27923226923076,151.717053939292,148.7742648870741,38.15606210348948,34.99376331462925,8.020955833528683,1.1561074943662017,0.6815852237832091,0.4745222705829927,0.2440855409536981,25.444305397182077,169.88643690526808,-0.10849880000000667,57.33332432589098,50.81986281661458,6.5134615092763966,151.9850005,149.574997,150.77999875,143.4749985,140.68000375,131.855003,92.0,28.000000000000004,64.0,148.018506292,,0.0,0.0,95.23481917914494,68.4829123572834,0.8578440549244066,0.8778775189778752,0.8050009449117868,29.369848441409786,61.42895165715557,85.95793520983605,89.41171699248484,-14.042064790163941,6.61688306470586,148.1677379635592,3.7138332768057976,-0.7551635271063184,-1.318397285942353,0.5632337588360345,0.4715127031353239,0.4704045639686072,11.71358619241647
210,2019-04-04,155.860001,157.220001,154.990005,156.339996,151.515182,266100,-3057032.6860399153,1019900,0.11375235546173268,254953.5727592313,81.72134756842775,113.13563321758744,419.8458739848024,2956.944876616607,838.858023874309,151.55441817348338,2.467794686149331,149.9250007,156.95612972257163,142.89387167742836,9.379528417199644,0.9561852925331281,0.0,0.0,152.20766793333334,154.49666793333333,149.91866793333332,3.0077328311771767,1.4026492063492104,1.0,0.0,142.199997,157.220001,149.70999899999998,10.018345125810628,0.94141113411155,1.0655842305470924,3.0935863808280146,2.6121730052378602,0.4814133755901544,151.82666775,148.71692415384615,152.42827579478552,149.3346894139575,39.960559308515585,33.5116102221233,7.501497814246193,1.1416339330445628,0.7178041292449555,0.42382980379960733,0.2547493757076289,25.488164574824115,155.7714760796794,-1.365002699999991,58.788345253590116,52.076292211443715,6.712053042146401,152.1200025,149.70999899999998,150.91500075,143.6100005,140.68000375,131.855003,100.0,24.0,76.0,148.73302554864,,0.0,0.0,97.61740958957247,69.75283904245185,0.9463147896889242,0.8599824488741833,0.8463098815484935,30.94721296819686,59.02200169589531,91.37249746249942,87.71466566501368,-8.62750253750058,7.237029479411774,148.6916236997784,4.792542331355436,-1.72675696889949,-1.4000692225337803,-0.32668774636570963,0.5078707713043418,0.5065854576872475,12.280946844263617
211,2019-04-05,157.020004,157.429993,155.869995,156.259995,151.437668,176400,-3145232.5729628443,843500,0.08673111798668245,216515.60859362656,80.9312208605434,481.9642120283434,407.139724119645,1261.178184350345,838.4287704363853,151.99486042325077,2.377015017534399,150.5900001,157.37174630817123,143.80825389182877,9.006901127123683,0.9180335510910385,0.0,0.0,152.9493346,155.00833440000002,150.89033479999998,2.692394583323704,1.3039486939240998,1.0,0.0,142.970001,157.429993,150.199997,9.602225905038697,0.9190872304770298,1.0656719885919141,3.1700960442026087,2.72375761303081,0.4463384311717986,152.46833416666666,149.18461603846154,153.01777105712623,149.84767501292362,41.67734636521167,32.57885608366232,7.152527482481788,1.1539100707553454,0.7423865980454798,0.41152347270986556,0.2648981251602344,25.492396610352785,144.42382812182151,1.0499988999999914,62.077295540237884,53.80275834282375,8.274537197414134,153.3099975,149.814995,151.56249625,143.71499649999998,140.86250275,131.855003,96.0,20.0,76.0,149.581723093776,,0.0,0.0,98.80870479478624,69.44766536140502,0.9250545546625023,0.9097377997586111,0.8825325892035566,32.131595686127504,58.23344313729961,88.76081425254155,88.69708230829235,-11.239185747458455,7.8926170352941085,150.6268844390637,5.1830890573921495,-4.9685777118988,-2.1137709204067843,-2.854806791492016,-0.05117116671795596,-0.05118426362757944,12.22349137376144
212,2019-04-08,155.820007,157.529999,155.009995,157.410004,152.552155,203900,-2960750.7806323585,1047400,0.06533367832697831,219082.92666596512,80.47398479209618,-469.639019121124,336.1763772597097,1410.3538149051387,838.4287704363853,152.44929689122145,2.391313915780959,151.1230003,158.27905335072893,143.96694724927107,9.470501560349089,0.9392787235807021,0.0,0.0,153.8190007,155.9300009,151.7080005,2.744784702011143,1.3505454665518202,1.0,0.0,145.669998,157.529999,151.5999985,7.847912611883216,0.9898823785933899,1.056332856815531,3.2856516716989006,2.8361364247644283,0.4495152469344723,152.94916791666668,149.66769288461538,153.69349920218372,150.40784753048482,42.51015645319912,30.13969104061332,9.172089477066141,1.1018422063637765,0.7586670714340815,0.343175134929695,0.2752352967802634,25.48264126251831,126.50156826857311,-3.193007300000005,64.90789103292717,55.64125986345326,9.26663116947391,153.4700015,149.864998,151.66749975,143.7649995,140.86250275,131.855003,100.0,16.0,84.0,150.52351548252287,,0.0,0.0,99.40435239739313,71.3856886552552,1.0,0.957123114783809,0.9089477878055344,33.710404862868,61.13033217235109,98.85827728747714,92.99719633417271,-1.1417227125228617,7.870175873529462,152.53109230919935,3.8050679491233694,-6.820074578750203,-3.0550316520754683,-3.765042926674735,0.7359586821950037,0.7332637207429826,13.049409901989018
213,2019-04-09,156.220001,156.220001,154.179993,154.529999,149.761047,267900,-3136723.0946624978,779500,0.07223236270896255,77563.46007082795,80.01709234639289,-814.7848301605134,345.2255668512185,-3400.9323713534504,838.4287704363853,152.8835683642462,2.475183624202862,151.55500030000002,158.43302812576854,144.6769724742315,9.076609563727507,0.7162682948776505,0.0,0.0,154.31166683333333,156.48266753333334,152.14066613333333,2.813786856887276,0.5502837623835564,0.0,0.0,145.960007,157.529999,151.745003,7.634186913726008,0.7407085501874162,1.1361854311050958,3.1089993949885866,2.89070901880926,0.21829037617932645,153.49916841666666,150.01307734615386,153.82219147877083,150.71319208378225,42.590415385315126,27.31663198949144,10.719868482306698,1.0786247032215288,0.7489334551777189,0.3296912480438099,0.28081699259095005,25.460717784442046,77.86602277877972,-3.7349933000000135,65.09046829896053,57.496332802187375,7.594135496773156,153.760002,149.864998,151.8125,143.7649995,141.20249925,132.1949995,96.0,12.0,84.0,151.50442317496967,,0.0,0.0,90.73642342482913,60.957304298527724,0.3146634200120162,0.7465726582248395,0.8711445242557533,31.92567651255846,54.30705059401101,71.45574284288433,86.35827812763434,-28.54425715711567,7.467675061764709,152.66873094879892,4.46157392841897,-6.3627842840847855,-3.716582178477332,-2.6462021056074536,-1.8296200538816976,-1.846564600370737,10.9810352276273
214,2019-04-10,155.199997,155.949997,154.649994,155.380005,150.584824,149300,-3118345.5703798574,928800,0.050898844318025195,84612.37946070984,78.74159234244034,87.07190220729935,241.6672086015868,-4080.3141988896814,843.0406224395912,153.24222724021448,2.3696650617825754,151.95300065,158.74859724223884,145.15740405776117,8.944340109336087,0.7521488955005026,0.0,0.0,154.8189997,156.9220012,152.7159982,2.716722758931512,0.6333820494184155,0.0,0.0,146.169998,157.529999,151.8499985,7.4759964932617535,0.8107399814489461,1.1873131642843666,3.002973167993474,2.9131618486461033,0.08981131934737085,154.12916825,150.42230811538462,154.06185509742147,151.058881929428,42.664941536565706,26.15669998302577,10.264676255003073,1.087070656618598,0.7964470933543506,0.2906235632642473,0.28354240603999037,25.410656244600034,75.11053509614854,-1.6229986499999995,66.06043094562544,59.305106435629824,6.755324509995617,153.784996,149.864998,151.824997,143.7649995,141.20249925,132.1949995,92.0,8.0,84.0,152.3480037904739,,0.0,0.0,71.85982240912512,62.689703631104734,0.4285139066404524,0.5810591088841562,0.761584960630935,30.97239065661593,46.98582666375597,79.54333945924816,83.28578652986988,-20.456660540751844,6.9467624470588305,152.9303681455184,5.11432664185979,-9.544013704560664,-4.882068483693999,-4.661945220866665,0.5500588918013305,0.5485515927079909,11.591496280110025
215,2019-04-11,155.75,157.729996,155.740005,157.509995,152.649063,163200,-2991230.3197078686,1092000,0.08824907755239268,122184.09210917968,86.85660334440612,1749.783722398905,387.3956301074654,3058.426474912701,843.0406224395912,153.8044713590236,2.3676976556043168,152.4950005,159.24771044016862,145.7422905598314,8.8563033778522,0.8713319944462753,0.0,0.0,155.40966593333334,157.52866633333332,153.2906655333333,2.726986622452428,0.9955943063216703,0.0,0.0,146.979996,157.729996,152.354996,7.049411432999733,0.9795347906976748,0.9910378009177103,3.0555960024788362,2.9416486794126504,0.11394732306618582,154.727501,150.90000038461537,154.59233815935661,151.53674215687778,43.28163720813948,29.645410344076094,9.542519332729325,1.110028432504828,0.7037486426006384,0.40627978990418956,0.28648874068209484,25.32487695776418,98.74259433972671,-2.534993500000013,66.4195343133362,60.966586804126905,5.452947509209295,155.2999955,149.96499649999998,152.632496,143.864998,141.44249724999997,132.1949995,100.0,4.0,96.0,153.07348311980758,,0.0,0.0,62.63177277981836,66.67957587029323,0.6907218672849457,0.47796639797913815,0.601866055029378,31.380347418229103,55.41904442882361,97.94583413320949,82.98163881178066,-2.0541658667905294,6.684673505882358,153.42017227812613,4.776154396645318,-11.69804511318708,-6.245263809592616,-5.452781303594464,1.3708263170669754,1.3615154868179324,13.121221878726598
216,2019-04-12,159.0,159.100006,157.179993,157.270004,152.416489,294900,-3258480.252859362,797100,0.05445717901844659,94618.74382215388,92.41299087492756,914.7563055228969,578.9629550295466,1787.8624866850369,843.0406224395912,154.45332567259385,2.322929190043886,152.97250065,159.65733973580106,146.28766156419894,8.739922610137523,0.8214365592679798,0.0,0.0,156.04666596666667,158.09566656666667,153.99766536666667,2.626138261022109,0.7985206625447876,0.0,0.0,147.020004,159.100006,153.060005,7.89684547789342,0.8485097932930801,0.728375773212778,3.0428585308935396,2.9618906497088284,0.08096788118471121,155.33666741666667,151.4176929230769,155.00428675022482,151.96142821933128,44.20665854337788,32.07678519049999,8.986247159977006,1.1769022519892778,0.5817291575593234,0.5951730944299544,0.28853622141906665,25.32073371986605,104.9398230261885,-1.5225036500000044,67.39532969304011,62.53600702973343,4.859322663306678,156.6399995,150.6500015,153.64500049999998,144.550003,141.55249775,132.1949995,96.0,8.0,88.0,153.81852518063837,,0.0,0.0,69.44390812874809,65.8254416026187,0.5013714291522468,0.5402024010258817,0.533075969296392,31.453297389159523,52.834338014787875,81.53379151007401,86.34098836751055,-18.466208489925986,6.603409988235285,153.77816652532516,4.874631007452547,-9.031683625790167,-6.802547772832126,-2.2291358529580414,-0.15236556892787023,-0.1524817633026032,12.94886408543292
217,2019-04-15,158.029999,158.070007,155.770004,156.210007,151.389191,330400,-3462465.642791465,466700,-0.04952676270029397,31069.922018988582,83.56623237176814,-849.2705387354735,425.2417245906168,-2676.216123761747,843.0406224395912,154.90540661673717,2.320636571039498,153.2840012,159.96263997520379,146.60536242479623,8.714071557265402,0.719057048785417,0.0,0.0,156.22200013333332,158.17400063333335,154.26999963333333,2.499008460183592,0.49692798917486236,0.0,0.0,147.020004,159.100006,153.060005,7.880797673227757,0.7607617117944173,0.7251758054495633,2.9136444146271003,2.9522414026924833,-0.03859698806538292,155.73333491666668,151.9273083076923,155.18978217326716,152.27613775864006,43.939186599098626,29.83324574895907,12.645481377496539,1.1111116663217997,0.6890129208872479,0.42209874543455184,0.2878993682853148,25.174158907583188,73.02960055318265,-1.5439962000000094,66.54588010474937,63.84649994537309,2.6993801593762825,156.6399995,151.03500350000002,153.8375015,147.6700055,142.9449995,132.1949995,92.0,4.0,88.0,154.76919172812347,,0.0,0.0,34.721954064374046,62.04506615930669,0.16235713954927034,0.45148347866215427,0.4898840925557246,30.39685885122961,47.65775288327268,70.17545507214538,83.2183602384763,-29.824544927854618,6.362676291176484,153.79714309910895,3.1429581342282855,-5.763061506510561,-6.594650519567813,0.8315890130572523,-0.6739982024798641,-0.6762798282212934,12.18759077177567
218,2019-04-16,156.649994,157.720001,155.460007,155.779999,150.972458,571500,-3872128.5511885607,-104800,-0.1008318853320666,-8475.719983722978,70.3850777479962,-130.4989343816311,390.10087059098214,-3800.089990496017,843.0406224395912,155.42387043028532,2.3145723139355487,153.61350105,160.09915987533577,147.12784222466422,8.444126044916773,0.6670221953039477,0.0,0.0,156.33333336666666,158.34133356666666,154.32533316666667,2.5688701913499186,0.36221755190396354,0.0,0.0,147.020004,159.100006,153.060005,7.863893419152045,0.7251650289461871,0.7241383495061696,2.7449017262174493,2.9107734673974766,-0.16587174118002723,156.07000108333332,152.27461596153847,155.2805847619953,152.53568303577785,43.45663490068751,27.777366913822803,12.719302790451778,1.09384673846154,0.7258460307692318,0.3680007076923082,0.28435153937918256,25.14751779413433,59.94947440252328,2.1664979500000072,65.1070807105703,64.7102506547819,0.39683005578839925,156.6399995,152.385002,154.51250075,147.6700055,143.044998,132.294998,88.0,8.0,80.0,,159.100006,0.0,1.0,17.360977032187023,60.526467327566266,0.0,0.2212428562338391,0.404309578640625,29.08873997544239,45.878861023072496,63.55645844605286,71.7552350094241,-36.44354155394714,6.271706926470614,153.82589708755432,2.662444883931569,3.476274474553516,-4.580465520743548,8.056739995297065,-0.2752755782156724,-0.2756551581895472,11.878765732592456
219,2019-04-17,156.429993,156.649994,154.429993,154.490005,149.72229,458600,-4305934.415330064,-563400,-0.16960454383018866,-91777.93832890588,61.83474548688187,-508.29139991506634,310.13602546245755,-5370.807146074703,836.0595122092378,155.5521816707992,2.3051151825419938,153.9100014,159.97285500107398,147.84714779892602,7.878440057078685,0.5478325585741717,0.0,0.0,156.26933293333335,158.30333403333333,154.23533183333333,2.603199312135965,0.06260398941442641,0.0,0.0,147.020004,159.100006,153.060005,7.848743999816511,0.6183774638447901,0.8864750583114307,2.478509480583483,2.824320670034678,-0.34581118945119504,155.96250158333334,152.60538542307694,155.15895710630372,152.68044762572023,42.253225202391086,25.889986672584257,15.007591383311885,1.0447352999167605,0.775411114564484,0.26932418535227653,0.2767566859512662,25.13425714377533,30.226242247945944,0.9100056000000052,63.52820149946321,65.2369013487678,-1.708699849304594,156.6399995,152.5300065,154.585003,147.6700055,143.0999985,132.3499985,84.0,4.0,80.0,,159.02720602,0.0,0.0,8.680488516093511,56.09113774613632,0.0,0.05411904651642352,0.24228179380413897,26.662004500532348,36.19015403246792,49.11705976580815,60.949657761335466,-50.88294023419185,5.981030291176467,153.8359564380756,-0.8280870511496197,7.018610633994032,-2.2606502897960326,9.279260923790066,-0.8280870511496174,-0.8315347383980765,10.95231216057484
220,2019-04-18,155.220001,155.740005,153.910004,154.520004,149.751373,391700,-4436501.224692458,-171700,-0.24164133657881962,-76988.14595334769,52.55332496410118,-334.0389545542538,266.23819891143046,-3721.546578862931,836.2218589533315,155.87391962777477,2.2576037642877953,154.05400165,160.03054646747233,148.07745683252767,7.759025735729508,0.5389859328618809,0.0,0.0,156.12333329999998,158.1173349,154.12933170000002,2.5543928096492805,0.09796188227732093,0.0,0.0,147.020004,159.100006,153.060005,7.841407474402991,0.6208608243607903,1.021386456577895,2.243945567558768,2.7082456495394966,-0.4643000819807286,155.93750133333333,152.87846257692308,155.06065662841084,152.81671106085207,40.7720231286418,24.417177023303076,15.770283752218342,1.028064398271893,0.8244463180547835,0.2036180802171096,0.26629169862668794,25.167384094708268,14.836292380660899,1.4960013500000002,60.349857845621855,65.0449638271438,-4.695105981521948,156.50500499999998,152.635002,154.57000349999998,147.6700055,143.629997,134.23499650000002,80.0,4.0,76.0,,158.8433174992,0.0,0.0,4.340244258046756,56.17157185171123,0.005259004076213375,0.0017530013587378657,0.09237163470300015,24.699449657442408,37.641803773779365,26.48484890315613,46.38612237167238,-73.51515109684387,5.300354444117659,153.85633330756036,-0.1937753432603861,7.931644614681803,-0.22219130890046546,8.153835923582267,0.01941808468450823,0.019416199618493835,10.973856974509587
221,2019-04-22,154.0,154.619995,152.850006,153.600006,148.859741,357500,-4491033.240145658,-529200,-0.19958627367261444,-112975.45153144051,43.399233506225805,-539.6629622254455,52.150489961311514,-2052.461731472161,831.2430703312879,155.78212914040614,2.2088422878590137,154.3375023,159.62315490890668,149.05184969109334,6.849472785470461,0.43023602243956843,0.0,0.0,155.8403341,157.8553348,153.82533339999998,2.5859809806452616,-0.05591248677977319,0.0,1.0,147.020004,159.100006,153.060005,7.827003689951516,0.5447020621354205,1.217943541290095,1.9612082389205057,2.558838167415699,-0.5976299284951931,155.77500158333334,153.14500134615383,154.83594114711687,152.87473290819636,38.69238120160201,23.051292455204443,18.23816542404616,0.9368211316404859,0.9891307013529165,-0.052309569712430615,0.25264803513918166,25.191357557088356,-21.499607391981662,2.0024937000000023,57.034094837771,64.17009758323756,-7.136002745466563,155.975006,153.04000100000002,154.5075035,147.6700055,143.629997,134.449997,76.0,24.0,52.0,,158.547318689248,0.0,0.0,2.170122129023378,52.96708207775271,0.0,0.0017530013587378657,0.019208349744633084,22.1056581256499,34.81054977496956,12.0,29.2006362229881,-88.0,4.1767075852941105,153.84498705987372,-1.2536142477605714,7.719439095909644,1.3661347720615566,6.3533043238480875,-0.5953908724982915,-0.5971703908626225,10.313128759224055
222,2019-04-23,153.889999,156.389999,153.720001,156.190002,151.369812,460500,-4099521.0210353807,-68700,-0.12049523699585075,73548.63554447856,46.50717786517857,765.3411563520034,56.712170891989786,5636.406741563525,831.2430703312879,155.77405155837317,2.2669573590731105,154.75600205,159.16376308817308,150.34824101182693,5.696400759628021,0.6626676148707857,0.0,0.0,155.71866756666665,157.74866766666668,153.6886674666667,2.6072662086334724,0.6160922192401154,0.0,0.0,149.190002,159.100006,154.145004,6.403631438345246,0.7063569298256579,1.2273652188989246,1.9239498049284691,2.431860494918253,-0.5079106899897838,155.76250208333332,153.47077061538462,155.0442582014066,153.12030839647812,37.56474345395425,26.55405266842325,16.656483687157376,0.9086146529663871,0.9312154851581657,-0.022600832191778553,0.24035904310317183,25.21230522266305,25.563112261826713,1.503992949999997,54.447063670886074,62.98749706900706,-8.540433398120989,155.975006,153.060005,154.5175055,147.6700055,143.93,134.75,72.0,20.0,52.0,,158.09153367410815,0.0,0.0,1.085061064511689,59.90228034886996,0.3765321899859835,0.12726373135406568,0.04358991135718047,21.7326645842378,38.00870902867779,53.43993599999976,30.641594967718635,-46.56006400000024,3.5225300882352997,153.8808493008492,-0.09594090049741387,9.786967896973172,3.0503013970438797,6.736666499929292,1.6861952466329821,1.6721367898477446,12.17322349277421
223,2019-04-24,156.460007,158.429993,156.139999,156.710007,151.873764,427100,-4314000.012596058,358400,-0.16946459213106413,94769.42125241004,47.572835284767514,1195.6631842716029,118.6806769217951,9186.877587959214,834.0105365407296,155.89452380706643,2.2692610231658,155.0750023,159.05834819409964,151.09165640590035,5.13731527972983,0.7052300683229465,0.0,0.0,155.93033443333334,157.9853331333333,153.87533573333332,2.6357907939697207,0.6897014744259148,0.0,0.0,149.410004,159.100006,154.25500499999998,6.248590589251935,0.7533541272746886,1.2342179801792732,1.9143152506050285,2.328351446055608,-0.41403619545057957,155.80000308333334,153.7296171923077,155.30052724734404,153.386211996739,37.26915638480734,31.00607215089205,15.470551999157237,0.9791463247979337,0.8934509452040821,0.08569537959385165,0.22970060941093462,25.234361962625652,89.40563355750079,2.3350016999999923,53.01393778243296,61.53788671754123,-8.523948935108265,155.975006,153.060005,154.5175055,148.22000100000002,144.88499825000002,135.4300005,68.0,16.0,52.0,152.850006,,1.0,0.0,0.5425305322558445,61.14118980275922,0.4437962063314184,0.2734427987724674,0.13415317716175698,21.78551485047687,39.031244488590666,61.76001599999972,42.39998399999983,-38.23998400000028,3.3149109588235035,153.9884310204685,0.287989257903142,10.44606137994379,4.529453393623863,5.916607986319928,0.33293104125833306,0.3323780529071563,12.546682973761737
224,2019-04-25,155.440002,156.520004,153.020004,153.320007,148.588379,440800,-4679233.542653199,-82400,-0.2027882083807038,-132242.2103550762,40.16548766440461,-1996.9310344827525,-32.03837077108632,-8113.575313554172,834.0105365407296,155.7271518796259,2.411335220849219,155.2430023,158.58029384088164,151.90571075911836,4.299442153833734,0.21189282140271376,0.0,0.0,155.82633506666667,158.10133346666666,153.55133666666666,2.919915172267507,-0.05084172073849656,0.0,1.0,149.990005,159.100006,154.5450055,5.868220058251225,0.3655325614124525,1.424341115958959,1.6145239017692177,2.18558593719833,-0.5710620354291125,155.45917,153.88846353846154,154.99583182467572,153.3813079229065,35.24562471340762,27.59644739917444,23.06725758583996,0.8771384802478823,0.9601866476300649,-0.08304816738218257,0.21574242234247606,25.298380469948974,-55.99676378806442,-0.7130032999999969,49.128736537246674,59.616686964642405,-10.487950427395731,155.975006,153.060005,154.5175055,149.2649995,145.6974985,135.7200015,64.0,12.0,52.0,152.96160574,,0.0,0.0,0.27126526612792223,50.24262985083192,0.0,0.2734427987724674,0.22471644296633353,18.290451984724644,35.11532785468383,7.520015999999941,40.90665599999981,-92.47998400000006,2.84664820588236,153.97067971572784,-2.598308173602475,11.079035471261617,5.839369809151414,5.239665662110204,-2.1632313499928446,-2.1869722035122052,10.112037844296262
225,2019-04-26,156.5,159.509995,153.789993,156.589996,151.757462,736700,-4694688.266829868,654300,-0.2009233781332423,230792.51916707854,46.58068757386016,1459.6914021962841,37.79928566948087,6176.717184409714,834.0105365407296,155.82712654128918,2.789200498764297,155.50000225000002,158.3911645588374,152.60883994116264,3.7185366778184465,0.6885044202928733,0.0,0.0,155.79000133333332,158.43800083333332,153.14200183333332,3.399447303853926,0.6510564232860868,0.0,0.0,150.039993,159.509995,154.774994,6.090033352395011,0.691658037664618,1.4328046523822795,1.6220993304389708,2.072888615846458,-0.4507892854074873,155.63083641666668,154.19730961538463,155.24108785164867,153.6189885212097,34.402398001702444,31.028340750715245,19.244224785638497,0.8768356146331027,0.8768356146331019,7.771561172376096e-16,0.20399968255839793,25.38091829908563,63.85628267951755,-0.11999725000001149,45.93435261110809,57.232133955538835,-11.297781344430746,156.1800005,153.2649995,154.7225,150.0799945,146.00249875,136.959999,60.0,8.0,52.0,153.020004,,0.0,0.0,0.13563263306396112,58.01661882971088,0.36768516092158754,0.27049378908433536,0.2724597955430901,17.85338715660824,40.61187229166166,56.15609875631939,41.81204358543969,-43.84390124368061,2.8032639147058944,153.99946689114518,1.333072551175005,17.05942272507545,8.083380392336222,8.976042332739228,2.132786884101834,2.11036128444384,12.460492945256663
226,2019-04-29,156.910004,157.529999,155.839996,157.300003,152.445557,441400,-4373430.34279068,1095700,-0.17243299004888432,242593.17211463815,48.908994276142174,13.401907569212273,72.30220900450489,17713.627384307387,837.792089220619,155.88200558856414,2.6792807488878667,155.77800215,158.20084518957972,153.35515911042026,3.1106356560495043,0.8140939848633404,0.0,0.0,155.69400116666665,158.31899966666668,153.06900266666668,3.371996968836335,0.8059052859141292,0.0,0.0,152.850006,159.509995,156.1800005,4.275307750825457,0.6681688212998549,1.4332476252444084,1.6661877679387374,1.991548446264914,-0.32536067832617666,155.79083624999998,154.4150020769231,155.5578440283181,153.89165626037936,33.619401769404774,29.58659272896928,18.350031852873013,0.9549379190231599,0.9318502579500609,0.02308766107309901,0.19475066442878436,25.270031139464443,74.61884197187594,1.7319928500000117,43.17107247247646,54.634933107508516,-11.463860635032056,156.1800005,153.2649995,154.7225,150.125,147.04249950000002,140.49499550000002,56.00000000000001,4.0,52.00000000000001,153.020004,,0.0,0.0,0.06781631653198056,59.496346264972885,0.5629827099988394,0.31022262364014236,0.2847197371656484,18.00134839899946,44.85638952651881,66.81688212998549,43.49766562876828,-33.18311787001451,3.047233917647077,154.0137515264137,1.235678940800647,15.692647735931766,9.605233861055332,6.087413874876434,0.45341785435641935,0.4523930123133013,12.97040889936769
227,2019-04-30,158.119995,159.330002,155.460007,156.660004,151.825302,286300,-4482180.169676763,809400,-0.23819681447343768,181761.04556968916,53.94599894465676,959.7357806374343,199.0536812043583,836.5312902134995,834.3834046110636,155.991911206253,2.7983521739990818,155.82200240000003,158.2751654523955,153.36883934760456,3.148673505167929,0.6708002244656471,0.0,0.0,155.74066766666667,158.52266536666667,152.95866996666666,3.5726027654566663,0.6652295279275964,0.0,0.0,152.850006,159.509995,156.1800005,4.274100510468086,0.5720727166366163,1.3549508991054584,1.6306880449777168,1.9193763660074747,-0.28868832102975794,155.72000366666666,154.75077173076923,155.72740710088453,154.09671905590682,33.43950097099511,31.326624769805576,16.463513837941544,1.0005475544852935,0.8805688969484156,0.11997865753687798,0.18635055285182756,25.30817287034223,84.9757278679932,1.4480015999999694,39.73655774871026,51.81598611174629,-12.07942836303603,156.1800005,153.2649995,154.7225,150.125,147.71749875,141.114998,52.0,8.0,44.0,153.27960364,,0.0,0.0,0.03390815826599028,57.52807258061526,0.4432357885191926,0.45796788647987324,0.3462280997347837,17.49731013553233,44.250597352330374,57.20727166366162,60.060084183322175,-42.79272833633838,3.189646361764659,154.03249717177638,-0.5396425795074256,11.554797943676038,9.995146677579474,1.559651266096564,-0.4068652179237464,-0.4076951663975592,12.510771599009928
228,2019-05-01,156.979996,157.100006,154.449997,154.449997,149.683502,233900,-4716080.169676763,575500,-0.2498919311403077,81949.37658830533,50.47608128569031,-1835.4093758131726,61.733589917181725,-4464.488874191218,822.6127348945336,155.98213014348616,2.7835178565991745,155.8035019,158.29193930022507,153.3150644997749,3.194327944980653,0.22804119969472314,0.0,0.0,155.64200076666665,158.46299996666667,152.82100156666667,3.6249844978916093,0.2887266741042196,0.0,0.0,152.850006,159.509995,156.1800005,4.274608027921352,0.24023928568050032,1.4094974793882198,1.4079946774729137,1.8171000283005625,-0.40910535082764876,155.48500308333334,155.00577134615384,155.53088246997922,154.1228877925063,32.73854057528338,29.119014360087654,17.98920123178284,0.9645694919380843,0.9394501747052891,0.025119317232795146,0.17567163235604769,25.397005021356918,-47.94182699772792,0.40650510000000395,36.35537387960579,48.79678304287324,-12.441409163267444,156.1800005,154.3499985,155.2649995,150.489998,147.9725,141.114998,48.0,4.0,44.0,153.5288192944,,0.0,0.0,0.01695407913299514,51.22598356671013,0.059825816469429305,0.3553481049958205,0.37451287170527864,15.001417621122105,39.790190485275055,24.02392856805003,49.34936078723239,-75.97607143194998,2.6295591823529207,154.03811043359005,-1.7930990832810074,7.022084030620385,9.400534148187656,-2.3784501175672714,-1.4107027598441735,-1.4207477531265056,10.923579038940723
229,2019-05-02,153.880005,155.570007,153.339996,155.350006,150.555756,351000,-4434335.748236689,926500,-0.18850077409103258,115371.34550426228,46.02642561595948,-838.6366153846075,-123.15357706735486,-1254.2911516106963,822.6127348945336,155.87899907620383,2.728167170939256,155.79350205,158.28753494365677,153.29946915634324,3.20171619591212,0.4110885724226081,0.0,0.0,155.59833466666666,158.42033486666668,152.77633446666667,3.6272884360176296,0.4560013024331704,0.0,0.0,152.850006,159.509995,156.1800005,4.2748824003343575,0.37537599536575833,1.4479132646927864,1.2892698832457938,1.7115339992896088,-0.422264116043815,155.41333633333332,155.19884842307692,155.50305532075166,154.21378543750586,31.52944181930825,27.371004401970687,19.897332909618072,0.9156500463382008,1.0366049100746615,-0.1209548637364607,0.16474851093804793,25.454934456458506,-81.2078388472727,-0.013503049999997074,33.93705732347206,45.86202742930104,-11.924970105828976,156.1800005,154.45999949999998,155.32,150.489998,148.02499775,141.114998,44.0,4.0,40.0,,159.509995,0.0,1.0,0.00847703956649757,53.46187876116691,0.20658973243168774,0.2365504458067699,0.34995547909415453,13.6756512787827,39.358376091761336,37.53759953657583,39.58959992276251,-62.46240046342417,2.341117491176476,154.05087241255825,-0.5505415539735447,5.736677057539479,8.667762730058021,-2.9310856725185417,0.5827186905027926,0.5810274520692715,11.569951466175254
230,2019-05-03,156.75,157.479996,156.270004,156.429993,151.602402,287300,-4645660.304266813,1213800,-0.22596868102739526,143215.47687508148,45.93510804417163,1019.2059954792861,-115.69288492761277,4042.640660415439,828.3315055762711,155.82051738209776,2.6683494538453294,155.79800189999997,158.29628372926803,153.29972007073192,3.2070781381029407,0.6264851492325794,0.0,0.0,155.79866733333333,158.55866663333333,153.03866803333332,3.543033258551498,0.6143706207944813,0.0,0.0,152.850006,159.509995,156.1800005,4.274758930653523,0.5375364734085883,1.4548694683231076,1.2677121569055032,1.6227696308127877,-0.3550574739072845,155.4675025,155.44769403846152,155.6456611175591,154.37794896065358,31.03726422020737,30.994192808029098,18.740166246295068,0.9311534479026555,1.034819913092001,-0.10366646518934552,0.15519497970476975,25.44042484590266,51.37481065516669,-1.3079968999999778,31.442762949524937,43.01854610838481,-11.575783158859874,156.2649995,154.75,155.50749975,150.489998,148.22749725,141.114998,40.0,4.0,36.0,,159.38659502000002,0.0,0.0,0.004238519783248785,56.06463513398807,0.493288430540027,0.25323465981371474,0.281711070205435,13.384062641302243,41.54809747140537,53.753647340858834,38.43839181516157,-46.246352659141166,2.1195009705882626,154.0944755522311,0.41725125444377004,3.291157700125929,7.592441724071604,-4.301284023945675,0.6951959821617226,0.6927906363706882,12.345581286067887
231,2019-05-06,153.770004,156.130005,153.570007,156.0,151.185669,493900,-4201923.991504073,719900,-0.14381058528283674,92417.04550721298,44.698129935692265,-1049.6012532925686,-130.002221681691,639.6713086627483,828.3315055762711,155.72367244612846,2.687513108460796,155.78500215,158.27622860418714,153.29377569581285,3.1982879222075904,0.5431510049274413,0.0,0.0,155.9530008333333,158.79200103333332,153.11400063333335,3.6408407466734434,0.5082774151735998,0.0,0.0,152.850006,159.509995,156.1800005,4.275115645334923,0.4729728532584655,1.4549145305383822,1.2020739022867133,1.538630485107573,-0.33655658282085965,155.59333541666666,155.62269415384614,155.70017479178077,154.49810088949405,29.35471994667977,28.589913520604433,24.60970708930513,0.8981031093952098,1.0348330516719846,-0.13672994227677482,0.1461120846031492,25.407280420199477,-44.13376342891171,-1.2649981499999967,29.331032355692216,40.22787596225216,-10.896843606559948,156.2649995,154.774994,155.51999675,150.489998,148.23749924999998,141.114998,36.0,72.0,-36.0,,159.2656630396,0.0,0.0,0.0021192598916243924,54.751680658788544,0.41372904565793067,0.37120240287654854,0.2869958361656777,12.757759968158044,49.38468595968033,47.29728532584655,46.196177401093756,-52.70271467415345,1.5736788617646766,154.14104510145054,0.9774062729818693,5.748867558831629,7.223726891023609,-1.47485933219198,-0.27487887185418947,-0.2752573575691031,12.036767019650707
232,2019-05-07,154.679993,155.089996,152.800003,153.720001,148.976044,384600,-4277500.137894044,335300,-0.17490195354475452,-46055.048908103345,46.20504716929532,-538.8607774192685,-159.170924755808,-6978.701205780186,816.2251273430505,155.54045735505017,2.738761497614716,155.600502,158.1292898068438,153.07171419315623,3.2503594452976516,0.12818133753438726,0.0,0.0,155.79666743333334,158.59766713333335,152.99566773333333,3.5957119573158725,0.1292990618075861,0.0,0.0,152.800003,159.509995,156.154999,4.31232027773278,0.1371086582517524,1.549383970365321,0.9550688093256952,1.4219181499511975,-0.4668493406255023,155.5266685,155.69884784615385,155.39553266996833,154.44046386064264,27.480947309672366,26.146029051621326,24.562944083554413,0.8657704803557282,1.0284198461505678,-0.16264936579483957,0.1345395015140247,25.303113505459738,-119.65063150832732,-2.0004959999999983,25.588313236340376,37.18058434601965,-11.592271109679274,156.154999,156.154999,156.154999,150.854996,148.63500225,141.33000199999998,32.0,68.0,-36.0,,159.14714969880802,0.0,0.0,0.0010596299458121962,48.29353785782821,0.0,0.30233915873265255,0.30892540714097194,10.185123307118802,47.132609200144614,13.71086582517524,38.25393283062689,-86.28913417482477,0.7545602441176413,154.1301438066721,-0.517734260478018,5.271955070119601,6.833372526842808,-1.5614174567232073,-1.461537820512826,-1.4723235047559236,10.39930729677867
233,2019-05-08,153.699997,154.960007,152.720001,153.5,148.762802,283800,-4363654.49212345,51500,-0.16262809467432168,-48395.22532123129,47.672841013526266,-82.8719344513861,-128.7838200798308,-6027.24335825067,815.0569622176769,155.47697092546102,2.688885947853244,155.54900204999998,158.20180908942837,152.8961950105716,3.4108956077720873,0.11380492068478965,0.0,0.0,155.46000106666668,158.2560019666667,152.66400016666665,3.5970679027604033,0.14949920676587394,0.0,0.0,152.720001,159.509995,156.114998,4.365180046489413,0.11487477013970894,1.5983929677911997,0.7331123882385668,1.2841569976086715,-0.5510446093701047,155.51833466666668,155.61115557692307,155.10391225920398,154.3707998709654,25.707736194507103,24.563189539329024,23.29215554709137,0.8899322380833974,1.0045652335729958,-0.11463299548959838,0.1212667302608059,25.260212580441436,-118.43982475775509,0.6409999500000083,21.760693881520528,34.13969071760564,-12.378996836085111,156.114998,156.114998,156.114998,150.854996,150.37499974999997,143.0699995,28.000000000000004,64.0,-36.0,,158.8932638308557,0.0,0.0,0.0005298149729060981,47.70877053555841,0.0,0.1379096818859769,0.27048374783172596,7.943262342263615,44.6460280026469,11.487477013970894,24.165209388330904,-88.51252298602911,0.21447245000001658,154.10684892588543,-0.0651080703733876,2.7069741244737644,6.008092846369,-3.301118721895236,-0.1431180058345194,-0.14322051747264197,10.241306009720418
234,2019-05-09,152.169998,153.429993,151.639999,152.910004,148.191055,228600,-4267870.004801149,-177100,-0.15078301014222628,-60749.205361055836,49.12953115222797,-1021.8532326999173,-177.91341137594964,-1284.820924011142,811.924191224318,155.4125452944545,2.6059974530679204,155.425502,158.31747818939715,152.53352581060284,3.7213663809136746,0.06509012604900213,0.0,0.0,155.29733376666667,157.92233406666668,152.67233346666666,3.3806121925364905,0.04527057260399706,0.0,0.0,151.639999,159.509995,155.574997,5.063516539261372,0.16137301721627245,1.6893228623969108,0.5037951422217191,1.1280846265312812,-0.6242894843095621,155.2450015,155.53769392307692,154.76638791163415,154.26259276941244,24.133703666323985,23.30174470445656,25.077897209110766,0.8740498629433661,1.0185003965411537,-0.1444505335977876,0.10644861844776687,25.211451520657494,-157.53516849708552,1.2845049999999958,19.596554230406902,31.213268675305503,-11.616714444898601,155.4850005,155.574997,155.52999875,150.854996,150.43000024999998,143.125,24.0,100.0,-76.0,,158.52286806100435,0.0,0.0,0.00026490748645304906,46.09673957609838,0.0,1.850371707708594e-17,0.14674961353954316,5.611199331655194,48.26723267283071,16.137301721627246,13.77854818692447,-83.86269827837276,-0.2461461647058627,154.09829523433092,-2.100005095076448,-0.643138662602549,4.677846544574691,-5.32098520717724,-0.38436221498372447,-0.38510278480128335,9.817580084114464
235,2019-05-10,152.309998,155.119995,150.639999,154.490005,149.72229,231300,-4101622.1552941394,54200,-0.1443604664169986,136.99987623818015,54.61049075811226,668.2244271491498,-91.63574070633568,1511.343540866223,811.924191224318,155.4417029402582,2.7933973077611283,155.27450249999998,158.0273794674708,152.52162553252916,3.545819723326212,0.35751315636878345,0.0,0.0,154.97600093333335,157.47700063333335,152.47500123333333,3.227596124481072,0.4028396658077687,0.0,0.0,150.639999,159.509995,155.074997,5.712461387535288,0.43404822279514005,1.6252995711707505,0.4444293438641296,0.9913535699978508,-0.5469242261337213,155.06000133333333,155.49692476923076,154.72386746369045,154.27943811982632,22.844409163702323,24.99699803719172,22.129989737600724,0.8835666763070178,0.950676111428294,-0.0671094351212762,0.09304309337549485,25.31454981297145,-106.32001530055402,-1.9544954999999788,16.440950545239772,28.243255127834757,-11.802304582594985,154.9850005,155.074997,155.02999875,150.854996,150.77999875,143.4749985,20.0,96.0,-76.0,,157.972238536124,0.0,0.0,0.00013245374322652453,50.88303654361788,0.3181436938810511,0.1060478979603504,0.08131919328210911,4.966170955699158,58.31308513330041,43.40482227951401,23.67653367170406,-56.59517772048599,-1.138970352941186,154.1114650276863,-1.4166306558840203,-3.3423628679935202,3.0738046620610486,-6.416167530054569,1.0332881817202821,1.0279862509273485,10.95231216057484
236,2019-05-13,151.369995,151.669998,149.410004,150.570007,145.923248,235900,-4095358.0542390007,-181700,-0.10964230706682189,-131986.50413465273,48.00779660605333,-2241.7875879711796,-306.43065101513446,-3595.6831091977524,811.924191224318,155.21452755233148,3.0220576769850167,154.93950265,158.21966763588648,151.65933766411354,4.234123551172341,-0.16604815135832846,0.0,1.0,154.3420013,156.9000001,151.78400249999999,3.314715085270839,-0.23729399325753753,0.0,1.0,149.410004,159.509995,154.45999949999998,6.518667497478258,0.11485188452148279,1.9745736716614304,0.08014656345443427,0.8091121686891676,-0.7289656052347333,154.83083466666668,155.2750021153846,154.08481200773807,154.00466544428363,21.29857573386653,21.85918192094598,22.391401899905134,0.7816015211882686,1.009896585648487,-0.2282950644602183,0.0759991824825703,25.416862870206497,-220.88198241763124,1.650493350000005,10.915931732772131,25.04096334828608,-14.125031615513949,153.445,154.45999949999998,153.95249975,150.854996,150.91500075,143.6100005,16.0,100.0,-84.0,,157.2390145825116,0.0,0.0,6.622687161326226e-05,41.12606695540082,0.0,0.1060478979603504,0.0706985986402336,1.1006442858708145,49.44962642990556,11.485188452148279,23.67577081776319,-88.51481154785172,-2.0750889117646807,153.65982269295654,-1.7936341471729778,-5.423049880745063,1.3744337534998263,-6.797483634244889,-2.5373796835594598,-2.570126286355645,8.13703073337293
237,2019-05-14,150.820007,152.199997,150.320007,151.130005,146.465973,260700,-4131411.669311418,79000,-0.08844865551426699,-92275.36374398778,46.110004540386875,519.2154507057976,-354.74834626983494,-5016.086644474739,811.924191224318,154.83777019816048,2.9078509092865144,154.68550255,158.30227408547654,151.06873101452345,4.676290248088986,0.008470812280445475,0.0,0.0,153.74866783333331,156.10766613333334,151.38966953333335,3.0686422630434733,-0.05503703273828897,0.0,1.0,149.410004,159.509995,154.45999949999998,6.529371423631204,0.17029728046292536,2.2314753598224457,-0.1615013193560344,0.6149894710801272,-0.7764907904361616,154.37583541666666,155.07769480769232,153.6302263142399,153.79172763359594,19.91462134791354,22.160887726719398,21.32456918764818,0.7452896001577849,1.044267833426289,-0.29897823326850403,0.057825695876887157,25.42380539272208,-161.5162863898571,2.6145004500000084,6.325031511834584,21.704258640755945,-15.379227128921361,153.445,154.45999949999998,153.95249975,150.854996,151.56249625,143.71499649999998,12.0,96.0,-84.0,,156.2995333126102,0.0,0.0,3.311343580663113e-05,42.813100792044246,0.09183495842463171,0.13665955076856096,0.11625178222975392,-1.4444201630388713,49.39679222293297,17.029728046292536,23.973246259318284,-82.97027195370747,-2.6517942499999663,153.42241625715073,-3.4868070371494237,-6.442028325395517,-0.18885866227924253,-6.2531696631162745,0.37191869161565805,0.37122878411732785,8.539212563228515
238,2019-05-15,151.220001,154.100006,150.220001,153.460007,148.724075,182600,-4009050.6728178584,261600,-0.01908535051006345,-18313.402466275787,52.56916475170245,1912.382431548476,-75.51167012474711,3784.7733373467267,824.4417914811368,154.80178290046717,3.0050663183578643,154.56950295,158.18723650622474,150.95176939377524,4.681044432671833,0.3466586976684652,0.0,0.0,153.4746683,155.9566662,150.9926704,3.234407251036875,0.49704647211828534,0.0,0.0,149.410004,159.509995,154.45999949999998,6.53427151361621,0.40099075335809675,2.2135269668319957,-0.16311700737730916,0.45936817538864,-0.6224851827659492,154.05583575,154.92577184615385,153.60403872743376,153.76715573481107,19.37591317014117,24.72792760232911,19.282630287558632,0.8189421567976367,0.9622513826747384,-0.1433092258771017,0.04252336926676532,25.52773027594188,-87.24598097275477,2.0905010500000003,3.3548039763242126,18.30623049107285,-14.951426514748636,153.445,154.45999949999998,153.95249975,150.854996,151.66749975,143.7649995,8.0,92.0,-84.0,,155.472789795097,0.0,0.0,1.6556717903315566e-05,49.3202359727766,0.4460557664523971,0.17929690829234293,0.14066811900708476,-1.5269326339490399,52.16147076681708,40.09907533580967,22.871330611416838,-59.90092466419033,-3.039559114705895,153.422850128708,-2.4411925789982427,-9.299467623507228,-2.0109804545248395,-7.288487168982389,1.5417203221822051,1.5299565697881157,10.21258366085236
239,2019-05-16,153.830002,154.25,152.779999,153.460007,149.21022,194800,-4023625.545896179,456400,0.04085275373840652,-15697.202113950676,46.15827575763547,1022.5079440431185,-106.73905999283036,2815.181308304702,824.4417914811368,154.41090380549792,2.8515597865220776,154.51800305,158.1679783092089,150.8680277907911,4.72433656552993,0.3550680518545042,0.0,0.0,153.34900153333334,155.75499843333333,150.94300463333335,3.1379361794892437,0.5230684974420904,0.0,0.0,149.410004,159.509995,154.45999949999998,6.536449346120395,0.40099075335809675,2.3023913620728576,-0.16252397654065476,0.33498974500278106,-0.4975137215434358,153.78916933333332,154.8846183076923,153.58188000013627,153.74440397667692,18.931870019537744,24.18181505381162,18.55760294780938,0.854504015448789,1.0414976056042125,-0.1869935901554235,0.02971502067744356,25.594663422594515,-42.76646360244981,-0.06800605000000814,1.612614715435333,14.991769576174006,-13.379154860738673,152.7700045,154.45999949999998,153.615002,150.854996,151.8125,143.7649995,4.0,88.0,-84.0,,154.74525549968536,0.0,0.0,8.278358951657783e-06,49.3202359727766,0.4460557664523971,0.3279821637764753,0.21464620761245976,-1.5915019526953382,54.02248200661005,40.826651376340955,32.651818252814394,-59.173348623659045,-2.920322929411782,153.423710036989,-2.042638145215416,-11.277277916628904,-3.864239946945653,-7.413037969683251,0.0,0.0,10.21258366085236
240,2019-05-17,152.449997,152.639999,150.559998,150.610001,146.439148,225200,-4237997.978409432,231200,0.02943448839440482,-105143.50912624274,37.28324012873047,-1768.7406727357782,-234.03495858604396,-4182.336256507504,824.4417914811368,153.94656079327646,2.856404707869868,154.3225029,158.350397308005,150.29460849199498,5.22009989769938,0.03915103973160565,0.0,0.0,152.80333503333333,155.29633283333334,150.3103372333333,3.263014906652628,0.06010108927226001,0.0,0.0,149.410004,159.509995,154.45999949999998,6.544729906658361,0.11881169003022107,2.522899921764243,-0.38755813213541046,0.19048016957514274,-0.5780383017105533,153.46916966666666,154.7011566153846,153.12466784626915,153.51222597840456,17.651374400389518,22.392994862233373,22.847632106237768,0.74073133371456,1.0110479261758853,-0.27031659246132533,0.015454295743867719,25.623055888714966,-122.21047885248838,1.0275031000000183,-3.0670333779656738,11.391984494656462,-14.459017872622136,152.2649995,154.45999949999998,153.36249949999998,150.854996,151.824997,143.7649995,44.0,84.0,-40.0,,154.25,0.0,0.0,4.1391794758288915e-06,42.46553210208683,0.08166471694332796,0.3245920832827074,0.27729038511717524,-3.869718454345003,49.19043969958508,12.096746390473285,31.007491034207977,-87.90325360952671,-3.1836755705882354,153.16717477421295,-2.4862389605614466,-11.936386827284922,-5.4786693230135075,-6.4577175042714146,-1.8571653004029742,-1.8746271500587497,8.16575380042539
241,2019-05-20,149.429993,151.850006,149.429993,151.029999,146.847488,354500,-4123738.408109603,585700,0.05448750642140601,-68853.10910820846,29.335335229751095,-655.3483949187594,-349.39811398291494,-3193.7611950147593,824.4417914811368,153.42903668723352,2.8127655370828824,154.19400255,158.46267916394476,149.92532593605523,5.536760889984126,0.1293929200839513,0.0,0.0,152.35700123333334,154.83600053333333,149.87800193333334,3.2541980741711156,0.2323512287128656,0.0,0.0,149.410004,159.509995,154.45999949999998,6.550184075236601,0.16039568748130711,2.6824237618807873,-0.5259462126482788,0.04719489313045845,-0.5731411057787372,153.10916908333334,154.451926,152.80241110068928,153.32835731333756,16.91636737988167,20.997137860356993,24.334095082861275,0.7120666068992091,1.0773924857207926,-0.3653258788215835,0.0013350354647624237,25.65206661092318,-125.50990272635262,2.2359904500000027,-7.251535709838314,7.743112389525497,-14.994648099363811,152.2649995,154.45999949999998,153.36249949999998,150.854996,152.632496,143.864998,40.0,80.0,-40.0,,154.25,0.0,0.0,2.0695897379144457e-06,43.70719183501369,0.17278261535885459,0.2335010329181932,0.2953584266591253,-5.305181157501686,50.39743097137229,20.074307384691515,24.332568383835262,-79.92569261530849,-3.0499994735293967,153.01434903848318,-2.780821907403083,-8.615341527195032,-6.106003763849812,-2.5093377633452194,0.27886461537172114,0.27847650936267954,8.467389813724878
242,2019-05-21,152.679993,153.699997,152.449997,153.229996,148.986603,180000,-4079098.6961096018,765700,0.0031611548705620766,-2445.599235607355,34.383282126326534,1690.9704861111072,-97.51383813118068,3610.567133412174,836.4511239312623,153.30068113558625,2.7984887833745935,154.04600225,158.2320555994029,149.85994890059706,5.434809457254741,0.402532746015244,0.0,0.0,152.28266756666667,154.65766756666665,149.90766756666667,3.119199365167743,0.6994375649122833,0.0,0.0,149.410004,159.509995,154.45999949999998,6.556477190241409,0.37821736672834727,2.687882875827463,-0.4528778972364478,-0.05281966494292279,-0.400058232293525,152.84250266666666,154.29654107692306,152.86819339289093,153.32107129012738,15.962101778616306,24.327124111675452,22.65609590457504,0.778625671386701,0.9679382984286723,-0.18931262704197127,-0.009300619132629435,25.57413334067626,-34.31121058602611,1.9539977500000134,-9.005487129176926,4.324647832781336,-13.330134961958262,152.2649995,154.45999949999998,153.36249949999998,150.854996,153.64500049999998,144.550003,36.0,76.0,-40.0,149.410004,,1.0,0.0,1.0347948689572229e-06,49.81653713342842,0.5817471978662858,0.2787315100561561,0.27894154208568556,-4.60645430370998,50.114272676552176,47.33575944065381,26.502271071939546,-52.66424055934619,-2.6186179882353144,153.01589351913958,-2.045641592530146,-10.911666888707707,-7.067136388821391,-3.844530499886316,1.456662262177466,1.4461548528486468,10.047393347910315
243,2019-05-22,152.869995,153.330002,151.529999,151.820007,147.615631,183800,-4203672.716597346,581900,0.017745781151776913,-39118.51051623477,35.970306930135735,-631.6624782314938,-82.72997119167255,930.7045631734311,836.4511239312623,153.11090776728378,2.6986402050371345,153.80150225,157.90705316955368,149.69595133044632,5.338765694083041,0.25868095551285886,0.0,0.0,152.13266756666667,154.46366726666665,149.80166786666666,3.064430194098208,0.43293423275287174,0.0,0.0,149.410004,159.509995,154.45999949999998,6.566900096712168,0.23861437104251018,2.781238319583909,-0.5029473948797261,-0.14284521093028346,-0.3601021839494426,152.49416991666666,154.12769492307692,152.7069339478308,153.20988134271053,14.94994928796862,23.167282683243055,24.012732951334588,0.7810648346863742,0.9377404360936904,-0.15667560140731618,-0.018917726519400747,25.466979676868696,-62.637525217828184,-0.0815012500000023,-11.101940634725379,0.9137039588777491,-12.015644593603128,152.2649995,154.45999949999998,153.36249949999998,151.239998,153.8375015,147.6700055,32.0,72.0,-40.0,149.429993,,0.0,0.0,5.173974344786114e-07,46.34499145708972,0.3493590844382018,0.3679629658877807,0.29339850295404335,-5.114456591116209,51.094803128185895,29.86375946841104,32.424608764585464,-70.13624053158895,-2.460500926470587,152.99620821200705,-2.6794826923076895,-12.6280481985706,-8.179318750771234,-4.448729447799366,-0.9201781875658344,-0.9244379789682178,9.034761238338085
244,2019-05-23,150.160004,150.960007,148.259995,150.740005,146.565536,217300,-4021784.732988383,364600,0.10969180620408714,-67056.49967105861,28.705195988071637,-3503.9265945669513,-405.8108704806895,-3237.09454193894,836.4511239312623,152.64120474689636,2.784777384533421,153.67250214999999,157.98726399708323,149.35774030291674,5.615528850921684,0.16017856211666243,0.0,0.0,151.8653346,154.2873361,149.4433331,3.1896699880579686,0.2676860233158408,0.0,0.0,148.259995,159.509995,153.884995,7.32076320916468,0.22044533333333272,2.9198469036714787,-0.6225980452284432,-0.23879577778991543,-0.38380226743852774,152.24583691666666,153.933849,152.40432949431835,153.0269275395468,15.168017160331017,21.031571652511534,30.266758470219685,0.6647634499815869,1.012902202673954,-0.34813875269236716,-0.028774522788339498,25.41017531387212,-132.53689173477602,-0.17250214999998548,-13.649138768302493,-2.4296392981825026,-11.21949947011999,151.2549975,153.884995,152.56999625,152.58999649999998,154.51250075,147.6700055,28.000000000000004,68.0,-40.0,,153.699997,0.0,1.0,2.586987172393057e-07,43.82573667327178,0.19813197237492047,0.37641275155980275,0.34103574250124646,-6.314595311587956,54.28744069879588,31.51215818023091,36.23722569643193,-68.48784181976909,-3.0504711558823487,152.9491407674656,-1.93858702876277,-12.89011142729487,-9.121477286075962,-3.768634141218909,-0.7113700106732401,-0.7139123110833978,8.259120645679374
245,2019-05-24,152.070007,153.289993,151.789993,152.919998,148.68515,277000,-3881436.219655056,641600,0.14695821160028405,28788.43756766388,38.66225077953603,1586.6382671480214,-217.5080475920759,2460.1505160322886,836.4511239312623,152.2710984098718,2.7612984460800805,153.48900225,157.59915788817742,149.37884661182258,5.355635358789907,0.43078069298461874,0.0,0.0,151.7903341,153.914336,149.6663322,2.7985996771055217,0.7659281754879784,0.0,0.0,148.259995,159.330002,153.79499850000002,7.212247677504206,0.42095754772332006,2.9241217693874817,-0.53534372233662,-0.29810536669925636,-0.23723835563736362,152.19750341666668,153.87346411538462,152.48366311057706,153.01900683291367,14.42291715151674,25.701517071292212,28.257341562262766,0.792197103177244,0.9437348118355531,-0.15153770865830907,-0.03555239785715532,25.334744892542417,-28.492136604333723,-0.5789982500000121,-15.80888372359818,-5.399063237779204,-10.409820485818976,151.2549975,153.884995,152.56999625,152.735001,154.585003,147.6700055,24.0,64.0,-40.0,,153.59119696,0.0,0.0,1.2934935861965286e-07,49.76204513487296,0.8851086499133223,0.47753323557548155,0.40730298434102163,-5.456603325240343,53.503006643061326,67.93007288629737,43.10199684497977,-32.06992711370264,-2.7415898735294206,152.94871907487246,-0.37785146579805046,-11.101017230612968,-9.517385274983363,-1.5836319556296043,1.446194061092143,1.4358364164458237,9.824757619047775
246,2019-05-28,153.100006,154.039993,151.270004,151.490005,147.294769,450500,-4260376.043423311,191100,0.02039586854904739,-67354.46015628785,37.97943080872685,70.7134228500528,-173.9670332871244,-206.78018897431002,836.4511239312623,152.0951332782278,2.7621675014720735,153.19850235,156.99985359136716,149.39715110863287,4.962648045582729,0.27527762609677175,0.0,0.0,151.96200053333334,154.13700193333335,149.78699913333332,2.8625595772186747,0.3914953495355592,0.0,0.0,148.259995,159.330002,153.79499850000002,7.225923772224137,0.2917803033006205,2.906863207687658,-0.5749548058562937,-0.35347525453066386,-0.2214795513256298,152.07917016666667,153.7569256923077,152.33079263202674,152.90574743788304,13.450420271028309,25.800568037782305,26.220880966164405,0.8192613541168802,0.9208784112603402,-0.10161705714346003,-0.041722108543480935,25.344415687367555,-38.47936760814197,1.291502649999984,-17.76842734967281,-8.076114222391137,-9.692313127281672,151.2549975,153.884995,152.56999625,152.83999649999998,154.57000349999998,147.6700055,20.0,60.0,-40.0,148.259995,,1.0,0.0,6.467467930982643e-08,46.3052562150017,0.5308194529842024,0.538020025090815,0.4639886707420331,-5.829743861558328,49.522074422847815,47.08469387755102,48.842308314693106,-52.91530612244898,-2.232266588235319,152.93329545827385,-0.9286501620914156,-4.465695459908094,-8.507047311968309,4.041351852060215,-0.93512491413974,-0.9395246573767224,8.797758948658462
247,2019-05-29,150.550003,153.460007,150.550003,151.649994,147.450317,352500,-4346383.744787297,543600,0.024209588691696923,-49675.80549110408,37.286320952975586,-536.5911163046849,-206.37554627664576,-3840.4615441364494,837.3345022034238,151.945046853349,2.776951151324865,152.94800185000003,156.45263394847436,149.4433697515257,4.58277591872225,0.3148153909557163,0.0,0.0,152.02900036666668,154.30700316666668,149.75099756666665,2.9968003400744276,0.41681169868038115,0.0,0.0,148.259995,157.479996,152.86999550000002,6.028193169232956,0.36767881044698264,2.876523381960307,-0.5866742837608285,-0.4001150603766968,-0.18655922338413172,151.84250258333336,153.68192523076922,152.2260543809457,152.81272866470653,12.81188851763866,23.85550554425297,26.109410790413452,0.8063629116671868,0.933381721754481,-0.1270188100872942,-0.046937805825535306,25.348870115402896,-48.82482687969693,-2.3779948500000216,-18.829012488942084,-10.540982718531836,-8.288029770410247,151.2549975,153.884995,152.56999625,153.24499550000002,154.5075035,147.6700055,16.0,56.00000000000001,-40.00000000000001,148.37559496,,0.0,0.0,3.2337339654913215e-08,46.75094065951228,0.5764980256681648,0.6641420428552299,0.5598984345071756,-5.993406370330084,52.823074448486395,49.41689504373172,54.81055393586004,-50.58310495626828,-2.3522946352941005,152.9236299080904,-1.838313747222679,-2.1988130793523335,-7.2454004654451145,5.0465873860927815,0.1056102678193227,0.10555453940908066,8.91266055326556
248,2019-05-30,151.649994,153.860001,151.649994,152.360001,148.140686,276500,-4445221.922449174,820100,0.04792424488261949,-14533.98534951705,44.45806541319288,599.4534086609491,-90.56792903658386,1666.8158793070293,841.2548014545134,151.9517017030494,2.7202567361923804,152.84350205,156.28686035645785,149.40014374354217,4.505730711838055,0.42979222506510284,0.0,0.0,152.03199976666667,154.14300276666668,149.92099676666666,2.7770508882865497,0.5776884810995856,0.0,0.0,148.259995,157.479996,152.86999550000002,6.032314672418222,0.44468606890606727,2.8024670680805386,-0.5325317290277383,-0.42659839410690514,-0.10593333492083312,151.99166875,153.5346175,152.2466615531079,152.77919328213565,12.055877280954286,23.521197480056344,24.593053666445527,0.8634790582635561,0.8881209164629206,-0.024641858199364486,-0.05029961244616489,25.330366430039657,-7.032839200975308,-1.7134970500000009,-19.677282448533695,-12.906526847861729,-6.770755600671967,151.149994,153.884995,152.5174945,153.2649995,154.5175055,147.6700055,12.0,52.0,-40.0,148.4888829208,,0.0,0.0,1.6168669827456607e-08,48.782687882992086,0.7847335034063995,0.6306836606862555,0.6109485762107668,-5.535877699375087,49.880673246418084,59.766851311953594,52.089480077745456,-40.233148688046406,-2.212442352941139,152.9158136510174,1.188811793041895,-2.4860152026196913,-6.293523412880031,3.8075082102603397,0.4681879512636211,0.4670953604004602,9.422576507376611
249,2019-05-31,151.25,153.800003,150.550003,152.710007,148.480957,355600,-4328146.585587638,1175700,0.01877327675713349,5322.603071841468,36.763249073424205,-530.0849620359936,-176.16145683552267,2111.434754705067,841.2548014545134,151.89938523601734,2.7732310625731422,152.71150210000002,155.95712565408854,149.4658785459115,4.2506602442600485,0.49976967445929693,0.0,0.0,151.91766666666666,154.20666956666668,149.62866376666665,3.013478221756101,0.6730754323931445,0.0,0.0,148.259995,157.479996,152.86999550000002,6.037528852255324,0.4826476699948285,2.76458668022669,-0.4561229043334265,-0.4325032961522094,-0.02361960818121711,152.12333558333333,153.38077134615384,152.3179454680144,152.7740683723478,11.778262437833467,21.54001356957023,25.372416391415314,0.8566706446400802,0.9290964782228822,-0.07242583358280197,-0.05173258035432737,25.280546079375796,-16.63182092447937,0.7485048999999719,-20.79055036458517,-14.875806513041672,-5.914743851543497,151.149994,153.884995,152.5174945,153.2649995,154.5175055,148.22000100000002,8.0,48.0,-40.0,148.599905122384,,0.0,0.0,8.084334913728304e-09,49.79955187964137,0.9980455310887559,0.7864256867211067,0.693750463420864,-4.870878923200719,48.24168343779081,74.29062246191764,61.158122939200986,-25.709377538082364,-1.565324379411777,152.91376273919195,1.0454588418758928,-0.5457893166334761,-5.14397659363072,4.598187276997244,0.22972302290806823,0.2294595629800611,9.67394535787327
250,2019-06-03,152.649994,154.429993,151.789993,153.509995,149.25882,291200,-4239903.720133092,1466900,0.07168464288707672,37841.73200443609,43.90109756847501,847.6557692307641,44.51306867890187,2342.377977729241,845.6618063347241,152.08603378452824,2.7599079563158266,152.56550220000003,155.36029944474748,149.77070495525257,3.663734205238249,0.6689734025920946,0.0,0.0,152.11499943333334,154.46000223333334,149.76999663333334,3.0831973293044457,0.7974400641795958,0.0,0.0,148.259995,156.130005,152.195,5.15844662555701,0.6670893683743725,2.517028453407871,-0.32724375217313195,-0.4114513873563939,0.08420763518326196,152.12750125,153.38807857692308,152.50133770370448,152.8285814558776,11.241346222501393,21.699450577122256,23.631186398767987,0.9905169108691073,0.8902727468116446,0.10024416405746273,-0.05069325550762137,25.032336548563674,54.42253189728778,0.8945047999999645,-20.099487795178973,-16.30335674474619,-3.796131050432784,151.34499399999999,153.884995,152.6149945,153.2649995,154.5175055,149.2649995,4.0,44.0,-40.0,148.70870687993633,,0.0,0.0,4.042167456864152e-09,52.13852295728434,1.0,0.9275930114983851,0.7815674529685824,-3.6480717897018775,52.39220213142389,85.0891685864405,73.04888078677058,-14.910831413559512,-1.3033830117647085,152.94451529406203,0.03257395915537346,-0.7499800672397324,-4.265177288352523,3.5151972211127904,0.5238608888283425,0.522493511033506,10.248484262838108
251,2019-06-04,154.919998,157.589996,154.220001,157.520004,153.157791,210600,-4038051.6946553113,1677500,0.03047652907732215,153079.7553466594,43.265803018488484,4472.533029426664,326.89289573039235,7026.804795484637,867.7522992329781,152.39100715429583,2.891917260684245,152.6415024,155.856786229967,149.426218570033,4.212856633894094,1.2586424493121737,1.0,0.0,152.68233286666668,155.12233386666668,150.24233186666666,3.1961798777738033,1.4913256456315616,1.0,0.0,148.259995,157.589996,152.92499550000002,6.112361876228499,0.9924981787247382,2.2883324703097268,0.09734597390314548,-0.30969191510448607,0.40703788900763155,152.46583433333333,153.4238481153846,153.27344021082686,153.17609423692372,11.350032832309408,27.414530372529168,21.20875988880999,1.0117611262379507,0.8110447626861956,0.20071636355175504,-0.04284158100066875,24.987775902463518,257.7039485037281,-2.0315013999999962,-15.950387565035456,-17.07501234873047,1.1246247836950154,152.92499550000002,153.79499850000002,153.35999700000002,153.2649995,154.7225,150.0799945,100.0,40.0,60.0,148.9375583247389,,0.0,0.0,50.00000000202108,61.75716734978428,1.0,0.9993485103629186,0.9044557361941368,0.6669025461968274,57.83416092410784,99.24981787247383,86.20986964027732,-0.750182127526174,-0.6235298647058869,153.4648536796855,2.6456384822138124,-3.1038907170417054,-4.032919974090359,0.9290292570486538,2.6122136216602643,2.578678081052921,13.128410186425942
252,2019-06-05,158.139999,158.979996,154.949997,158.110001,153.731445,399000,-3811323.7001818614,2076500,0.08646667613461852,164841.04786856583,46.531038987524305,1070.6242807022497,266.7673135270905,6995.7911420548135,867.7522992329781,152.87994799718618,3.005725434615821,152.86100240000002,156.84767929295822,148.87432550704182,5.216081054507334,1.158317533742385,1.0,0.0,153.104333,155.82233390000002,150.3863321,3.5505211991616292,1.4208363396789139,1.0,0.0,148.259995,158.979996,153.61999550000002,7.012907695023721,0.918843757570546,2.1933518986388543,0.4759576741178648,-0.1525619972600159,0.6285196713778807,153.09083433333333,153.4550018846154,154.01752648608425,153.54156881196639,11.898335589508036,28.110327920564632,19.123492952950098,1.03285734109587,0.8247572135972208,0.20810012749864915,-0.029918937447974345,24.970929110656268,259.6887465371462,-1.8310034000000144,-11.689344755406877,-17.140279473250636,5.45093471784376,153.61999550000002,153.79499850000002,153.70749700000002,153.2649995,154.7225,150.125,100.0,36.0,64.0,149.45670458525456,,0.0,0.0,75.00000000101053,62.937360939244904,1.0,1.0,0.9756471739537679,4.5274919208496165,58.4396616534245,91.8843757570546,92.07445407198965,-8.115624242945398,0.35743924411764283,153.87055307202877,4.979748987585492,0.19835178971683304,-3.186665621328921,3.385017411045754,0.3745536979544495,0.3738539922293782,13.552136830216298
253,2019-06-06,158.0,158.600006,156.399994,158.279999,153.896744,181600,-3682553.658563907,2258100,0.12877199454729327,145702.56057305625,46.420477531560074,648.1355286574958,240.02642671383168,1689.7234234850825,868.685296225148,153.07363247036466,2.9251540911542406,153.10000235,157.73212389288372,148.4678808071163,6.051105776333398,1.0591386799810962,1.0,0.0,153.65766603333333,156.41566783333332,150.89966423333334,3.5898004586399073,1.337985850238875,1.0,0.0,148.259995,158.979996,153.61999550000002,7.001960049284086,0.934701778479312,2.094067718067283,0.7807278475155215,0.0340959716950916,0.7466318758204299,153.695001,153.51730938461537,154.67329148822515,153.89256364070962,12.40747386404962,26.574253523926295,18.07849952625192,1.0045005962110318,0.8412091412273083,0.16329145498372355,-0.013873483204877366,24.93433025920272,222.6393381440809,0.12999364999998875,-7.813922905871723,-16.491922155202772,8.677999249331048,154.7649995,153.61999550000002,154.1924975,153.2649995,154.7225,150.125,100.0,32.0,68.0,150.2185678984342,,0.0,0.0,87.50000000050527,63.28890457014749,1.0,1.0,0.9997828367876395,7.745342325289593,64.5048959896317,93.47017784793121,94.8681238258199,-6.529822152068796,1.2487924941176516,154.5879562929006,4.800370819045029,-3.108494548985664,-3.17103140686027,0.06253685787460617,0.10751881533412888,0.10746105525409888,13.674226742522745
254,2019-06-07,159.570007,161.979996,158.679993,161.580002,157.105331,599400,-3228460.437739559,2857500,0.18364126626529848,407462.45166261995,56.519997699578155,1558.0564464436943,477.6547923695083,12692.233008026256,868.685296225148,154.22974589720906,3.0026383820388163,153.53350225000003,159.45631579366707,147.61068870633298,7.715336987523251,1.1792801842127616,1.0,0.0,154.7336655,157.55166640000002,151.91566459999999,3.642388863333707,1.7147505879078977,1.0,0.0,148.259995,161.979996,155.11999550000002,8.936161032567075,0.9708459204922804,1.8220406124400106,1.2738588170149399,0.2820485407590612,0.9918102762558787,154.39083483333334,153.79154034615385,155.7358623361905,154.46200351917557,13.854141832303466,32.40791654081296,16.450390255194666,1.1181659789699065,0.7362086557293677,0.3819573232405389,0.007801611959531904,24.976779306547122,255.7449479035242,-1.7134952500000225,-1.3003658860325686,-14.879864617695485,13.579498731662916,156.2649995,155.11999550000002,155.6924975,155.11999550000002,155.2649995,150.489998,100.0,28.000000000000004,72.0,150.91948214655946,,0.0,0.0,93.75000000025264,69.36373217031672,1.0,1.0,1.0,12.747574492581117,70.84737109251378,97.08459204922805,94.14638188473795,-2.915407950771961,2.7178793235294165,156.6341130976293,5.449328602736508,5.28539933510704,-1.479745258466808,6.765144593573848,2.0849147212845365,2.0634778230026463,16.044237430183948
255,2019-06-10,162.199997,163.470001,161.029999,163.070007,158.554077,432900,-2937492.6186148184,3290400,0.19860269153120663,441399.69635367405,65.40045935769363,1082.193869256408,601.7649540963059,16488.952824501695,876.6958508654553,155.32250552607817,2.946374743834934,153.96250235,161.19780199804828,146.7272027019517,9.398781570333815,1.1293799215666729,1.0,0.0,155.71933293333333,158.63133403333333,152.80733183333334,3.740063671152105,1.7621344934702594,1.0,0.0,148.259995,163.470001,155.864998,9.879032730595258,0.9737019170143659,1.5711962837916176,1.7645588778248396,0.5785506081722169,1.1860082696526226,155.32833483333332,154.08846346153845,156.86419228446888,155.09963340664405,15.553513006179255,34.13063068734911,15.461503876992753,1.203381562347985,0.6804692681786031,0.522912294169382,0.03419078277187389,25.078150829044652,224.43777587849658,-3.2224973499999976,6.018487528970475,-12.236874075624009,18.255361604594484,157.010002,155.864998,156.4375,155.864998,155.32,150.489998,100.0,24.0,76.0,152.0255335319035,,0.0,0.0,96.87500000012632,71.6452336809582,1.0,1.0,1.0,17.68557631816803,74.3926844758572,97.3701917014366,95.97498719953195,-2.62980829856341,4.295439561764738,158.47138178005022,7.410090555456238,7.225547801229855,0.2613133534725245,6.96423444775733,0.9221469127101534,0.9179210970203577,17.114335783024437
256,2019-06-11,164.520004,165.720001,161.940002,162.089996,157.601227,337100,-3247839.7134420886,2953300,0.14213428939372647,331148.06714600686,66.73508539040051,1771.7010056358602,607.5314197766455,1966.0851403391657,871.4271224627976,155.99449016342462,3.0297371694514412,154.5385018,162.40818319111418,146.66882040888584,10.184751760178084,0.9797839851894491,0.0,0.0,156.81766616666667,159.83066826666666,153.80466406666667,3.8426819804826824,1.3749296645583744,1.0,0.0,148.259995,165.720001,156.989998,11.298159226751345,0.7920960050071011,1.481739587014571,2.050724043669362,0.8729852952716459,1.1777387483977162,156.27416741666667,154.3061558846154,157.6681620868583,155.61743804318894,17.61003374536799,36.445181206821886,14.052211646641732,1.1815362270999297,0.6846364050507335,0.49689982204919614,0.06127008732378464,25.210078751711674,186.15165363570472,-1.6185038000000134,13.80782895539662,-8.610558359586374,22.418387314982994,158.135002,156.989998,157.5625,156.989998,155.50749975,150.489998,96.0,20.0,76.0,153.3988696280751,,0.0,0.0,98.43750000006315,68.05539156663242,0.8709594888313791,0.9569864962771263,0.9856621654257087,20.635486256163716,66.29032357681443,79.20960050071012,91.22146141712494,-20.790399499289887,5.622351882352916,159.65823211816144,7.529514809290353,6.401590519126,1.4893687866032197,4.91222173252278,-0.6009756288291479,-0.6027887553099909,16.410507167103326
257,2019-06-12,162.020004,163.289993,159.350006,160.300003,155.860779,331000,-3419220.401500197,2622300,0.11804731693676904,199200.102839434,64.44502095638866,-2987.72666162355,439.2411209629272,-5681.189588944992,861.8037743986854,156.49165272977237,3.1207621525062974,154.9970017,163.08442438543233,146.90957901456767,10.435585974863834,0.8278548374596624,0.0,0.0,157.72699943333333,160.84299983333332,154.61099903333334,3.9511312726354553,0.9128695822161446,0.0,0.0,148.259995,165.720001,156.989998,11.264737903636489,0.6895763953345724,1.3346585387446623,2.108765982223673,1.1201414326620514,0.9886245495616217,156.88916783333335,154.4715406153846,158.0730606888801,155.96429470665643,18.307827230002435,33.062417115215865,18.849405273389316,1.1348162370505839,0.7467082669115935,0.38810797013899034,0.08522382782300729,25.379058631811482,116.5482667165154,-3.506996700000002,19.64335630393756,-4.24159849820068,23.88495480213824,158.135002,156.989998,157.5625,156.989998,155.51999675,150.489998,92.0,16.0,76.0,155.12382802014457,,0.0,0.0,99.21875000003158,61.94973255665211,0.651485390924672,0.8408149599186837,0.9326004853986033,21.238832236870795,61.51708002989231,68.95763953345724,81.84581057853467,-31.042360466542764,6.374675908823519,159.77776782830594,4.8260561708874805,5.5428158378481776,2.3000581968522114,3.242757640995966,-1.1043204665141748,-1.1104633516019646,15.124962111284045
258,2019-06-13,160.880005,160.929993,158.300003,160.270004,155.831619,281100,-3279202.9971754653,2341200,0.119030542703763,169538.27116237185,63.38459574173018,-1595.2105638509465,575.5779802997847,-3707.906600320273,861.6424939810662,156.98429916656895,3.071684937255667,155.33750155,163.70595930582576,146.96904379417427,10.774549187830354,0.7947079733160032,0.0,0.0,158.44799956666665,161.60599826666666,155.29000086666667,3.9861641783256117,0.7884745382151894,0.0,0.0,148.259995,165.720001,156.989998,11.240045594772212,0.6878582401403528,1.0862020780031088,2.127815831720909,1.321676312473823,0.8061395192470862,157.62083441666667,154.7234638076923,158.4110519675139,156.283236135793,18.511675931154034,30.994379044070108,20.167624674895134,1.1827040242893718,0.7609544638038862,0.4217495604854856,0.10582396614517513,25.49551257926146,82.84486653880838,-3.6875075500000207,24.705653028913062,0.8135352121880131,23.892117816725047,158.754997,156.989998,157.8724975,156.989998,156.154999,150.854996,88.0,12.0,76.0,156.60729223732434,,0.0,0.0,99.60937500001579,61.849583487502215,0.6134309824617584,0.7119586207392699,0.8365866923116932,21.687837953907394,58.85451454216972,64.07384496688793,70.7470283336851,-35.92615503311206,6.655175685294125,159.86339122338876,5.795761245106569,3.628871327609865,2.5658208230037425,1.0630505046061227,-0.018714285364052063,-0.01871603670489108,15.103417297349274
259,2019-06-14,160.220001,160.369995,158.110001,159.679993,155.257965,288100,-3167023.44315895,2053100,0.13760897407785333,121035.35112489002,57.466005603714706,-294.1679104477583,441.23468190008606,-1113.2046260941213,861.6424939810662,157.37871472091663,2.9905158435300985,155.64850085,164.17555498341832,147.1214467165817,10.956808561408407,0.7363941923506853,0.0,0.0,159.1513321,162.2103302,156.092334,3.8441376011580326,0.5864107924748312,0.0,0.0,148.259995,165.720001,156.989998,11.217587001898831,0.6540660982590726,1.189436364329688,2.07142590945557,1.4716262318701723,0.5997996775853978,158.290001,154.96115584615384,158.60627366481947,156.5348477553639,18.619420186583728,29.298454545816107,19.52412707605219,1.1216155534709509,0.8125576199485245,0.3090579335224264,0.12231331465943787,25.584066251533464,66.77437584540235,-3.288499849999994,29.68860938021868,6.345546009454419,23.34306337076426,159.970001,156.989998,158.47999950000002,156.989998,156.114998,150.854996,84.0,8.0,76.0,157.88307146409895,,0.0,0.0,99.8046875000079,59.80191071586736,0.5326229874907351,0.5991797869590552,0.7173177892056696,21.469690944047567,56.9937542672878,60.18451683381894,64.40533377805471,-39.81548316618106,6.360999797058838,159.83831781711132,5.295086922324576,2.2340346109775986,2.4994635805985137,-0.2654289696209151,-0.36813563690932805,-0.36881492378899594,14.679680598977285
260,2019-06-17,159.940002,160.589996,158.729996,159.880005,155.452438,307000,-3094396.8162772288,2360100,0.18133114975061496,112516.5415356207,65.68008297060142,254.46132899023397,454.3595323386705,-676.0566438598726,861.6424939810662,158.03033091419732,2.87746425917709,156.11200105,164.499798840794,147.724203259206,10.745871854025532,0.7246122310039216,0.0,0.0,159.80033263333334,162.78133073333333,156.81933453333335,3.730903497979549,0.5133633709237639,0.0,0.0,148.259995,165.720001,156.989998,11.184281722458898,0.6655215353305155,1.1911139643947708,2.019595150877848,1.5812200156717073,0.43837513520614046,158.916668,155.2292328076923,158.80223233177034,156.7826371808925,18.785809864873407,28.490381343468897,18.62106336020163,1.1514427190923389,0.8211297297647944,0.3303129893275445,0.13533762879815658,25.456611495021768,65.50427421069246,-3.401994050000013,34.719871823755774,11.975574830431222,22.744296993324554,160.33499899999998,156.989998,158.6624985,156.989998,155.52999875,150.854996,80.0,4.0,76.0,,165.720001,0.0,1.0,99.90234375000395,60.28196697443791,0.5435392884332536,0.5631977527952491,0.6247787201645246,21.421043715306475,56.670216490490205,61.50298767343286,61.92044982471325,-38.49701232656714,5.755499041176478,159.84360713693033,4.935681248781299,1.5687914132025853,2.3133291471193282,-0.7445377339167429,0.12525802152310028,0.12517963911005126,14.823326097984557
261,2019-06-18,161.380005,163.539993,160.910004,162.889999,158.379074,428300,-2877802.97185431,2788400,0.19527238245518264,280611.3827733878,73.55396741675767,1575.0474807313885,605.19086069839,8447.967131597949,861.6424939810662,158.89000740039694,2.9557166332593807,156.70500105000002,165.24733434097195,148.1626677590281,10.90243863786621,0.8620204070319208,0.0,0.0,160.4006658,163.3076633,157.49366830000002,3.6246701165500874,0.9281622533215088,0.0,0.0,148.259995,165.720001,156.989998,11.141958382316727,0.8379151759741659,1.085466407686097,2.1960851588197556,1.7041930443013171,0.4918921145184385,159.76500066666668,155.5523095,159.431119511498,157.23503435267824,19.751210607886026,33.142147938598185,16.958822816970205,1.1925962188919699,0.7324273331362685,0.46016888575570136,0.1490115328993773,25.379460062913804,102.01107848902176,-3.1950060500000177,39.434302921929145,17.655980127913,21.778322794016145,161.0599975,156.989998,159.02499775,156.989998,155.02999875,150.854996,76.0,16.0,60.0,,165.5802009,0.0,0.0,99.95117187500198,66.72262259764425,0.7846866605838849,0.6202829788359578,0.5942201728634208,23.330951219926177,57.13753887731497,81.34474375013096,67.67741608579426,-18.655256249869044,5.292439794117627,160.1766695096164,6.666224565100046,3.9563007051966297,2.6419234587347886,1.314377246461841,1.8826581848055302,1.8651555113823548,16.9850568448342
262,2019-06-19,163.270004,164.039993,161.710007,164.039993,159.497223,284600,-2593202.97185431,3073000,0.2291245661987158,287279.51272004755,73.70351230201709,532.148417069226,600.3833612989812,10072.68459425841,867.7256403025497,159.5198082771091,2.8931435699334447,157.2455009,166.19805288613523,148.29294891386476,11.386719409960854,0.8794723622115015,0.0,0.0,160.99233243333333,163.72932863333332,158.25533623333334,3.4001572107583184,1.0567527946634867,1.0,0.0,148.259995,165.720001,156.989998,11.10366013658073,0.9037796436037887,1.0210085714127801,2.401071607676556,1.843568756976365,0.5575028507001911,160.6425005,156.07038588461538,160.14017697126752,157.73910536359097,20.771172723161804,32.46840019241263,15.980805823247854,1.1850472506337923,0.7308408151363703,0.454206435497422,0.16366306778734452,25.343697400155783,104.26538510777834,0.274503100000004,44.029581378506386,23.416369492843906,20.61321188566248,161.91500100000002,156.989998,159.45249950000002,156.989998,153.95249975,150.854996,100.0,12.0,88.0,,165.443196802,0.0,0.0,99.975585937501,68.80402269018674,0.8699417570661405,0.7327225686944262,0.6387344334418777,25.57611417280596,59.27274982773103,88.92545668100954,77.25772936819112,-11.074543318990466,5.394616408823538,160.63771721081142,6.859486901813791,2.3313100325869804,2.5798007735052275,-0.24849074091824708,0.705994233568652,0.7035137620936993,17.81096460029574
263,2019-06-20,165.809998,166.119995,164.589996,166.119995,161.519623,530300,-2062902.97185431,3603300,0.313362864445084,403814.5909886106,81.70383169332617,715.5177512737018,689.354983678245,8733.382410419172,867.7256403025497,160.69846748011776,2.811829412940098,157.96050029999998,167.33959528783598,148.58140531216398,11.875240924184386,0.9349830506345378,0.0,0.0,161.77733199999997,164.44732689999998,159.1073371,3.3008269662896805,1.3132343249045186,1.0,0.0,148.259995,166.119995,157.189995,11.306624102911877,1.0,1.0126191383570737,2.700236972362916,2.0149024000536753,0.6853345723092406,161.35916641666665,156.64692396153845,161.0601489756879,158.35991200332498,22.202138881225174,36.01586523222156,15.141326969978081,1.2726399885543973,0.685082595689445,0.5875573928649523,0.18060539119077076,25.162711863574362,129.4674382520038,0.1495007000000328,49.946824204281114,29.110501725100978,20.836322479180136,162.114998,157.189995,159.6524965,157.189995,153.95249975,150.854996,100.0,8.0,92.0,158.729996,,1.0,0.0,99.98779296875051,72.19192073046058,1.0,0.8848761392166752,0.7459605622490199,28.622948090450418,68.40660976045828,100.0,90.09006681038016,-0.0,6.222027850000018,161.46057430078173,5.459618322508415,6.732386940999289,3.41031800700404,3.322068933995249,1.2679846920012894,1.2600130812489674,19.30478959692654
264,2019-06-21,165.220001,167.699997,164.289993,167.539993,162.900269,756300,-1377577.0969286445,4359600,0.3587506629120748,499547.433333097,83.41552939126012,288.5628527036887,649.4197753548826,13188.99471985507,867.7256403025497,161.92183764144605,2.871646871646087,158.8004997,168.44784401982466,149.15315538017532,12.150269474025679,0.9529481383825458,0.0,0.0,162.35366506666668,165.03466006666665,159.67267006666668,3.3026602742834226,1.4672393893560751,1.0,0.0,150.550003,167.699997,159.125,10.799710348770391,0.9906703174356803,1.0126191383570737,3.0171300532726377,2.215347930697468,0.8017821225751698,162.14499908333332,157.1884618846154,162.0570480563513,159.03991800307867,23.85854499128382,36.89162067162148,13.856240589864264,1.23136809017348,0.6683956855526344,0.5629724046208456,0.19973535026124326,25.157364598538287,131.7739754330501,-0.5205006999999853,54.98168817807311,34.55085735277905,20.43083082529406,162.904999,157.979996,160.4424975,157.979996,153.95249975,150.854996,100.0,4.0,96.0,158.87779598,,0.0,0.0,99.99389648437526,74.24805045774062,1.0,0.9566472523553801,0.8580819867554937,31.844351514033104,77.99366913222988,98.81302635401386,95.91282767834115,-1.1869736459861449,7.304792102941207,162.1892704805618,5.964197040261861,14.205930151843779,5.5694404359719885,8.63648971587179,0.8548025781002666,0.8511698280766922,20.324610014198164
265,2019-06-24,168.270004,168.270004,165.660004,165.869995,161.27652,384700,-1700374.0029056557,3974900,0.29165214243202336,336405.1956283677,83.98928198569138,658.1033246685698,376.9605107293045,2630.275637922873,859.0763616562625,162.4548189063113,2.8454821844814795,159.44799955,169.16775885323665,149.72824024676333,12.191760737880838,0.8303577408476303,0.0,0.0,162.7613316,165.4593264,160.0633368,3.315277373904212,1.0761062623248903,1.0,0.0,150.550003,168.270004,159.41000350000002,11.113341685069763,0.864559319155794,1.0470750805736218,3.097805645970851,2.3918394737521447,0.7059661722187065,162.77749875,157.66576911538462,162.6436552784511,159.54584963248024,25.51063723633377,35.907442048309996,12.950263354230056,1.231126710116502,0.737111690311937,0.49401501980456497,0.2169535289938682,25.180305982723,122.66320588853714,2.132002450000016,57.45839128600294,39.40091983395754,18.057471452045405,163.1900025,158.2649995,160.727501,158.2649995,153.615002,150.854996,96.0,16.0,80.0,159.2306840208,,0.0,0.0,99.99694824218763,67.89034456085092,0.5599027829932038,0.8533009276644012,0.8982747730788189,32.57455722548816,70.42789528906495,81.98192388337324,93.59831674579571,-18.018076116626744,8.40947023235293,162.3292479301545,4.795296972424156,12.296818142499784,6.914915977277548,5.381902165222236,-0.9967757370026975,-1.0017768070732735,19.125243495933518
266,2019-06-25,166.289993,168.309998,165.210007,167.419998,162.78363,542600,-1469332.3267846638,4517500,0.36867850003152364,408494.6859386012,84.46926805130103,-117.12178492194738,292.12150604186184,1235.8302976099922,859.0763616562625,163.24523532595134,2.8709330660333334,160.2444992,169.8351556190804,150.6538427809196,11.970028883313335,0.8740879918148504,0.0,0.0,163.13433173333334,165.76432573333335,160.50433773333333,3.2243292654045574,1.3147673087213574,1.0,0.0,150.550003,168.309998,159.4300005,11.083060628392543,0.949887373279102,1.0472500318753781,3.2493573536863494,2.563343049738986,0.6860143039473634,163.26416508333332,158.31230746153844,163.37847723561248,160.12911988192613,26.790165054625696,33.13617219591766,13.071109749916529,1.2070005984007186,0.7647496676996001,0.44225093070111854,0.23362439067307977,25.2286459306871,119.26781401424373,2.825507799999997,60.0429238586982,43.88976067337538,16.153163185322825,163.2099995,158.2849965,160.747498,158.2849965,153.36249949999998,150.854996,92.0,12.0,80.0,159.773043219552,,0.0,0.0,99.9984741210938,70.42189721057679,0.7351435528431566,0.7650154452787868,0.858321208432856,33.991414673884094,70.12792249606416,92.52729050300894,91.10741358013202,-7.4727094969910475,8.939559179411788,162.7948688373155,3.6143061812810138,13.620096673487673,8.255952116519573,5.3641445569681,0.9344685878841519,0.9301294412043859,20.238431476643505
267,2019-06-26,167.529999,168.979996,167.020004,168.259995,163.600357,461600,-1346868.8759134342,4979100,0.3905872607427388,405530.10440451605,85.24723773772493,526.5132539038132,283.43420070231303,7386.414013551528,863.3866087903126,163.78688205407656,2.77983895943,161.07499925,170.41835517140447,151.7316433285955,11.601249063987789,0.8844975943568665,0.0,0.0,163.84499816666667,166.27699266666667,161.41300366666667,2.9686527232599733,1.4076905464492888,1.0,0.0,150.550003,168.979996,159.7649995,11.441870610469673,0.9609331918899808,1.0472500318753781,3.3980730408857767,2.730289047968344,0.6677839929174327,163.69666408333333,158.97499961538463,164.12947996859518,160.7314069277094,28.129522461443013,33.18847202313999,12.41851644365347,1.2173045466979178,0.7369213307507659,0.48038321594715183,0.24974897441716556,25.299740812004323,126.78068958633321,1.014996750000023,64.49054306821296,48.310304011075374,16.180239057137584,163.54499850000002,158.61999550000002,161.08249700000002,158.61999550000002,153.36249949999998,150.854996,100.0,8.0,92.0,160.45599960198783,,0.0,0.0,99.9992370605469,71.72300836970832,0.8252099084495726,0.7067520814286444,0.7750228181239441,35.55321472737679,69.87244329690917,93.37625270296815,89.29515569645012,-6.623747297031849,9.548088708823542,163.88558926670217,3.1826747882582715,12.943436970368907,9.19344908728944,3.7499878830794664,0.5017303846819976,0.5004759120844859,20.84170422142688
268,2019-06-27,168.559998,170.0,167.800003,169.589996,164.893509,505900,-1029533.6999563702,5485000,0.43187905049915964,443718.3046181574,85.08250696803776,391.3818145869739,200.10029842683306,6314.84354682662,863.3866087903126,164.55762038357034,2.721854763487,161.936499,171.08200979098615,152.79098820901385,11.295181564949297,0.9184291711482824,0.0,0.0,164.7746648,167.16366,162.3856696,2.8997118008399023,1.5078151684859022,1.0,0.0,150.550003,170.0,160.2750015,12.010879029810319,0.9789200995763656,1.0472500318753781,3.5819606472000487,2.900623367814685,0.6813372793853638,164.32166408333333,159.6042303846154,164.9695593580421,161.38759871084204,29.59807123195686,33.938361397633145,11.711706259775712,1.1970732200987715,0.7945635658735613,0.40250965422521023,0.26592506113495834,25.362936947234825,130.9188156281116,-1.636495999999994,69.46592060406178,52.730005258169044,16.735915345892735,164.364998,159.1299975,161.74749775,159.1299975,153.36249949999998,150.854996,100.0,4.0,96.0,161.30839924178903,,0.0,0.0,99.99961853027345,73.69599812623159,0.9617854775481047,0.8407129796136114,0.7708268354403476,37.48075526499892,69.44280414443867,96.55169020619778,94.15174447072496,-3.448309793802227,9.77576621764706,165.1457459348486,4.627059155458305,13.042005149195319,9.963160299670617,3.0788448495247014,0.7904439792714824,0.7873363362261188,21.796890196894214
269,2019-06-28,170.449997,172.529999,169.130005,172.139999,167.37291,1175400,-123784.76404649403,6660400,0.48167101877039475,808511.9077012737,86.86298549648721,558.2771924448701,162.67767865458035,21672.501924583106,863.3866087903126,165.88305975921278,2.789668687138299,162.9079986,172.05467959704086,153.76131760295917,11.229259552195916,1.0046639542248565,1.0,0.0,165.96266526666668,168.46566046666666,163.45967006666666,3.0163352654986837,1.7339883299283445,1.0,0.0,151.789993,172.529999,162.159996,12.731115831165821,0.981195762431312,1.0472500318753781,3.8886311120080848,3.098224916653365,0.7904061953547199,165.30833041666665,160.38576853846155,166.0727039183433,162.18407280633522,31.451948527203292,37.440544206141865,10.69828930695908,1.1662421375421337,0.7730750829603843,0.3931670545817494,0.284024035597481,25.430357383398338,154.08389165955566,-2.637994600000013,74.32121200957823,57.13015416770487,17.19105784187336,166.7200015,160.394997,163.55749924999998,160.394997,153.36249949999998,151.239998,100.0,8.0,92.0,162.35139133277434,,0.0,0.0,99.99980926513672,77.00834138689926,1.0,0.9289984619992259,0.8254878410138273,40.26694908416178,69.50646779088122,97.29542264846351,95.74112185254315,-2.704577351536491,10.214826294117614,167.1805652068525,7.386148333384614,23.239211541691894,12.618370548074873,10.620840993617021,1.503628197502871,1.4924357643090858,23.62826258157631
270,2019-07-01,173.839996,173.839996,171.910004,173.369995,168.568832,413800,88474.0753683766,7074200,0.4890104047429722,765720.5415725203,87.05846638571093,953.801300148874,104.25627111979563,20630.380745478004,869.5557855152738,166.45835767111564,2.703701018424472,163.9009986,173.06308115055728,154.73891604944274,11.180020413319522,1.016749131420129,1.0,0.0,167.29333186666665,169.8033262666667,164.78333746666667,3.0007106344208445,1.7104933647129426,1.0,0.0,154.220001,173.839996,164.0299985,11.97063786528999,0.9760447951184481,1.0348597249053038,4.18270444925642,3.315120823173976,0.8675836260824439,166.39999633333332,161.2561527692308,167.19536408475201,163.0126596354956,33.39376429955238,38.96959100086944,10.160813976189294,1.2245121390020752,0.7869951116027355,0.43751702739933973,0.3035083928771868,25.490765071577158,162.90849370228187,-4.221005600000012,80.0639919487813,61.644564059577334,18.41942788920396,167.7750015,162.1949995,164.9850005,161.04999550000002,152.56999625,152.58999649999998,100.0,4.0,96.0,163.77639640618594,,0.0,0.0,99.99990463256836,78.4199480109189,1.0,0.9872618258493683,0.9189910891540686,43.01988679036835,69.79548162083539,97.01207152322665,96.953061459296,-2.987928476773354,10.73991375882352,169.0336282003013,8.173701050135364,19.057714489132575,13.906239336286413,5.151475152846162,0.7145323615344035,0.711991674563972,24.511626525724406
271,2019-07-02,173.009995,173.009995,171.729996,172.449997,167.674316,275200,122874.74724389904,6799000,0.4666860823808265,620162.8285478748,87.51744366102952,-234.88563044894613,300.887773346553,1496.3700455482997,864.9414369738063,166.97796726632404,2.5973308165820237,164.64749824999998,174.03836434770466,155.2566321522953,11.407238126929359,0.9154301993458893,0.0,0.0,168.2883316,170.663327,165.9133362,2.82253127999993,1.376141781158815,1.0,0.0,154.949997,173.839996,164.3949965,11.472994853111908,0.9264161422136648,0.9407154180928865,4.2920474861404045,3.5105061557672617,0.7815413303731429,167.46416333333335,162.00730657692307,168.00376914863634,163.71172166249593,35.08167843830057,37.256731626802946,10.196649035233792,1.297690594126952,0.7171370948598156,0.5805534992671365,0.32124574451057986,25.412509842965996,132.4821320179711,-4.767493249999973,83.5408537050348,66.0347054291916,17.506148275843202,169.0649945,162.1949995,165.629997,161.04999550000002,152.56999625,152.735001,96.0,4.0,92.0,165.3865723411962,,0.0,0.0,99.99995231628418,74.7244418340096,0.8015093579229468,0.9338364526409823,0.9500322468298587,44.1353264204856,66.68518257150643,91.16338562091077,95.15695993086699,-8.83661437908923,11.241030197058848,169.74107693381995,7.9972473445687084,13.386015819110849,13.802194632851302,-0.4161788137404532,-0.5306558381108495,-0.5320688171240207,23.850898310438872
272,2019-07-03,173.229996,173.309998,172.199997,173.070007,168.277145,104200,182017.0181067179,6903200,0.46320547474087753,540797.4304696071,91.36300794610828,410.127260078699,444.12618934152766,-1085.7342887838051,868.0511635592937,167.38386142533292,2.4485978349238224,165.39549855,174.9657809355846,155.82521616441542,11.57260320805096,0.9009551725223832,0.0,0.0,169.2479985666667,171.50099546666667,166.99500166666667,2.6623616457272847,1.348205435465388,1.0,0.0,156.399994,173.839996,165.11999500000002,10.544423610614654,0.9558492596503138,0.8224917253363212,4.3782623727459224,3.684057399162994,0.6942049735829285,168.56333016666667,162.83730665384613,168.78319035653846,164.40492798379253,36.704036371977814,36.939177725664166,9.880113646463064,1.3564832604767705,0.625037034343429,0.7314462261333414,0.337103934977168,25.221976159719716,125.0023929692936,-2.5054995500000246,87.23078119752938,70.1773673173303,17.053413880199088,169.0649945,162.1949995,165.629997,161.04999550000002,152.56999625,152.83999649999998,92.0,4.0,88.0,166.7391201266048,,0.0,0.0,99.99997615814209,75.56031332050893,0.8464051475946912,0.8826381685058792,0.9345788156654099,45.29726773498984,72.69749078161534,95.10496347900931,94.42680687438225,-4.89503652099069,11.586294579411799,170.40671512667657,8.249938446023936,5.554086851790815,12.152573076639205,-6.598486224848391,0.3595303048917975,0.35888553964662506,24.296179822745636
273,2019-07-05,172.169998,172.539993,169.520004,171.729996,166.974243,349500,344036.8971526333,6553700,0.458139783333319,396635.8197596631,90.20002933487679,-1490.5516466412037,358.67020818485304,-2331.4064336723723,868.0511635592937,167.94524245467372,2.558738351431441,166.06799840000002,175.4317789167801,156.70421788321994,11.277043869976675,0.8023350232234494,0.0,0.0,169.81333213333335,172.21532803333335,167.41133623333332,2.8289838846269477,0.8989731761545999,0.0,0.0,158.110001,173.839996,165.97499850000003,9.472020588886679,0.8658613686781201,0.6570509062358094,4.289019456294454,3.8050498105892863,0.4839696457051681,169.29999658333332,163.60961442307692,169.23654507091715,164.9475256146227,36.55312502213783,33.37116643190867,16.217732727327228,1.2566016098358816,0.6297356233213772,0.6268659865145044,0.3486335073044613,25.1430091135652,90.72505131256506,-2.028005400000012,88.9128341620043,73.9474946488782,14.965339513126096,169.5250015,162.1949995,165.8600005,161.04999550000002,152.56999625,153.24499550000002,88.0,4.0,84.0,167.87526026634805,,0.0,0.0,99.99998807907104,70.15995692374953,0.5446025072715638,0.7308390042630671,0.8491045418033095,44.664490641270085,71.12205207422859,86.03573792190595,90.76802900727535,-13.964262078094055,11.49714695000003,170.53826805248482,5.426973450960615,3.4847907312353383,10.419016607558433,-6.934225876323095,-0.7742595168439559,-0.7772724679576015,23.333804821394555
274,2019-07-08,170.589996,171.240005,170.020004,170.639999,165.914444,322300,349317.59339795925,6231400,0.42032660523943166,289786.98363685363,85.25740446809478,-151.40958113372838,329.67942889028427,-4751.725250365478,862.5415077847362,168.4636180429808,2.473863716288297,166.52099825,175.8490079878823,157.1929885121177,11.203403577821511,0.720786687929376,0.0,0.0,170.2256663,172.40866190000003,168.04267069999997,2.5648254431300486,0.594900030948295,0.0,0.0,158.110001,173.839996,165.97499850000003,9.4462531244164,0.7965671953487573,0.5792118504109371,4.083270750170982,3.8606939985056257,0.2225767516653563,169.8499970833333,164.31269126923078,169.4524610600068,165.36919030983583,36.412993054429265,31.77885754576158,15.443901821908543,1.2401272749354064,0.6578260539561027,0.5823012209793037,0.3547016983069645,24.945479783636266,73.16209487676515,-0.40100325000000225,89.27529179366998,77.48270581639677,11.792585977273205,169.5250015,162.1949995,165.8600005,161.04999550000002,152.5174945,153.2649995,84.0,4.0,80.0,168.82961798373236,,0.0,0.0,99.99999403953552,66.02618511045668,0.0,0.46366921828875163,0.692382130352566,42.88809878095897,69.35716336309319,75.2513613310819,85.46402091066572,-24.748638668918108,10.8974413911765,170.54260928777384,4.023412753986145,1.2632179896294604,8.58785688397264,-7.324638894343179,-0.6347155566229779,-0.6367384400588705,22.550985975618133
275,2019-07-09,169.850006,170.029999,168.509995,169.979996,165.272736,251800,584550.8535735891,5979600,0.4227737398795323,224647.59234587496,80.91399782245873,-820.9757108935631,158.53491520278777,-3019.6026575021256,859.2053615933473,168.91023810048966,2.4394777446594658,166.86649770000002,176.1694730926156,157.56352230738446,11.150201533372943,0.6673388442192043,0.0,0.0,170.51633253333335,172.59032853333332,168.44233653333333,2.432606858459801,0.37069971848226135,0.0,0.0,158.110001,173.839996,165.97499850000003,9.426694523354882,0.7546089493353295,0.7795620266861071,3.8228888094739943,3.8531329606992997,-0.030244151225305327,170.17166383333333,164.97692161538464,169.53362028154422,165.71073147207022,35.44008379819528,29.86715296079701,18.779483427311234,1.1525931713361401,0.760855902195532,0.39173726914060814,0.3553300286074783,24.73976024398714,49.30721549995524,0.6734952999999848,90.12203820550329,80.82482963270844,9.297208572794844,170.43,162.8149945,166.62249725,161.04999550000002,152.5174945,153.2649995,80.0,4.0,76.0,,173.839996,0.0,1.0,49.99999701976776,63.583286468575,0.0,0.18153416909052122,0.45868079721411337,40.692551217750115,68.14364906748536,68.1780420410933,76.4883804313604,-31.82195795890669,9.628499688235252,170.5020364994376,2.3236221503618584,-1.9848848327018564,6.47330854063774,-8.458193373339597,-0.3867809446013837,-0.38753087645044815,22.076982114443332
276,2019-07-10,171.039993,171.979996,168.610001,169.009995,164.329575,397500,281411.59594857635,5582100,0.4205895830620966,137472.8795107502,81.28102121757469,868.9936930798729,182.59529206069115,-3242.2719109961527,859.2053615933473,169.21734030194764,2.532529470193518,167.21249765,176.29117650383168,158.1338187961683,10.85885203728573,0.5989955355255999,0.0,0.0,170.80499883333334,172.90599523333336,168.70400243333333,2.460111137672389,0.07282082127001081,0.0,0.0,158.110001,173.839996,165.97499850000003,9.407188590009081,0.6929432590410862,1.0293035596353806,3.4979411828940385,3.782094605138248,-0.28415342224420925,170.294164,165.57307546153845,169.45306254592202,165.95512136302798,35.13596154256225,32.46994515503112,17.033573657301954,1.127485097499806,0.7257305752877077,0.4017545222120984,0.3504092220804745,24.624683624003733,50.342743969163024,-1.3425026500000001,89.41498346200946,83.59421189868584,5.820771563323618,170.8199995,164.0299985,167.424999,161.04999550000002,152.6149945,153.2649995,76.0,4.0,72.0,,173.73339598,0.0,0.0,24.99999850988388,60.06583803446118,0.0,0.0,0.21506779579309096,37.79429312086256,56.12822051792957,49.42408918614991,64.2844975194417,-50.57591081385009,8.707029655882394,170.46961518054636,0.8774036417680844,-1.5704930043566323,4.864548231638866,-6.435041235995499,-0.5706559729534266,-0.5722904352211344,21.38034252440597
277,2019-07-11,168.410004,169.190002,166.639999,169.139999,164.456009,335600,603850.0374719775,5917700,0.47917654529314363,124066.6599234995,75.41890611122113,-1808.4034684130054,2.315204940212035,-2010.210970445451,859.8662700433392,169.47432620121938,2.5342768231741664,167.65449745,176.188399855805,159.12059504419503,10.18034414298974,0.587035302219387,0.0,0.0,170.82866566666667,172.98866316666667,168.66866816666666,2.5288466564677705,0.10910448584623947,0.0,0.0,158.110001,173.839996,165.97499850000003,9.382387731466133,0.7012079787692225,1.2184729547522408,3.2138606984465525,3.668447823799909,-0.45458712535335666,170.56666433333334,166.01999834615384,169.40489892347247,166.19103822502592,33.862865292873195,30.183289151063818,21.27458585459068,1.0017305467870796,0.8540520099139417,0.14767853687313792,0.341471085115333,24.476582783726798,18.43850134041977,-0.23449945000001549,87.96237860459459,85.64937389874504,2.3130047058495506,170.23999750000002,164.3949965,167.317497,161.04999550000002,153.35999700000002,153.2649995,72.0,4.0,68.0,,173.6289279604,0.0,0.0,12.49999925494194,60.38217114766397,0.01723500151238818,0.005745000504129356,0.062426389864883525,35.4986227156772,58.973885219646604,50.78538718783625,56.12917280502649,-49.21461281216375,7.28358907941174,170.45251710882283,1.971425874824437,-2.514238128693625,3.3887909595723684,-5.903029088265994,0.07692089453052997,0.07689132557260336,21.473709369659954
278,2019-07-12,169.690002,171.149994,169.139999,170.830002,166.099197,298100,807034.7613643301,6215800,0.4857167362281043,178312.83626300035,73.55040069824214,1503.6165078899724,89.1047517392323,3236.6844035540794,868.4578307892517,169.90571696140844,2.48184864085675,168.18249735,176.10859171109604,160.25640298890397,9.42558766338361,0.6670119310586847,0.0,0.0,170.95299886666666,173.09399616666667,168.81200156666665,2.5047788739522048,0.4712758006124872,0.0,0.0,158.110001,173.839996,165.97499850000003,9.352932230079054,0.8086462201672661,1.2798409761037026,3.0894803793102597,3.5526543349019795,-0.4631739555917198,170.85083133333333,166.50922915384615,169.62414555063054,166.53466517132028,33.281700063158304,33.98119784041372,20.074524326593377,1.0859634689048903,0.8364890631962938,0.24947440570859647,0.33161447842902536,24.388487620987757,51.66662147509799,0.07749764999999798,86.21626470600181,86.97104642056986,-0.754781714568054,170.23999750000002,165.11999500000002,167.67999625000002,161.04999550000002,153.70749700000002,153.2649995,68.0,24.0,44.0,,173.349370801984,0.0,0.0,6.24999962747097,64.33704675826968,0.23271129623212747,0.08331543258150519,0.02968681102854485,34.550742959555244,61.13932008304262,65.12169366612173,55.110390013369305,-34.87830633387827,6.502618223529396,170.4590132349593,2.0367961060422513,-4.051603960504249,1.9007119755570452,-5.952315936061294,0.9991740629015977,0.9942153224697492,22.68744316692606
279,2019-07-15,170.029999,170.529999,168.0,169.179993,164.977737,204900,793265.7188864468,6010900,0.47544770001505443,104541.453354,69.12383225902958,-1086.5746852137506,-35.51510610950487,999.4543473421506,860.0695897300334,170.10694780323615,2.516663976771076,168.65749735,175.561188774955,161.753805925045,8.186640420293196,0.5378417586938571,0.0,0.0,170.7499985,172.80399630000002,168.69600069999998,2.4058539596414916,0.11781714177103958,0.0,0.0,158.729996,173.839996,166.284996,8.958985065836455,0.691594771674387,1.4086277528767233,2.8251990081429597,3.4071632695501757,-0.581964261407216,170.92749783333332,166.92845969230768,169.55581438899506,166.7306153808521,32.203951074810625,31.303782969133064,21.666741902454497,1.0014926264468529,0.8641382969701973,0.1373543294766556,0.3189206591913317,24.311784840037504,21.222793003975145,0.9324986500000136,82.44511204767531,87.235615320447,-4.790503272771687,169.9749985,165.97499850000003,167.97499850000003,161.04999550000002,154.1924975,153.2649995,64.0,20.0,44.0,,173.08099592990465,0.0,0.0,3.124999813735485,58.22565580844558,0.0,0.08331543258150519,0.05745862188904658,31.88849496944458,59.23016197515161,46.00221390780446,53.96976492058749,-53.99778609219554,5.737705267647016,170.38683134720424,0.5467716791504674,-7.376303776777259,0.045308825090184524,-7.421612601867443,-0.9658777619167891,-0.9705726166693296,21.502432436712414
280,2019-07-16,168.860001,170.220001,168.169998,168.360001,164.178101,328300,525822.2004623333,5682600,0.43351243778988635,51149.33521771499,61.947542361855085,-43.71008528785118,-30.271413278498,-3570.308175014933,860.0695897300334,170.34770885821305,2.469997879093969,169.08149715,174.6984962059183,163.46449809408168,6.644132149995354,0.4357756568216102,0.0,0.0,170.33766533333335,172.40366423333333,168.27166643333334,2.425768717631592,0.021378173692801653,0.0,0.0,160.910004,173.839996,167.375,7.647195120663756,0.5761795521605898,1.606346579804018,2.520532486480363,3.229837112936213,-0.7093046264558502,170.82499825,167.18922888461537,169.37184309838045,166.8513106119001,31.20318415705921,29.4911057312779,20.412107281974645,1.0206530079619067,0.8705297587803109,0.1501232491815958,0.3032795190235778,24.262275895509745,2.970638233359278,3.058501849999999,78.674692919581,86.6949307887299,-8.0202378691489,169.9749985,165.97499850000003,167.97499850000003,161.04999550000002,155.6924975,155.11999550000002,60.0,16.0,44.0,,172.82335605270845,0.0,0.0,1.5624999068677425,55.40879346525309,0.0,0.07757043207737578,0.08140043241346205,28.815148095898508,53.63311132766508,23.888926620386318,45.00427806477085,-76.11107337961369,5.236235150000027,170.11003627205923,-0.7252756819452972,-7.171764809071678,-1.398105901742188,-5.77365890732949,-0.48468615316704655,-0.48586456577952575,20.91352697093052
281,2019-07-17,168.139999,168.809998,165.479996,165.75,161.63295,502300,104977.41232106474,5180300,0.3540434170346681,-143443.9272848165,53.197141797686385,-1359.0508510860013,-164.9545636349133,-9378.130642944714,860.0695897300334,170.20157481504052,2.555998291184573,169.2244972,174.32564678816027,164.12334761183973,6.028854772877728,0.15943978509625703,0.0,0.0,169.76599886666665,172.03699806666665,167.49499966666664,2.6754464558991424,-0.38419204785863403,0.0,1.0,161.710007,173.839996,167.7750015,7.167986432640452,0.33305825751367146,1.9900262241928939,2.0449044198047375,2.9928505743099185,-0.947946154505181,170.29249833333333,167.29230553846153,168.81463646786037,166.76973204805563,29.084580510524358,26.77851185477355,25.96482296748821,0.8867193718115565,0.9372963286404595,-0.050576956828903064,0.2826440903568653,24.243698871322234,-77.17961207089961,4.145497799999987,72.31381198707263,85.03748976534581,-12.723677778273185,169.0099945,165.97499850000003,167.49249650000002,161.04999550000002,156.4375,155.864998,56.00000000000001,12.0,44.00000000000001,,172.5760217706001,0.0,0.0,0.7812499534338713,47.527275091151125,0.0,0.0,0.053628621552960325,23.481814892136292,48.128130466792925,3.2297129186602835,24.373617815617028,-96.77028708133972,4.160940967647065,169.3666748990377,-3.712094247194685,-3.0030101368171325,-1.7190867487571768,-1.2839233880599557,-1.5502500501885952,-1.562392077605157,19.03906495837888
282,2019-07-18,165.830002,166.0,163.449997,164.899994,160.804077,624800,190731.96900197555,4555500,0.3176158789809912,-198821.0446441291,43.19031164008091,-987.6766061132399,-263.45873654207145,-10991.03118339445,860.0695897300334,169.69237674125282,2.5553987620661163,169.26749725,174.20498445798202,164.33001004201796,5.833946018224158,0.057720044019616466,0.0,0.0,168.95833183333332,171.37333123333332,166.54333243333332,2.858692286784937,-0.3402357850137203,0.0,1.0,163.449997,173.839996,168.6449965,6.138212692218451,0.13955699129518626,2.3801414609079714,1.581150847112383,2.7105106288704115,-1.1293597817580285,169.58666491666668,167.4003823846154,168.21238378049722,166.63123293338484,27.642002860505794,24.890485836309974,29.74692883928952,0.8056201307799061,1.050058331402225,-0.2444382006223188,0.2580340628920433,24.184131063391217,-148.15390304982782,3.182499750000005,64.74000565479948,82.35161993121194,-17.611614276412467,167.71499649999998,165.97499850000003,166.8449975,161.04999550000002,157.5625,156.989998,52.0,8.0,44.0,,172.1502602243641,0.0,0.0,0.39062497671693563,45.26889471824262,0.0,0.0,0.025856810692458595,18.37551638993709,46.852502488126106,13.955699129518624,13.691446222855085,-86.04430087048138,3.1708817147058994,168.33293458462518,-4.885505707028483,2.6181241602937964,-0.8516445669469823,3.469768727240779,-0.5128241327300165,-0.5141435886107715,18.428603905896157
283,2019-07-19,165.679993,166.839996,164.429993,164.460007,160.375015,462600,-260345.6582872874,4092900,0.2072524333211101,-199494.89343782509,34.56745686542207,474.07978598963075,-269.47283700316,-4438.4368465844345,857.7747476903389,168.88994810362217,2.540859185859506,169.18449785,174.3799057016901,163.98908999830994,6.1417067375716154,0.04532050371530158,0.0,0.0,168.35633193333334,170.71033273333336,166.00233113333334,2.7964505676355063,-0.32759634859371045,0.0,1.0,163.449997,173.839996,168.6449965,6.1412240081309655,0.09720982648795178,2.7480296312413937,1.1646936622723558,2.4013472355508005,-1.2366535732784447,168.92083241666666,167.5603825384615,167.63509504503608,166.47040138276373,25.96200557249037,25.55763443549712,27.755211720782313,0.7892667882966653,1.1025021196112865,-0.3132353313146212,0.23083867573943032,24.16423541049262,-130.39604347733447,3.88550914999999,57.33312058826855,78.80248979727845,-21.469369209009905,167.71499649999998,165.97499850000003,166.8449975,161.04999550000002,157.5625,156.989998,48.0,4.0,44.0,,171.45423916641496,0.0,0.0,0.19531248835846782,44.100734178047,0.0,0.0,0.0,13.85194884040171,44.42170886804013,9.720982648795177,8.968798232324703,-90.27901735120483,1.872999211764693,167.49275269416975,-4.633221304144184,3.55406805385273,0.029497957212960113,3.5245700966397697,-0.266820506979526,-0.2671771073574192,18.11261210454567
284,2019-07-22,164.699997,165.759995,163.960007,164.75,160.657791,385700,-307487.5122329787,4478600,0.1285115031819746,-155017.0086467067,26.118351421123336,-361.67461759865813,-363.4354025565552,-554.2052847737169,859.2872653956736,168.21145965792516,2.466772067273557,169.04499819999998,174.55013190700464,163.53986449299532,6.5132169133942,0.10990972893763859,0.0,0.0,167.77533173333333,170.18733123333334,165.36333223333332,2.8752731108691294,-0.12714186577014674,0.0,1.0,163.449997,173.839996,168.6449965,6.146291881234744,0.12512060877002987,3.0335450617963224,0.8482700255769373,2.090731793556028,-1.2424617679790906,168.2274985,167.73269007692306,167.19123426887668,166.34296424329975,24.577998911114666,24.251577170885646,27.671163330963655,0.6900724222308414,1.1752419560137326,-0.4851695337828912,0.2030112645212367,24.14873883927469,-135.39477439283246,2.684997800000019,49.66700390481557,74.30748598609094,-24.640482081275366,167.71499649999998,165.97499850000003,166.8449975,161.04999550000002,157.8724975,156.989998,44.0,4.0,40.0,,170.81389979310177,0.0,0.0,0.09765624417923391,45.10617948718064,0.031959909717182516,0.010653303239060802,0.003551101079686934,10.412342342527506,39.53104340523719,13.184613267280625,12.287098348531485,-86.81538673271938,0.6464110411764636,167.01964450387763,-4.807307253416823,2.7433177311794026,0.5722619120062487,2.171055819173154,0.1763304071852545,0.17617512763266063,18.32088055440677
285,2019-07-23,166.529999,167.869995,165.619995,166.940002,162.793396,409400,-236522.29818853282,4888000,0.17528009396121932,-4787.890440034767,33.640736975997385,1035.963971665848,-272.660430976927,6122.21150221308,859.2872653956736,167.86475952859152,2.5320943605462003,169.09849855,174.49897266979718,163.6980244302028,6.3873708709487484,0.30015675456277774,0.0,0.0,167.50566513333334,169.99066423333335,165.02066603333333,2.967062753396392,0.38618443899369165,0.0,0.0,163.449997,173.839996,168.6449965,6.144347282260371,0.33590041731476494,3.174644594751247,0.7653938882733939,1.8256642124995013,-1.0602703242261073,167.82833233333335,168.0119211923077,167.152583150588,166.3871892623146,23.19338491480418,28.02902059163254,25.2614326158811,0.7418885620154753,1.0677867249610085,-0.3258981629455332,0.17817774157654545,24.189910016066353,-71.74410943899673,1.541500450000001,42.76048166434117,69.12365245301667,-26.363170788675504,167.2999955,166.284996,166.79249575,161.04999550000002,158.47999950000002,156.989998,40.0,4.0,36.0,,170.2247875696536,0.0,0.0,0.048828122089616954,52.11146133166488,0.2546355473270004,0.09553181901472758,0.0353950407512628,9.37188237938707,40.98891551420955,35.39558464547815,19.433726853851326,-64.60441535452185,-0.16241328529412158,167.0157272303051,-2.7892587850523256,2.539288565838573,0.9656672427727135,1.5736213230658593,1.3292880121396067,1.3205305020326463,19.893705835474517
286,2019-07-24,166.059998,167.449997,164.279999,166.649994,162.51059,338700,-68775.72850615569,4549300,0.17189805565792485,-18136.150320029814,30.106266359616512,-823.6163950416175,-360.78497777123533,4853.715829599242,857.7945124408552,167.65192305004956,2.5958847244915795,169.05999835,174.51845543456182,163.6015412654382,6.457420014001573,0.27924124778628034,0.0,0.0,167.13166506666667,169.59666446666665,164.66666566666666,2.9497694515479638,0.4022979342983482,0.0,0.0,163.449997,173.839996,168.6449965,6.14574654052102,0.3079881913366874,3.2712794310362066,0.668605462884301,1.5942524625764614,-0.9256469996921604,167.49583191666667,168.27230538461538,167.07526174280522,166.40665627992092,21.693767490504218,25.59058605440289,26.74122707237491,0.7069435455770825,1.0836522463403904,-0.37670870076330787,0.15572375497805846,24.28548453112356,-90.54946217441618,0.9199976499999991,36.65121198927411,63.42241171798108,-26.771199728706968,167.2999955,167.375,167.33749775,161.04999550000002,158.6624985,156.989998,36.0,4.0,32.0,,169.68280432408133,0.0,0.0,0.024414061044808477,51.180025790152754,0.2716616562661376,0.1860857044367735,0.09742360889685396,8.253744865425254,44.77074750900238,35.20350283982514,27.927900250861313,-64.79649716017487,-0.6801778352941028,167.0019374685741,-2.338258921344694,0.9523922323914426,0.9630122406964594,-0.01062000830501686,-0.17371989728381942,-0.17387096527947676,19.68542661284736
287,2019-07-25,166.830002,167.320007,164.800003,165.229996,161.125854,444400,-361518.12066109024,4104900,0.12119339211506744,-105694.85901716794,29.637557548575543,110.5802025265549,-246.41841711639543,-4375.050761767045,857.7945124408552,167.2575714256307,2.5882966520424215,168.9084984,174.61014091183836,163.20685588816167,6.751161209587004,0.17741730629706057,0.0,0.0,166.87766526666667,169.33966476666666,164.41566576666668,2.9506638843080313,0.16537985351608026,0.0,0.0,163.449997,173.839996,168.6449965,6.1512588759122,0.17131849579581293,3.377118236000832,0.471878446264526,1.3697776593140745,-0.8978992130495485,167.09999858333333,168.36230526923075,166.79137470545058,166.31949625918605,20.301265596511396,23.816753331496095,24.887636711809535,0.8033757368181323,1.082981661849835,-0.27960592503170256,0.1338471860924379,24.3851666820493,-91.97166169741064,0.10149659999999017,30.01268044997248,57.17756902286669,-27.164888572894213,166.989998,167.7750015,167.38249975000002,161.04999550000002,159.02499775,156.989998,32.0,84.0,-52.0,,169.18417973815482,0.0,0.0,0.012207030522404239,46.7717791817523,0.1218239484304985,0.2160403840078788,0.16588596915312662,5.971808889924835,43.633370831386934,20.86751710052959,30.488868195277632,-79.13248289947042,-0.6649413882353201,166.88516383318233,-2.7944464712188837,1.7957022065564814,1.1295502338684638,0.6661519726880176,-0.8520840390789264,-0.8557350295927968,18.665606195575755
288,2019-07-26,167.820007,169.789993,166.0,168.809998,164.616928,628700,-57949.516154432786,4733600,0.11772211794236631,230939.7290424281,39.304700442501534,1106.1881565229078,-156.59000728377856,9835.243220084636,857.7945124408552,167.16929000393148,2.7854666868381806,168.8694985,174.56262558746266,163.17637141253732,6.742635156771867,0.4947743569495387,0.0,0.0,166.6603318,169.30033110000002,164.0203325,3.1681195776906685,0.907133857952157,0.0,0.0,163.449997,173.839996,168.6449965,6.152679490547559,0.5158808003735132,3.36566316453587,0.597954265764514,1.2154129806041625,-0.6174587148396484,167.08333216666665,168.545767,167.10193213538125,166.50397786961673,19.64752626361855,27.428429502499174,21.92595154258746,0.8289060581054295,0.9713544211155046,-0.14244836301007513,0.1172662497539629,24.613786454609777,-17.986015871548464,0.27050049999999715,24.723356168251374,50.764040591819594,-26.04068442356822,166.83499899999998,168.6449965,167.73999775,161.04999550000002,159.45249950000002,156.989998,28.000000000000004,80.0,-52.0,163.449997,,1.0,0.0,0.006103515261202119,56.860210152621946,0.630523763852364,0.34133645618300007,0.24782084820921746,7.158696112131141,53.07806640998625,62.8370648109104,39.63602825042172,-37.1629351890896,-0.43544104705881637,166.92878372120055,-0.1183344215825793,5.882050571759876,2.0800503014467466,3.8020002703131297,2.1666780165025212,2.143539181143783,21.23670779816478
289,2019-07-29,168.75,168.75,166.929993,167.440002,163.28096,499000,-277286.3159579525,4234600,-0.02025941715651175,100287.19575065163,37.65897622834117,-20.06019739479211,-99.38175631958062,9572.215618609964,850.8329872658716,167.11461415387942,2.6949205181543636,168.63449865,174.15357952099694,163.11541777900308,6.545613044993543,0.39178482088592287,0.0,0.0,166.5073319,169.076332,163.9383318,3.085750123655679,0.681523951672869,0.0,0.0,163.449997,173.839996,168.6449965,6.1612535294835515,0.38402361732662244,3.3668784214070273,0.5806298933982532,1.0884563631629807,-0.5078264697647275,166.94166575,168.59653649999998,167.15394288378414,166.5733129903859,19.040482597360903,26.051935399367053,20.82559896858455,0.9061598255077006,0.9811271000757459,-0.0749672745680453,0.10308897032749768,24.676645054438644,-28.18710529176293,2.1955033499999956,19.39322623590336,44.17721096029985,-24.783984724396493,166.61999500000002,168.6449965,167.63249575,161.04999550000002,159.6524965,157.189995,24.0,76.0,-52.0,163.57679692,,0.0,0.0,0.0030517576306010596,52.740676225005544,0.4269523912870628,0.39310003452330844,0.31682562490472915,6.789659227424,50.460382174123446,46.77614850834091,43.49357680659364,-53.22385149165909,-0.00385360882353325,166.93881941937363,-1.005082777610751,6.486680660512113,2.96137637325982,3.5253042872522933,-0.8115609361004861,-0.8148720183336344,20.25279803746056
290,2019-07-30,166.300003,169.949997,165.330002,169.759995,165.543335,405500,94860.48301044584,4640100,0.0008438141827402398,220354.3337148449,37.706212127615764,-227.8631664648533,-177.72867485848965,1568.7841148538964,862.6218462663983,167.01332865099977,2.887427966338926,168.45399865,173.56264777978026,163.3453495202197,6.0653343591975055,0.6278220833749241,0.0,0.0,166.4503317,169.276331,163.62433240000001,3.3956066907615448,1.0855739773183959,1.0,0.0,163.449997,173.309998,168.3799975,5.853230602430708,0.6399591643043444,3.3033535365503313,0.7455104689699965,1.0198671843243838,-0.2743567153543873,166.8524985,168.6819211923077,167.55487397858658,166.8093635096166,17.767417839819867,22.99756033650665,22.4442715018153,0.8659898492875368,1.0007613960743598,-0.13477154678682302,0.09365743193385653,24.85285130829731,-1.617642936316596,0.7259943500000077,15.896293643343803,37.90859781099665,-22.01230416765285,166.699997,168.6449965,167.67249675,161.04999550000002,160.4424975,157.979996,20.0,72.0,-52.0,163.7010608416,,0.0,0.0,1.22271100336548,58.25616525014635,0.6995064449604181,0.5856608666999482,0.4400324524687522,8.358963022348096,61.75464346179872,81.94805790184088,63.85375707369741,-18.051942098159124,0.06308852647057961,166.97903874784402,-0.6263577752577699,5.199550640297871,3.40901122666743,1.790539413630441,1.3855667536363248,1.376055533000553,21.91898082738506
291,2019-07-31,169.0,170.130005,166.899994,168.220001,164.041611,419200,18288.996907146764,4220900,-0.013560551097147749,96651.50249843807,44.27261326609214,674.2031548187061,-0.39963034193880276,1815.6603689944632,862.6218462663983,167.03830373749355,2.9216862697050354,168.24249885,173.01080228906568,163.47419541093433,5.668369730191601,0.4976408957307868,0.0,0.0,166.62399856666667,169.43999876666666,163.80799836666665,3.380065565853428,0.7833810937466085,0.0,0.0,163.449997,173.309998,168.3799975,5.860588773583833,0.48377317608791265,3.2639957705936085,0.7433460370792773,0.9645629548753626,-0.22121691779608532,166.77249916666668,168.77230603846152,167.6572012126502,166.91385517557092,16.660854089164012,21.58419711205795,20.623744704481677,0.9565867026799727,0.9266466335667004,0.029940069113272294,0.08580558607988431,24.97531066520116,8.394922801292745,0.11750215000000708,13.065786633057563,32.16701791969199,-19.10123128663443,167.045006,168.6449965,167.84500125,161.04999550000002,160.727501,158.2649995,16.0,68.0,-52.0,163.951018287936,,0.0,0.0,1.640498047983117,53.77020661582406,0.4778277860378186,0.5347622074284332,0.5045077028838966,8.151301928680416,59.35023340756659,61.94812803173823,63.55744481397335,-38.05187196826177,0.3814711794117329,167.01431300566873,-0.5674382549477939,4.378363836665076,3.6028817486669595,0.7754820879981166,-0.9071595460402815,-0.9112992933439479,20.81298115437442
292,2019-08-01,169.179993,170.470001,166.940002,168.110001,163.934311,707300,-220149.51463350118,3513600,-0.048362900180410166,71729.43071294842,47.85982031297652,94.8263636360773,-101.02749778864559,-4265.320244996837,862.6218462663983,167.0452843401197,2.982517542734532,167.99449855,172.21744127281704,163.77155582718297,5.027477398684182,0.5136755880414782,0.0,0.0,166.99633233333333,169.91033213333333,164.08233253333333,3.489896765137937,0.6910893519393315,0.0,0.0,163.449997,172.539993,167.99499500000002,5.41088909366551,0.5126519307599264,3.250819957466076,0.7244041484232469,0.9165311935849394,-0.19212704516169254,166.75166583333333,168.7988446153846,167.72686271839632,167.00245856997307,15.782152828253558,20.542576090920793,18.826465234861615,0.8990385457886366,0.9682690663138142,-0.06923052052517753,0.07905023806267708,25.143669900570465,22.24754642842754,-2.244498550000003,10.5791813729527,26.972135784656903,-16.392954411704203,167.215004,168.6449965,167.93000024999998,161.04999550000002,160.747498,158.2849965,12.0,64.0,-52.0,164.32175749065985,,0.0,0.0,1.4607339714530496,53.453579210982305,0.6607248472545606,0.6126863594175991,0.5777031445153268,7.8905533637513345,54.9321190347912,65.8192469437157,69.90514429243161,-34.1807530562843,0.6431174352941014,167.0613376564314,-0.1484913272244516,8.71186949206143,4.624679297345853,4.087190194715577,-0.06539055959224882,-0.06541194854339238,20.733980869937497
293,2019-08-02,164.0,164.990005,161.179993,161.580002,157.566528,1392400,-1320176.4031577285,2121200,-0.17782906451999375,-1237427.7176174733,40.54471668243956,-1537.7963922026713,-133.25761971642564,-54548.34737513871,862.6218462663983,166.1627234622851,3.3772665884610804,167.48699885,172.20307628960967,162.77092141039032,5.631574357402341,-0.12626164706159632,0.0,1.0,166.73033246666665,169.78433316666667,163.67633176666666,3.663401439699726,-0.3432104266817382,0.0,1.0,161.179993,171.979996,166.5799945,6.4482634915874275,0.03703786008207694,3.436435735274816,0.18039671829762938,0.7693042985274775,-0.5889075802298481,166.404166,168.5419218076923,166.78119183864305,166.60079512034542,16.43102660863794,17.346582794919506,28.82870896740568,0.830634482779446,1.0157549415031868,-0.18512045872374083,0.0654980128007075,25.33485105206052,-188.80847722645794,-2.5870048499999996,4.914606024900636,21.99964713133302,-17.085041106432385,165.824997,167.5099945,166.66749575,161.04999550000002,161.08249700000002,158.61999550000002,8.0,100.0,-92.0,,170.470001,0.0,1.0,0.7303669857265248,38.83426503740248,0.0,0.37951754443079305,0.5089887037589417,2.0463630314639487,44.07621941609079,4.305798229667955,44.024391068373966,-95.69420177033204,-0.43197032941179714,166.93333449354247,-2.5158358974358928,21.172988014244694,7.934341040725622,13.238646973519073,-3.8843608120613826,-3.9618144564121494,16.044237430183948
294,2019-08-05,158.929993,159.229996,154.570007,155.929993,152.056885,708000,-1614926.4628681717,1413200,-0.201580843606056,-1632110.382529264,38.82958636784629,-4070.906824156419,-420.9145296356091,-78842.65590509778,832.4583289085896,165.1926113647452,3.740539429614972,166.75149855,173.44493851054372,160.0580585894563,8.028041749246052,-0.3083665210855923,0.0,1.0,165.9056656,169.2456664,162.56566479999998,4.026385461787404,-0.9933638039847112,0.0,1.0,154.570007,171.979996,163.2750015,10.440679185128674,0.07811527049212912,3.9941635742117994,-0.698588700955213,0.47572569863093944,-1.1743143995861525,165.65666591666667,168.01653707692307,165.11177663269797,165.81036533365318,18.41337716511529,14.832725746222128,38.31586359484259,0.7439794466652518,1.0754047724789904,-0.3314253258137385,0.04123564900788216,25.501259629223703,-308.85625333055594,-2.2914915500000177,-2.7938760095116977,16.93805183423826,-19.731927843749958,162.520004,164.2050015,163.36250275,161.04999550000002,161.74749775,159.1299975,4.0,100.0,-96.0,,170.470001,0.0,0.0,0.3651834928632624,30.947534933711097,0.0,0.2202416157515202,0.40414850653330414,-6.406882065826607,41.24099239409866,8.553374296870759,26.22613982341814,-91.44662570312924,-2.5387930205882583,166.08933340233295,-5.439661204596524,20.391571526469583,10.425787137874416,9.965784388595168,-3.4967254177902585,-3.5593244724477557,11.986489084081843
295,2019-08-06,156.880005,159.720001,156.440002,159.580002,155.616196,719900,-956480.9206896478,2133100,-0.1508995793565834,-1023574.402296511,46.46661053304621,537.630062508679,-285.4373215217034,-7905.398032860874,832.4583289085896,164.51647553331043,3.745486286653475,166.23149884999998,173.43718918124551,159.02580851875445,8.669464428937903,0.03845526630824333,0.0,0.0,165.0826660333333,168.52566673333337,161.6396653333333,4.171244362269774,-0.2991087590155425,0.0,1.0,154.570007,171.979996,163.2750015,10.473339361338494,0.2877655465491681,4.140300238555816,-1.0881225570541062,0.1629560474939303,-1.2510786045480364,165.24999883333334,167.53346026923074,164.26073438151366,165.34885693856776,20.04698971802831,14.684580410150508,35.334387612734226,0.8255083640536913,1.027581939588469,-0.20207357553477778,0.015058292480509054,25.661340947457983,-198.92122512104342,-1.48149884999998,-8.977051929863178,11.868244732111894,-20.84529666197507,162.520004,164.2050015,163.36250275,161.04999550000002,163.55749924999998,160.394997,8.0,96.0,-88.0,,169.83400124,0.0,0.0,0.1825917464316312,39.49612613979732,0.31303624923808027,0.10434541641269342,0.2347015255316689,-9.537406347106893,43.98554524128178,31.509414406068366,14.789528977535703,-68.49058559393163,-4.328880944117657,165.73895193204697,-2.967289792222849,19.650080001678393,12.270645710635211,7.379434291043182,2.3407998229051596,2.3138232708179274,14.607868622239707
296,2019-08-07,157.580002,158.899994,155.809998,158.119995,154.192459,986800,-467871.2181528208,1146300,-0.06936776163729418,-1083168.7601970122,44.71249374077433,-227.02311461065793,-231.1049292715189,7823.125598089322,832.4583289085896,163.69579223702726,3.747938057988127,165.68699884999998,173.58328550389032,157.79071219610964,9.53157062255563,0.020850484431699283,0.0,0.0,164.23099926666666,167.6659997666667,160.79599876666666,4.183132922941673,-0.3895201422338448,0.0,1.0,154.570007,171.149994,162.8600005,10.006812311815853,0.21411283374347562,4.3353687465882595,-1.4973804379628461,-0.16911124959742496,-1.3282691883654212,164.69749841666666,166.9469218076923,163.31600524589618,164.81338568385902,21.677548900579552,13.554708416148268,33.901450169404626,0.8433315736852166,0.975926447090858,-0.13259487340564136,-0.013024527275388689,25.845919996703795,-181.9753942481302,1.253003150000012,-14.266882678764004,6.948293273363395,-21.2151759521274,162.520004,163.9400025,163.23000324999998,162.1949995,164.9850005,161.04999550000002,4.0,92.0,-88.0,,169.2234414704,0.0,0.0,0.0912958732158156,37.49648699496061,0.2398125422390055,0.1842829304923619,0.1696233208855252,-12.631241608774502,45.871286665189224,22.326976978733367,20.796588560557506,-77.67302302126663,-6.398528585294116,165.26119090242597,-4.024282245827018,21.869368255742717,14.190390219656713,7.678978036086004,-0.9149059917921365,-0.9191169606102889,13.55931436514959
297,2019-08-08,158.940002,162.759995,158.800003,162.119995,158.093109,17655100,11480518.263239939,18801400,0.38677961480055767,9160198.205545418,81.5031596419439,76.82190687096654,-259.4804920657092,437597.0696330686,832.4583289085896,161.971729219885,3.837144252189316,165.33599865,173.21118751407244,157.46080978592755,9.526284570057172,0.29581418899857753,0.0,0.0,163.77533216666666,167.35433146666668,160.19633286666667,4.3706207188245205,0.26874301614606627,0.0,0.0,154.570007,171.149994,162.8600005,10.028056282587428,0.4553675464281118,4.2843389583296245,-1.481871593227993,-0.43166331832353855,-1.0502082749044543,164.29583116666666,166.54961403846153,163.13200366960444,164.61387526283244,21.643884060861144,19.99908589423166,30.764035918280296,0.8741061917034381,0.9091071584432813,-0.03500096673984321,-0.03647667326789395,26.09902046023819,-87.6444999442289,1.313995349999999,-16.47829472233934,2.370332063297761,-18.8486267856371,162.520004,163.9400025,163.23000324999998,162.1949995,165.629997,161.04999550000002,4.0,88.0,-84.0,,168.63730409158399,0.0,0.0,0.0456479366079078,45.61971014039811,0.5372724679588491,0.3633737531453116,0.21733403335012227,-11.98443900410686,46.701941645083636,47.484219176434834,33.77353685374553,-52.515780823565166,-7.848970364705906,165.21092061021054,-2.8872690441204165,79.86351483175176,27.325015142075724,52.53849968967603,2.5297243400494773,2.4982564111824423,16.432051981038054
298,2019-08-09,160.899994,163.880005,159.179993,162.029999,158.005325,739200,11637794.457428379,18062200,0.3791990706620656,7842094.8842960745,83.25543021508942,476.8681006493522,-199.58458361942277,446215.0174914593,831.9962149061283,161.92170960869004,3.9234310269703863,164.8959985,172.47183583273153,157.32016116726845,9.188624832192685,0.3108460243980302,0.0,0.0,163.12499903333335,166.79500023333333,159.45499783333332,4.499618356166322,0.3508174829297985,0.0,0.0,154.570007,170.529999,162.550003,9.678823103763795,0.46741827940765884,4.264486800863295,-1.4600125314758259,-0.6373331609539961,-0.8226793705218298,163.91083158333333,166.12499834615386,162.9624644896653,164.42247702114113,21.220898148366043,20.350359884234912,27.943096325279686,0.8952488819781558,0.8754127346825331,0.019836147295622664,-0.0558699017080126,26.292645819513357,-68.15661059622713,0.3339975000000095,-20.35448836257227,-2.046080669866198,-18.30840769270607,162.520004,163.555,163.03750200000002,162.1949995,165.629997,161.04999550000002,20.0,84.0,-64.0,,168.07461220792064,0.0,0.0,0.0228239683039539,45.476504892127764,0.5320285122345606,0.43637117414413834,0.32800928592727063,-11.561248828767566,48.46327298343831,46.918206384228846,38.90980084646569,-53.081793615771154,-8.028646952941187,165.06070968438993,-2.7722743272345927,65.71725747535257,35.003463608731096,30.713793866621472,-0.05551196815666293,-0.05552738175422789,16.367418257418187
299,2019-08-12,161.539993,163.580002,160.860001,162.190002,158.161362,556500,11625518.931242904,18618700,0.37463955662543347,6734515.853610921,83.34221223758237,337.2520197668486,-249.49258018363702,139.19370363510467,832.8178028293228,161.85145078109363,3.8030880242733476,164.54649895,171.94235408558814,157.15064381441186,8.989380123894925,0.3406879997783641,0.0,0.0,162.5753327,166.3353333,158.8153321,4.625548707242471,0.44875922360225,0.0,0.0,154.570007,170.470001,162.520004,9.662918446433462,0.47924514940068486,4.32551739060849,-1.4134843944167699,-0.7925634076465509,-0.620920986770219,163.65749875,165.75807550000002,162.84362410663985,164.25710850105662,20.82812551533488,19.25023666723046,26.43251620791054,0.9101098357444548,0.9320127302528283,-0.02190289450837346,-0.07142750157540775,26.468810049853122,-49.64609020638523,4.263499050000007,-22.985854174385366,-6.36631931628055,-16.619534858104817,162.520004,163.2750015,162.89750275,162.1949995,165.8600005,161.04999550000002,16.0,80.0,-64.0,,167.53442799960382,0.0,0.0,0.01141198415197695,45.80224953044943,0.543956779399451,0.5377525865309536,0.4458325046068012,-11.13128753111626,49.05475677272924,47.924514940068484,47.44231350024406,-52.075485059931516,-6.825088055882333,164.95877228232214,-1.8398560029015596,52.829701924092646,38.56871127180341,14.260990652289237,0.0987489977087419,0.0987002729601727,16.482329916606943
300,2019-08-13,162.320007,166.339996,161.720001,164.669998,160.579788,750800,11833532.846669214,19369500,0.38545115253821655,6038439.445495076,84.90769062923965,1113.7689251485099,-111.10791445577077,12029.78340216167,832.8178028293228,161.8645200439087,3.884778721846015,164.36199879999998,171.54927942560553,157.17471817439443,8.74567196563632,0.521426685282242,0.0,0.0,162.1649994,165.925,158.4049988,4.637252938564759,0.8331114628013604,0.0,0.0,154.570007,170.470001,162.520004,9.673765296166497,0.635219799454012,4.327494772957161,-1.163088202767426,-0.866668366670726,-0.2964198360967001,163.31249875,165.52846007692307,163.12460470561834,164.28769290838576,19.516920822830023,22.89376210544377,24.053962356603964,0.9499310099512233,0.8793570762450332,0.07057393370619003,-0.08070506948278623,26.698471298461907,-1.4423991479098912,3.078003200000012,-25.618791623419128,-10.664605789222405,-14.954185834196723,162.520004,163.2750015,162.89750275,162.1949995,165.8600005,161.04999550000002,12.0,76.0,-64.0,,167.01585115961967,0.0,0.0,0.005705992075988475,50.71696697335662,0.7239261658519582,0.5999704858286566,0.5246980821679162,-9.143803285802417,55.68358604434729,63.5219799454012,52.78823375656619,-36.4780200545988,-5.554794420588252,164.94900467915656,-2.4524613761324816,42.026466901564966,39.260262397755724,2.7662045038092415,1.529068357740071,1.517495925358947,18.26342436572017
301,2019-08-14,162.350006,163.550003,160.139999,160.860001,156.864426,491300,11549702.974328894,18878200,0.39026797891267373,4908397.878124353,84.79589975078622,-1516.5581548931534,-227.3320828428928,112.95580965034787,813.548759476773,161.79278550122595,3.949300749661414,164.11749885,171.43086812421325,156.80412957578676,8.912357701597088,0.27729157876070554,0.0,0.0,161.4749995,165.25299940000002,157.6969996,4.679362020992001,0.41860792532048546,0.0,0.0,154.570007,170.470001,162.520004,9.688177136145768,0.3955972562002231,4.463508626352692,-1.257585668537672,-0.9448518270441153,-0.31273384149355676,162.76416533333335,165.17769103846152,162.77620413552322,164.0337898040609,18.75872071651427,20.907160348027155,24.993271572611818,0.8983968766973486,0.9088052642433058,-0.010408387545957187,-0.08969732004170586,26.762569855041132,-55.55186257413791,5.6424961499999995,-29.49833018541747,-15.117662629041313,-14.380667556376157,160.4550015,163.2750015,161.8650015,162.8149945,166.62249725,161.04999550000002,8.0,72.0,-64.0,,166.51801739323489,0.0,0.0,0.0028529960379942375,44.100592805208514,0.48164472985602147,0.583175891702477,0.5736329880206957,-9.661344257888342,56.6718797596882,39.55972562002231,50.33540683516401,-60.44027437997769,-4.4757640382352974,164.74541541667517,-3.9297664365770744,31.657332072308954,37.73967633266637,-6.0823442603574165,-2.3137165520582426,-2.340903139189532,15.52714394113963
302,2019-08-15,161.160004,162.789993,160.320007,161.770004,157.751816,470300,11631579.05071151,19348500,0.3922020335989941,4268337.382806587,84.69036184529418,-152.306699975755,-317.22457259279724,-8706.749769389007,818.151095714295,161.63783691643553,3.801369274695273,163.96099935,171.3344034789764,156.5875952210236,8.994095130192195,0.35142579250541034,0.0,0.0,160.7869995,164.4589981,157.11500089999998,4.567531717637419,0.6338514263050107,0.0,0.0,154.570007,170.470001,162.520004,9.697424425950835,0.45283017087930977,4.626592104228746,-1.244697852049569,-1.004821032045206,-0.23987682000436306,162.09833275,164.89922984615384,162.62140411467348,163.86610196672305,18.054677760649643,19.89351452761631,23.781518046726525,0.8904855744568723,0.9739900833021639,-0.08350450884529159,-0.09687714244085975,26.734324930985714,-48.091685612539465,4.259001649999988,-32.63804502340932,-19.290179412186863,-13.347865611222456,160.4550015,162.8600005,161.65750100000002,164.0299985,167.424999,161.04999550000002,4.0,68.0,-64.0,,166.339996,0.0,0.0,0.0014264980189971188,45.915451700855634,0.5481020686026988,0.5845576547702261,0.5892346774337865,-9.477604644414278,53.33661672377518,45.28301708793097,49.45490755111817,-54.71698291206903,-4.1047343823529445,164.62953262947715,-4.706639511859083,22.427147677420606,34.67717060161722,-12.250022924196614,0.5657111739045595,0.5641170375557003,16.180693903307453
303,2019-08-16,162.949997,164.320007,162.669998,164.0,159.926437,463900,11915539.126383824,19812400,0.41738115475646637,3806359.920177075,86.61973843121318,690.024053680213,-266.50426894458263,9055.391099353055,829.4292908414861,161.55891675967965,3.6762326472257465,163.937999,171.30790231469783,156.56809568530215,8.991086093100156,0.5042063645445904,0.0,0.0,160.89499966666668,164.35099796666668,157.43900136666667,4.295967316771746,0.9492190191953102,0.0,0.0,154.570007,170.470001,162.520004,9.698784965650333,0.5930815445590735,4.684698550613017,-1.042524550219298,-1.0123617356800245,-0.030162814539273386,161.746666,164.70153757692307,162.83349578933908,163.87602033955838,16.864601027936743,21.944869159569073,22.56516252009598,0.9015391401687315,0.916595810090797,-0.015056669922065558,-0.09972510199092312,26.646690611544223,-3.2284312539507813,4.17200200000002,-32.732127301212635,-22.616651777931413,-10.115475523281223,161.074997,162.8600005,161.96749875,164.2050015,167.317497,161.04999550000002,48.0,64.0,-16.0,,165.86919644000002,0.0,0.0,0.0007132490094985594,50.1837307578491,0.704399876567995,0.5780488916755718,0.5819274793827584,-7.9341759195778305,55.42916010150681,59.30815445590734,48.05029905462022,-40.69184554409266,-3.4959984029411544,164.61983109971703,-2.5086202442716647,14.285428375324226,30.598822156358622,-16.313393781034396,1.3784978332571418,1.3690829756132672,17.782242251427682
304,2019-08-19,166.289993,166.289993,164.059998,165.550003,161.437912,382300,12044118.219386274,20194700,0.4234541042836757,3347246.5239946363,86.6038530306196,979.9570991459657,-180.2313928295241,10008.059661284791,837.2684243115605,161.5089142479333,3.5376086825031727,163.97799915000002,171.37373556190633,156.5822627380937,9.020400846751413,0.606277709375177,0.0,0.0,161.76733293333334,164.98033183333334,158.55433403333333,3.9723704925321672,1.0886510055553809,1.0,0.0,154.570007,170.470001,162.520004,9.69641908208391,0.6905660467544834,4.700885221055513,-0.748599079552065,-0.9596092044544327,0.2110101249023677,161.53333283333333,164.49846069230767,163.2514199755946,164.00001905514665,16.192418146691214,24.965239956862273,21.501583992122267,0.9491012806020082,0.8985556784117729,0.050545602190235295,-0.09752212354351313,26.511503071317595,31.397135965867744,-2.397997150000009,-29.59873917829581,-24.90795036109059,-4.690788817205217,161.074997,162.550003,161.8125,164.2050015,167.67999625000002,161.04999550000002,44.0,60.0,-16.0,154.570007,,1.0,0.0,50.00035662450475,52.96240626789485,0.9646053556226586,0.7390357669311175,0.6338807711256386,-5.780989260189164,52.294741957707636,69.05660467544834,57.882592073095566,-30.943395324551663,-2.678528882352907,164.73332781647372,-1.5228112454773033,6.6964096127339365,25.81833964763369,-19.12193003489975,0.945123780487811,0.9406854290469724,18.895430232137667
305,2019-08-20,164.809998,165.729996,163.610001,164.770004,160.677292,423600,12084082.775717773,19771100,0.4221857688545794,2821867.3667954025,84.96730442042906,-252.73633498937693,-246.44135638724433,1617.390813755963,837.2684243115605,161.45058814600426,3.3958473142528547,163.86949925000002,171.15102315101143,156.5879753489886,8.886978887880394,0.5618349099887525,0.0,0.0,162.37966613333336,165.47666463333331,159.28266763333335,3.814515171446372,0.8859120155638891,0.0,0.0,154.570007,170.470001,162.520004,9.70283919385321,0.6415094873620708,4.713124306379545,-0.5720066899460505,-0.8820887015527563,0.3100820116067058,161.79916633333335,164.32884573076925,163.4850482870416,164.05705497698764,15.406953993623096,23.844746881120845,21.48922972229429,0.9118013440560924,0.9098256658820068,0.0019756781740856155,-0.09274874439960709,26.37722696025251,21.588135641130155,-7.939506250000022,-29.3972199084221,-26.589098942163716,-2.808120966258386,162.5699995,162.520004,162.54500174999998,164.2050015,167.97499850000003,161.04999550000002,40.0,56.00000000000001,-16.000000000000007,154.80440672,,0.0,0.0,75.00017831225236,51.408420334825315,0.909128461183097,0.8593778977912502,0.7254875187993132,-4.506325285065758,51.576463911976404,64.15094873620707,64.17190262252093,-35.84905126379292,-2.324058382352945,164.7355007067689,1.9742554527261318,0.3130654043625982,20.717284798979474,-20.404219394616877,-0.4711561376413931,-0.47226957690647,18.33524711522383
306,2019-08-21,166.300003,166.910004,165.589996,165.860001,161.740204,271900,11923415.979607448,20043000,0.4118749320174612,2461082.0550103458,84.70212585863814,767.0520853298823,-198.4252334091154,-197.12724243520552,842.8071755923722,161.30753293660106,3.2702625828275678,163.8299996,171.05914468527772,156.6008545147223,8.82517866438145,0.6404039741942751,0.0,0.0,163.2306666,166.1506663,160.3106669,3.577758715101645,0.9502285394070417,0.0,0.0,154.570007,170.470001,162.520004,9.705178562424894,0.7100627836714914,4.705960278128946,-0.3401809067510726,-0.7737071425924196,0.433526235841347,162.626667,164.23269188461538,163.85042562749675,164.19060653424782,15.05694956063308,25.300656699279006,20.489531146926932,0.9301764172840158,0.8769342460746907,0.05324217120932506,-0.08498319906502694,26.113218322419794,53.060187345747565,-4.2499976,-27.33456251797953,-27.79535091945707,0.4607884014775401,163.0449985,162.520004,162.78250125,164.2050015,167.97499850000003,161.04999550000002,36.0,52.0,-16.0,155.0341184456,,0.0,0.0,87.50008915612618,53.46332040919869,1.0,0.9579112722685852,0.8521083123303176,-2.836768615380768,51.985351902248304,91.49105951970671,74.89953764378738,-8.508940480293283,-1.2517351264706065,164.86326126694703,6.368247576333832,-6.314552284237804,15.310917382336019,-21.62546966657382,0.6615263540322713,0.6593478706634848,19.11806596100023
307,2019-08-22,166.210007,166.770004,164.490005,164.860001,160.765045,295400,11723890.42376291,19747600,0.4172115449742639,2067298.904294582,88.44419744844302,-478.53389302793033,-122.76362632520535,17.67002988647937,842.8071755923722,161.28443897511005,3.171236224544811,163.81149985,171.02810239508952,156.59489730491046,8.810861937895295,0.5726450669445183,0.0,0.0,163.64533383333332,166.39733423333334,160.89333343333334,3.363371671572145,0.7206880432623978,0.0,0.0,154.570007,170.470001,162.520004,9.706274598889214,0.6471696781772378,4.529189669686983,-0.2344463939145669,-0.6658549928568491,0.43140859894228223,163.06666691666666,164.19846115384615,164.00574491557416,164.24019130948872,14.311668985791698,24.01861611855835,21.89597470714722,1.0018133390717983,0.8206727625776263,0.18114057649417192,-0.07655378483175375,25.879810458194743,37.18702503654366,-5.691504850000001,-27.185276162239802,-28.55432734164235,1.3690511794025468,163.52500149999997,162.520004,163.02250275,164.2050015,167.49249650000002,161.04999550000002,32.0,48.0,-16.0,155.509153867776,,0.0,0.0,93.7500445780631,51.319106270908314,0.9047684061200206,0.9379656224343725,0.9184182641647359,-2.0584092312087554,49.114817973139495,83.38732983484535,79.67644603025305,-16.612670165154647,-0.27791087352940735,164.8631538307703,3.3086846307972873,-11.948197618051221,9.859094382258572,-21.807292000309793,-0.6029181200836953,-0.6047430101403961,18.399881557028095
308,2019-08-23,164.169998,164.679993,160.089996,160.550003,156.562149,498200,11325549.089204302,19249400,0.39475869573246275,1465221.7745953558,89.1152852263493,-2989.6800812866145,-45.53314469164788,-14805.65309151779,842.8071755923722,161.4292129327834,3.3311131020903297,163.3985001,170.36467212695962,156.4323280730404,8.52660461717373,0.29554789280424715,0.0,0.0,163.65300033333332,166.39399923333335,160.91200143333336,3.3497691999743915,-0.06603403476983438,0.0,1.0,154.570007,170.470001,162.520004,9.73080780439795,0.376100519283215,4.062626623703345,-0.49275171412625696,-0.6312343371107307,0.13848262298447378,163.26916758333334,164.0311538076923,163.47409231317812,163.96684402730438,14.353445516939914,21.557473909507706,29.104330008618184,1.0120273686431729,0.7805442287402399,0.231483139902933,-0.07298795765442777,25.815972976811572,-37.80668903681366,-1.278505100000018,-27.50540932101953,-29.056500135712813,1.551090814693282,163.5,162.520004,163.010002,164.2050015,166.8449975,161.04999550000002,28.000000000000004,44.0,-15.999999999999996,155.96518787306496,,0.0,0.0,71.87497251850019,43.265104251901214,0.3612874956030144,0.7553519672410117,0.8837429539813232,-3.8728268756181996,48.013623098511395,42.70272466519393,72.527038006582,-57.29727533480607,-0.25741217941177297,164.80792179856394,1.5368125960287409,-15.069172222805625,4.8734410612457335,-19.942613284051358,-2.614338210515965,-2.6491195729544614,15.304508212277067
309,2019-08-26,161.830002,162.710007,159.199997,160.699997,156.708374,395400,11268096.844338903,19644800,0.4018161403367854,1264376.8964531617,87.36013353656354,-1269.4203274974789,-174.6081725492306,-12655.230121490717,843.5945690345001,161.5042737197442,3.349002791881296,163.06149985,169.86318437001384,156.25981532998614,8.34247756370536,0.3264030885987649,0.0,0.0,163.5190002,166.339,160.6990004,3.4491402180185355,0.0001767021401930016,0.0,0.0,154.570007,170.470001,162.520004,9.750918527442941,0.3855341077487196,3.824613955248275,-0.6775469397721281,-0.6404968576430103,-0.037050082129117756,163.15083441666667,163.88653803846154,163.04730841884302,163.72485535861514,14.629638564841622,19.93844633923098,28.822821619434986,0.9643386132736729,0.8422838317858693,0.12205478148780358,-0.07252386253603385,25.845345884916437,-53.266276949601455,-1.0315008499999863,-25.817961664112886,-29.078630140234345,3.2606684761214595,163.0550005,162.520004,162.78750225,164.2050015,166.8449975,161.04999550000002,24.0,40.0,-16.0,156.40298051814236,,0.0,0.0,48.43741160345304,43.596859223209535,0.38206525176175815,0.5493737178282644,0.747563769167883,-5.21691503042863,45.76599986821424,44.05402123206058,56.71469191069996,-55.94597876793942,-0.8568522029411554,164.75498651873048,-0.8758931925701038,-18.587569390988907,0.18123897079880535,-18.768808361787713,0.09342509946885791,0.09338148538509117,15.412231563766454
310,2019-08-27,162.149994,163.190002,161.080002,162.610001,158.570923,517100,11500913.889741754,20161900,0.39543115199140594,1224846.3495884256,91.1490420870603,481.4929414039832,-123.99988283389906,6515.408361893638,843.5945690345001,161.68205370263058,3.263103012693166,162.70400015,168.77182438568713,156.6361759143129,7.458727787999147,0.4922542952507459,0.0,0.0,163.32400053333333,165.89300083333333,160.75500023333333,3.1458944081836684,0.3610355293976957,0.0,0.0,154.570007,170.470001,162.520004,9.772343633433398,0.505660190815167,3.3976053788684424,-0.6622431998676461,-0.6448461260879375,-0.01739707377970867,163.19916791666668,163.80423038461538,162.98003035440564,163.6422735542733,14.698812502942292,19.9025472026422,27.258810540515782,1.024656424307892,0.8160591872533799,0.20859723705451205,-0.07176099375184829,25.825982295940836,-12.341746909433425,-0.5139981500000204,-25.49706568482234,-28.634045195723772,3.1369795109014333,163.0550005,162.520004,162.78750225,164.2050015,166.8449975,161.04999550000002,20.0,36.0,-16.0,156.82326145741666,,0.0,0.0,30.468618703296627,47.78398472409075,0.44310499037186907,0.39548591257888055,0.5667371992160523,-5.121399322485868,45.13529087150154,46.97900777077605,44.57858455601019,-53.02099222922395,-1.1238516058823507,164.7162184745851,0.35795963931346286,-20.321374152875546,-3.919283653936065,-16.40209049893948,1.1885526046400807,1.1815447912173482,16.783966648090832
311,2019-08-28,161.869995,163.240005,160.660004,162.830002,158.785461,389600,11766686.675101144,20551500,0.40771812174888067,1062112.9267329362,62.558421152816386,-122.50865888026796,-138.23778038755867,6673.109565533688,844.7358988890036,162.9247925223635,3.1947928114238504,162.4345002,167.95227985134466,156.91672054865535,6.793851853578891,0.5358388541216595,0.0,0.0,163.39666746666666,165.88266746666665,160.91066746666667,3.042901717083233,0.3860286672030066,0.0,0.0,154.570007,170.470001,162.520004,9.788557221786553,0.5194967369170082,3.214867457710287,-0.6251562218813547,-0.640908145246621,0.015751923365266318,163.25250125,163.6461534615385,162.95694906911245,163.5821052909938,14.886466651925378,18.766266702381397,26.63194803569849,0.9634454911176146,0.9099839698438223,0.05346152127379222,-0.07043080371558706,25.739341993747043,-6.1090594663393505,2.2354977999999903,-22.711108798520787,-27.531052281847266,4.81994348332648,163.0550005,162.520004,162.78750225,164.2050015,166.79249575,161.04999550000002,16.0,32.0,-16.0,157.22673115912,,0.0,0.0,18.359216031901997,48.2604273274962,0.48982321991876165,0.438331154017463,0.46106359480820264,-4.908215564869867,46.37050458053842,47.218677955309715,46.083902319382126,-52.781322044690285,-1.808409647058852,164.67470760833012,0.3945989223182911,-22.974156655108054,-7.730258254170463,-15.24389840093759,0.13529364654514264,0.13520220715630415,16.941967935149105
312,2019-08-29,164.75,165.889999,163.690002,165.320007,161.213608,376700,11948190.057651216,20928200,0.4271931152590441,1044380.3491282309,60.46298702171815,1658.6096841019344,-53.8276672838028,6287.620364442592,857.6536449190817,163.19170424708474,3.1813132302814635,162.2950005,167.35375722947435,157.23624377052562,6.2340265736951865,0.7989871485986966,0.0,0.0,163.7306676,166.1896687,161.2716665,3.0037147420755947,0.8231676878875742,0.0,0.0,154.570007,166.910004,160.7400055,7.6034363116441055,0.8711509411225963,2.976899032408275,-0.3903423078250512,-0.590794977762307,0.20045266993725586,163.30666866666667,163.59500011538464,163.32049644309515,163.7108387509202,14.037307164427276,23.376762670803018,24.821870391402513,1.004510255153401,0.8711133772192535,0.13339687793414756,-0.06568591232811372,25.635539517446023,95.42779154368017,-1.4349994999999751,-20.188381146251043,-26.137302709073758,5.948921562822715,163.0550005,162.520004,162.78750225,164.2050015,167.33749775,161.04999550000002,12.0,28.000000000000004,-16.000000000000004,157.6140620727552,,0.0,0.0,27.972544368933598,53.43877824450988,0.9975934845555073,0.6435072316153794,0.4924414327372409,-3.186213513672788,49.35610508807877,79.37748954054148,57.85839175554242,-20.62251045945853,-1.8189105647058739,164.70062594962565,0.39473432191334057,-25.27439332305142,-11.239085267946656,-14.035308055104764,1.5292052873646655,1.517630792677771,18.730250691961704
313,2019-08-30,166.699997,167.589996,163.729996,164.710007,160.618805,499100,11702521.917806653,20429100,0.4719890950692208,851690.1563956257,60.16198697705116,672.8476517732064,-29.85655071192011,3918.930380478118,857.6536449190817,163.45195151587532,3.249181907253319,162.45150075,167.60487411538017,157.29812738461985,6.344506934793783,0.7191289171062587,0.0,0.0,163.8986674,166.5786676,161.2186672,3.270313593776047,0.651369317061991,0.0,0.0,154.570007,167.589996,161.0800015,8.014692963678275,0.7788025012924342,2.7342140684934817,-0.25058391581140427,-0.5227527653721264,0.2721688495607222,163.6275025,163.57500053846155,163.53426729800358,163.784851213815,13.392879256259706,25.123463041964055,22.723772754171286,0.9664895446700835,0.8282876343760478,0.13820191029403572,-0.059446254079923454,25.537215840803928,95.6407126246349,-0.681496750000008,-17.499848719654874,-24.792981547002544,7.293132827347669,163.3949965,162.520004,162.95750025,164.2050015,167.38249975000002,161.04999550000002,8.0,24.0,-16.0,157.98589974984498,,0.0,0.0,48.377994849521315,52.06403756503014,0.8627914114992287,0.7834027053244993,0.6217470303191138,-2.1517812581367433,46.14671619594049,65.67354775608415,64.08990508397845,-34.326452243915845,-1.0578807499999812,164.70071028594714,2.3933892677272697,-25.68540202518605,-14.128348619394535,-11.557053405791516,-0.36898135384183517,-0.36966376921343524,18.29215820553869
314,2019-09-03,163.639999,164.050003,160.380005,161.259995,157.254486,459500,11463379.206829697,19969600,0.47831243808920393,503551.4891962515,50.47016281670691,-2751.4937432026054,-305.9467413084284,-11466.262317494868,839.6892514938871,163.23139961490543,3.357263916527985,162.71800085,166.9666585619843,158.46934313801572,5.222111493246376,0.3284157081085429,0.0,0.0,163.55833436666666,166.38233486666667,160.73433386666667,3.4532028110155792,0.09307029749699589,0.0,0.0,155.809998,167.589996,161.699997,7.239517409545416,0.46264838075524234,2.717204088787644,-0.41344557544957183,-0.5008913273876155,0.08744575193804371,163.58500175,163.2846158076923,163.1843792521569,163.59782482760647,13.141006890813417,22.795744590803775,27.786528613944895,0.8529550317537267,0.9583525079516645,-0.10539747619793782,-0.05645203620791068,25.561918359009457,-27.74355114519562,1.28199914999999,-16.40859013371801,-23.34980046092431,6.941210327206299,163.3949965,162.520004,162.95750025,164.2050015,167.73999775,161.04999550000002,4.0,20.0,-16.0,158.5621455248543,,0.0,0.0,39.718192090621244,45.011250160748595,0.17122071957632543,0.6772018718770205,0.7013706029389665,-3.3521437298211945,43.67035726595646,24.553018421098777,56.534685239241476,-75.44698157890123,-0.6005863647058902,164.52517894115306,-0.31526796525269085,-26.326801649445454,-16.568039225404718,-9.758762424040736,-2.094597688894506,-2.1168456042474304,15.81441339362204
315,2019-09-04,163.070007,163.389999,161.539993,162.960007,158.912277,304900,11626545.00618386,20274500,0.4672910295337686,505663.22771107213,57.35158625597956,151.6847162846768,-186.78653622429763,-6410.403312931139,848.5413031376356,163.34606426842268,3.2345379248751853,162.88700110000002,166.88439450751076,158.88960769248928,4.908179757151587,0.509131688147431,0.0,0.0,163.35100096666665,166.14800256666666,160.5539993666667,3.424529489807954,0.4301048010364588,0.0,0.0,155.809998,167.589996,161.699997,7.232006188614154,0.6069618178203409,2.374508371261964,-0.4007186184658451,-0.4808567856032615,0.0801381671374164,163.49833566666666,163.1123083076923,163.14986044413274,163.5505790625986,12.907125408613288,21.72921715488095,26.48650110232844,0.9324789305076392,0.9241005174963033,0.008378413011335906,-0.053634995192746955,25.388861741261003,-9.343835737805925,2.6630018999999834,-14.735667668742735,-21.949923255453555,7.21425558671082,163.3949965,162.520004,162.95750025,164.2050015,167.63249575,161.04999550000002,4.0,16.0,-12.0,159.10381655336303,,0.0,0.0,25.95702671157425,48.69902686341462,0.5328306958492042,0.5222809423082527,0.6609618398365908,-3.2457679357566813,51.440057292325605,44.81538078848384,45.01398232188893,-55.18461921151616,-0.39694047647060415,164.49917637295806,-0.6341420731707377,-28.64708385376152,-18.983848151076078,-9.66323570268544,1.054205663345087,1.0486876622829655,17.03533549858749
316,2019-09-05,164.440002,168.899994,164.440002,168.710007,164.519455,562800,12141396.631567942,20837300,0.4757567971792798,895725.6237523477,58.161338357821414,3332.3161478294187,62.115095761786215,23072.519637202084,848.5413031376356,163.87035158736845,3.505082832387667,163.4165017,167.55102472250297,159.28197867749702,5.0601046766906475,1.1401591273272664,1.0,0.0,163.4740010333333,166.5850010333333,160.36300103333335,3.806109816038117,1.3415310136076355,1.0,0.0,158.800003,168.899994,163.8499985,6.180520874532947,0.9811893891786634,2.013944327825213,0.07250869676033744,-0.3701836891305417,0.44269238589087917,163.76166933333334,163.07192415384617,164.00526760657385,163.93275890981351,12.950394917491055,30.480302258891655,23.223378385043016,0.9659478100806392,0.8018162360541147,0.16413157402652456,-0.0441147742379845,25.329741630567334,157.77046591636832,1.3535023000000024,-9.523454446105196,-19.98749862032749,10.464044174222293,164.0499955,162.520004,163.28499975,164.2050015,167.67249675,161.04999550000002,100.0,12.0,88.0,159.61298732016124,,0.0,0.0,62.97851335578713,58.77061892031122,1.0,0.5680171384751765,0.5891666508868165,0.3306972377066959,60.27167763281037,98.04137052825891,55.803256579280514,-1.9586294717410964,0.48985235588236264,164.58649630250753,1.9087912671315304,-27.08619371631535,-20.604317264123935,-6.481876452191415,3.5284730934013853,3.4676491235322793,21.164895821427177
317,2019-09-06,168.949997,169.649994,168.100006,168.850006,164.655945,441100,12127170.904142959,21278400,0.06961038590499258,776586.7573448706,58.09845403681059,774.8190070224389,68.17187814337377,20224.28033374197,849.2454399935957,164.26568823109756,3.3095733491488986,163.75300225,168.46572524355693,159.04027925644309,5.755892018837075,1.0407705648059997,1.0,0.0,163.82333423333336,166.86133313333332,160.78533533333334,3.7088720165748468,1.327299800317027,1.0,0.0,159.179993,169.649994,164.41499349999998,6.393776514714249,0.9235923664190686,1.7982333035995868,0.45361253978072114,-0.2054244433482892,0.6590369831290104,164.10166949999999,163.09615511538462,164.75061197479326,164.29699943501254,13.17744750652711,31.079516457808975,22.4462718543742,1.0164926418326823,0.8362371825161563,0.18025545931652598,-0.030249258611766857,25.169661339395446,183.38608999160724,2.1069987500000025,-4.5505741004739875,-17.436961373600205,12.886387273126218,164.4249955,162.520004,163.47249975,164.2050015,167.84500125,161.04999550000002,100.0,8.0,92.0,160.35594785454833,,0.0,0.0,81.48925667789356,58.98176898664115,1.0,0.8442768986164015,0.6448583264666102,3.158670831536778,58.37664226516879,92.34461024247199,78.4004538530716,-7.655389757528018,1.2115579764706013,164.7252715088215,2.4761800697656158,-27.19144813212257,-21.921743437723663,-5.269704694398907,0.0829820367442835,0.0829476256875239,21.265440919798895
318,2019-09-09,169.0,169.5,166.75,167.929993,163.75882,363200,12075660.691488413,20915200,0.04912338831224564,617910.2603527457,51.60199241937134,-567.8689427312776,-42.38712484785788,-1612.934016354487,844.6181565039827,164.43515905326666,3.2536160142340087,164.04800195,169.02367889160445,159.07232500839558,6.066123186457296,0.890096774324361,0.0,0.0,164.45200093333332,167.30600013333333,161.59800173333332,3.4709206136773947,1.10931903321253,1.0,0.0,159.199997,169.649994,164.4249955,6.370084899409527,0.8354065556191071,1.7535405513852187,0.6736374476767253,-0.02961206514328632,0.7032495128200116,164.27416883333333,163.08923173076923,165.23974751713277,164.56611006945604,12.928820136331879,29.211834056328716,24.04745917086286,0.9547230448876416,0.8880714827970665,0.0666515620905751,-0.015099084974223236,25.00298849496236,134.92122348215796,0.8119990499999972,0.22882536613997861,-14.542873925794332,14.771699291934311,165.0149995,162.1100005,163.5625,164.2050015,167.93000024999998,161.04999550000002,96.0,4.0,92.0,161.2853524690935,,0.0,0.0,90.74462833894678,56.91879469630927,0.8687396896765314,0.9562465632255105,0.7895135334390294,4.824874870518317,54.995792314590844,83.54065556191071,91.3088787775472,-16.459344438089282,1.608529394117653,165.05506509577688,1.2480356852282817,-28.17382849049408,-23.172160448277747,-5.001668042216334,-0.5448699835995385,-0.5463598143193416,20.604701931747282
319,2019-09-10,167.940002,167.940002,164.869995,166.229996,162.101013,469500,12022133.990246367,20445700,0.04493406963082744,415616.13865949656,51.1550030937063,-1124.6893812588999,-104.66948529568094,-6731.832812113691,844.6181565039827,164.5692794014213,3.2352551128106084,164.25000165,169.23557407009585,159.26442922990415,6.07071217048703,0.6985724188880534,0.0,0.0,164.99966733333332,167.8096662333333,162.18966843333334,3.406066139907065,0.7189197772758358,0.0,0.0,159.199997,169.649994,164.4249955,6.362250773225485,0.6727273701609681,1.7218973211515922,0.7027325584479058,0.11685685957495212,0.5858756988729537,164.38833508333332,163.26807765384618,165.3920934375739,164.68936087912599,12.096981278944668,27.243566686825528,26.553311778979683,0.9235265942952537,0.9129552954391251,0.01057129885612862,-0.0017343158476823427,24.81478486544101,70.15058786903539,-3.6999986499999977,2.6927462847996146,-11.410672595836338,14.103418880635953,165.0149995,162.1100005,163.5625,164.2050015,166.66749575,161.04999550000002,92.0,8.0,84.0,162.12181662218416,,0.0,0.0,95.37231416947338,53.21498359769752,0.6330782970640841,0.8339393289135386,0.8781542635851501,5.102273985649711,52.08048141942561,67.27273701609681,81.0526676068265,-32.72726298390319,2.45652819117646,165.12318950571407,0.83100509019164,-27.29871372248705,-23.99747110311961,-3.3012426193674393,-1.0123248203791624,-1.0174836738558568,19.38379059954789
320,2019-09-11,166.610001,167.690002,165.029999,167.679993,163.514999,397700,12416841.076854916,20843400,0.06883911372935632,438622.94840813975,52.20687616773681,-30.096760119180203,-161.60868854204256,-1283.7931386627629,851.9856221993816,164.64725262933123,3.1777299015295464,164.4005014,169.60463633314998,159.19636646685,6.331045086642281,0.8150851815072915,0.0,0.0,165.45033363333332,168.31533283333334,162.58533443333334,3.4632740074726422,0.8891204169737033,0.0,0.0,159.199997,169.649994,164.4249955,6.356426477419489,0.811483103775054,1.7318276453639048,0.8331888012635602,0.2601232479126737,0.5730655533508865,164.98250091666665,163.72000073076924,165.74407798563945,164.9108891843759,11.324559482799401,25.63204564796936,24.98262094121114,0.9021786078828616,0.9639838214346246,-0.06180521355176294,0.011585755585135788,24.671210658214587,76.70313580702295,-3.7005044,5.4056346211114,-8.286589993654983,13.692224614766383,165.0149995,162.729996,163.87249774999998,164.2050015,163.36250275,161.04999550000002,88.0,4.0,84.0,162.87463435996574,,0.0,0.0,97.68615708473669,55.853690594484455,0.8009705974549151,0.7675961947318436,0.8525940289569642,6.129702717327855,59.063333321322936,81.1483103775054,77.32056765183766,-18.8516896224946,3.220970194117683,165.25863750401663,4.4409778055251685,-27.416450126275336,-24.68126690775076,-2.7351832185245755,0.8722836039772197,0.8685011902170636,20.42515583075424
321,2019-09-12,168.029999,169.729996,167.619995,169.509995,165.299561,350000,12693854.9977014,21193400,0.13731691790553582,467462.62720697734,57.61991876560805,1395.6119328557195,-27.74112955035329,7288.851990455776,861.2839014078984,164.86180603997366,3.070957011376593,164.8330011,170.2227276972996,159.44327450270038,6.539620781435391,0.933880440460867,0.0,0.0,166.1213328,168.93933199999998,163.3033336,3.3926999651425724,1.1012532224991454,1.0,0.0,159.199997,169.729996,164.46499649999998,6.388283250155545,0.9791072154897644,1.724314929097689,1.0718861447656423,0.4224758272832675,0.6494103174823748,165.71666741666667,164.10192353846153,166.3234498340026,165.25156368923695,11.227998520465663,29.04958100884263,23.780947697375694,0.9841548796797855,0.9151974748499273,0.06895740482985824,0.026454608186096733,24.538307770439886,132.32784959177255,-2.223000099999979,8.813737921383535,-5.064132319473364,13.877870240856899,165.0550005,162.769997,163.91249875,164.2050015,163.36250275,161.04999550000002,100.0,48.0,52.0,163.55217032396916,,0.0,0.0,98.84307854236835,58.99687918570669,1.0,0.811349631506333,0.8042950517172384,7.957892855055904,67.54134513287272,97.91072154897644,82.11058964752623,-2.089278451023559,3.5450582088235194,165.55771294844865,5.482263948019867,-28.05616487782226,-25.35624650176506,-2.699918376057198,1.0913657421252498,1.0854533247116827,21.739434726392037
322,2019-09-13,170.520004,171.919998,169.779999,170.880005,166.635513,398400,12705027.516567068,21591800,0.12995272155436935,478655.3924631239,65.29655576818314,1168.2992582823756,269.25739470457455,7039.719924585439,861.2839014078984,165.52482024592405,3.0048616102389323,165.28850115,171.08988827704465,159.48711402295535,7.0197104900598815,0.9819109402244323,0.0,0.0,166.71066593333333,169.52266533333335,163.89866653333334,3.373508688549667,1.2413477873904701,1.0,0.0,159.199997,171.919998,165.5599975,7.69563575899121,0.918239550452867,1.4970471826299703,1.355973053267121,0.6091752724800382,0.7467977807870828,166.40583441666666,164.59269315384614,167.0244583210791,165.66848526781197,11.732306934582821,32.50297042951688,22.45253395370308,1.1356889496934843,0.809893910974057,0.3257950387194273,0.043292846911399084,24.37440032878256,171.30945077615846,-2.4584991499999944,12.567658311752472,-1.723298204872548,14.29095651662502,166.1500015,165.3600005,165.755001,163.9400025,163.23000324999998,162.1949995,100.0,44.0,56.0,164.29350940509286,,0.0,0.0,99.42153927118417,61.22279820143261,1.0,0.9336568658183051,0.8375342306854939,10.16148058352103,67.96277290894285,91.82395504528671,90.29432899058952,-8.176044954713301,3.853146085294128,165.8680413151364,5.085790510511097,-27.647297036822476,-25.814456608776545,-1.8328404280459303,0.808217828099167,0.8049692398519603,22.723354541677885
323,2019-09-16,170.389999,172.399994,169.809998,171.529999,167.269363,341200,12817005.313907297,21933000,0.11077789366932177,441958.61536839156,71.63251574946331,193.56462632180563,373.75631997738066,4517.797659021548,864.5600563226394,166.1708665715689,2.9633750492150375,165.6650011,172.0327554756052,159.29724672439482,7.687507117766454,0.9605232515302999,0.0,0.0,167.300999,169.98599799999997,164.616,3.209782387491872,1.287523570772289,1.0,0.0,159.199997,172.399994,165.7999955,7.967885137085841,0.9340912728995325,1.2449156588345236,1.6149469553321865,0.8103296090504679,0.8046173462817185,167.13083416666666,164.9546163846154,167.71761842552846,166.10267147019627,12.325127069784772,31.654633322846028,21.089116698843988,1.1608474829059698,0.7466894168104141,0.4141580660955557,0.061402328094527704,24.18920014992296,155.52906368328303,-0.3449941000000081,18.018552131221767,2.1019398245652052,15.916612306656562,166.9699935,165.78999349999998,166.37999349999998,163.9400025,163.23000324999998,162.1949995,100.0,40.0,60.0,165.36121780837985,,0.0,0.0,99.71076963559209,62.26934132295606,1.0,1.0,0.9150021657748794,12.283125058377328,63.026081261580046,92.76209820158745,94.16559159861687,-7.237901798412545,4.353115888235266,166.31547099842672,5.342993854412651,-28.037250286240788,-26.259015344269397,-1.778234941971391,0.38038037276508785,0.37965875597203436,23.19017009515334
324,2019-09-17,170.990005,172.789993,170.369995,171.419998,167.162109,345700,12771294.022245072,21587300,0.08976370853706925,373389.1923586208,70.89791697672634,332.5120653757618,363.11482883250767,1076.162816881757,864.5600563226394,166.84752903696295,2.909037344293536,165.95850085,172.80138623017694,159.11561546982307,8.24650180030466,0.8990639070048815,0.0,0.0,168.26399843333334,170.82399743333332,165.7039994333333,3.0428362856410827,1.116406406148337,1.0,0.0,159.199997,172.789993,165.99499500000002,8.188791734316279,0.8991909195558251,1.1295367387424824,1.790667773698459,1.0063972419800662,0.7842705317183929,167.63916675,165.3157701923077,168.28721528313946,166.496547509441,12.980291025594399,30.759828513480507,19.874708241166616,1.138446546063799,0.75759794618363,0.38084859988016895,0.0793165119971341,24.081514835087823,138.56019155791793,-1.248493850000017,24.380533049503867,6.448184348814828,17.93234870068904,168.61499750000002,165.99499500000002,167.30499625000002,163.68,163.03750200000002,162.1949995,96.0,36.0,60.0,166.48742199903907,,0.0,0.0,99.85538481779605,61.96455465751299,0.9823394915127982,0.9941131638375995,0.9759233432186348,13.9390509174564,61.57808994794725,88.9605453284885,91.1821995251209,-11.039454671511507,5.272232797058848,167.37773949776417,3.689808094431056,-28.103811741492706,-26.62797462371406,-1.4758371177786458,-0.06412930720066656,-0.06414987883633927,23.11116909253199
325,2019-09-18,170.389999,170.539993,168.240005,170.410004,166.1772,394800,13121468.00054408,21192500,0.12851332038679772,263084.21756453183,70.6157749059594,-1275.8262968743718,280.7349975472145,-2547.827530756721,864.5600563226394,167.3614639345908,2.936132909864182,166.24050085,173.3248254778413,159.15617622215868,8.522982776902904,0.7942766861370172,0.0,0.0,168.97399853333334,171.57899573333333,166.36900133333333,3.0833113054208923,0.7756251459054653,0.0,0.0,159.199997,172.789993,165.99499500000002,8.174900779601456,0.8248719867172867,1.0334039547272882,1.8273649872481315,1.1705907910336792,0.6567741962144522,168.1141665,165.6319241153846,168.61379816265645,166.78643317540832,12.74418483418934,28.442093442630302,23.424137114611526,1.0748929285009878,0.7948171110594234,0.2800758174415644,0.09495552261361209,23.931314406684923,84.59309883195716,-4.980505849999986,29.22655287453919,10.753740717775315,18.472812156763876,168.829994,165.99499500000002,167.4124945,163.68,162.89750275,162.1949995,92.0,32.0,60.0,167.62188477921205,,0.0,0.0,99.92769240889803,59.10403042051022,0.8165897449089052,0.9329764121405679,0.9756965253260558,14.58663444794074,63.394089306887395,80.82198790200262,87.51487714402619,-19.178012097997385,5.852497217647084,167.7816823060155,3.4606258015640767,-27.112885754503147,-26.72495684987188,-0.3879289046312664,-0.5891926331722419,-0.5909352211384444,22.38580715362657
326,2019-09-19,170.080002,170.949997,166.580002,166.669998,162.530121,489600,12652033.71771309,20702900,0.08789222283810942,-36085.94745897225,62.78226769968231,-557.8522651148894,122.41628688886996,-13071.434403087467,864.5600563226394,167.575883512471,3.0795191188777626,166.2810007,173.3654224840583,159.19657891594167,8.521023754048555,0.5274544141961831,0.0,0.0,169.04566499999999,171.6416625,166.44966749999998,3.071356488200996,0.04243657784724682,0.0,0.0,159.199997,172.789993,165.99499500000002,8.17290967867023,0.5496691095420476,1.2781868058740748,1.5369436361859243,1.2438613600641284,0.29308227612179594,168.56500008333333,165.7088471923077,168.3147519837862,166.77780834760028,11.933454423254043,25.588665090998624,24.88508171384355,0.9843208125289077,0.851740940512835,0.1325798720160727,0.10375877351723638,23.940111806810904,41.61029438320054,-3.3209937000000025,28.47845470629653,14.423632807416485,14.054821898880046,168.829994,165.99499500000002,167.4124945,163.68,162.89750275,162.1949995,88.0,28.000000000000004,60.0,,172.789993,0.0,1.0,95.08132744142085,49.914966517347125,0.2841401352275219,0.6943564572164086,0.8738153443981919,12.433120491463217,54.68207196414411,50.68492411112712,73.4891524472061,-49.31507588887288,5.868733370588245,167.75336784137906,3.354832672542244,-24.43749352607,-26.267464185111507,1.829970659041507,-2.1947103528029976,-2.219152403777702,19.699793173664414
327,2019-09-20,167.539993,168.149994,164.300003,164.339996,160.257965,1870500,10820394.53920593,18832400,-0.0915859994482493,-653540.6322505419,44.04999871898498,-522.8003736963906,37.012856498184455,-36894.39166531673,864.5600563226394,167.21590305457022,3.156566306989985,166.25500044999998,173.363866729657,159.14613417034298,8.551762365541538,0.3653087303470586,0.0,0.0,168.71866456666663,171.54466236666667,165.89266676666665,3.3499527835384924,-0.2747119560154348,0.0,1.0,159.199997,172.789993,165.99499500000002,8.17418782184967,0.3782193166208446,1.689509124521556,1.1060214080182789,1.2162933696549585,-0.11027196163667963,168.67999916666668,165.84269315384614,167.7032510632037,166.59722965518543,11.709078797020052,23.364694791629166,27.86928668544076,0.9308117801193954,0.9554890815417588,-0.024677301422363462,0.10464271353116857,24.058239925189575,-15.595713976395272,2.4550065500000073,25.93269020674211,17.27961778970561,8.653072417036498,168.54499800000002,165.99499500000002,167.26999650000002,163.68,161.8650015,162.8149945,84.0,24.0,60.0,,172.66579318,0.0,0.0,56.50983078608214,45.20017032585303,0.01094675902037998,0.3705588797189358,0.6659639163586374,9.085302180874045,44.82925289111041,31.909708534770562,54.47220684930011,-68.09029146522944,4.851380444117666,167.549741156888,0.8468267922939051,-2.174383952912991,-21.448848138671806,19.274464185758816,-1.3979732573105252,-1.4078369391066659,18.026422076040593
328,2019-09-23,163.419998,164.899994,162.5,163.600006,159.536346,542800,10775165.163799163,18289600,-0.055540478465845054,-617558.6236433221,43.52689505646393,-1116.4311809121198,153.80303951893342,-28593.20917544053,860.6671160059183,167.28708689843972,3.080909076290986,166.4075006,173.14124803542174,159.67375316457824,8.093081635313917,0.2915354988493012,0.0,0.0,168.27933146666666,171.07032866666665,165.48833426666664,3.3171004135500226,-0.3382891725342162,0.0,1.0,159.199997,172.789993,165.99499500000002,8.166696784099175,0.3237682336330347,1.9574632933163507,0.6967695038069621,1.1123885964853593,-0.41561909267839714,168.25416575,165.91307784615387,167.0719825919416,166.37521308813464,12.013391366450135,22.076597638733165,30.46762322299138,0.980931504640603,0.9623465482467285,0.018584956393874474,0.09911888160424216,24.198372738809688,-64.71646983928653,2.442505400000016,24.296506370195655,19.680035576971836,4.616470793223819,167.6449965,165.99499500000002,166.81999575,163.68,161.65750100000002,164.0299985,80.0,20.0,60.0,,172.3311615728,0.0,0.0,28.25491539304107,43.785621637870506,0.0,0.09836229808263404,0.3877592116726594,5.913016354701059,43.11269041939088,18.31122666666665,33.63528643752145,-81.68877333333336,3.17038077647058,167.3238423259575,-3.028866568655873,-3.378019894063199,-17.834682489750083,14.456662595686884,-0.45027991846854354,-0.45129673197950027,17.494972798945252
329,2019-09-24,164.350006,164.910004,161.580002,162.369995,158.336884,570400,10475402.843416167,17719200,-0.07860440681065534,-629564.2880371348,38.09313880263105,-265.62603961921246,123.99512838294133,-6732.617249947392,860.6671160059183,167.14751820421787,3.105818368661885,166.49100049999998,172.9764177121809,160.00558328781906,7.79071204173696,0.18228678547773944,0.0,0.0,167.93999839999998,170.75699509999998,165.12300169999997,3.35476566254392,-0.4886421592187137,0.0,1.0,160.380005,172.789993,166.584999,7.453849134626349,0.1603539020343918,2.377027671334148,0.2700696186977325,0.9439248009278339,-0.6738551822301014,167.71416483333334,165.85038534615387,166.34859988548905,166.07853026679132,12.545150783252703,20.39639756882288,30.25147172769993,0.9392447208134713,0.9542575904015675,-0.015012869588096223,0.08790907010856643,24.37600845422434,-87.60043193138416,1.4389925000000119,23.93467578552589,21.738817928573447,2.1958578569524434,167.1849975,165.99499500000002,166.58999625,163.68,161.96749875,164.2050015,76.0,16.0,60.0,,171.741291878432,0.0,0.0,14.127457696520535,41.46285864609117,0.0,0.0036489196734600673,0.15752336582500995,2.5406972372052183,39.8330361085597,7.047222428635145,19.089385876690795,-92.95277757136486,1.3514707676470437,167.07248248574675,-3.8377321704092915,-3.9634287477115837,-15.060431741342384,11.0970029936308,-0.7518404369740828,-0.7546810038306262,16.611598082031097
330,2019-09-25,162.210007,164.580002,161.809998,164.169998,160.092194,320200,10700813.607877154,18039400,-0.08091874570067852,-457289.2525175439,35.96743363971257,-43.25687383259561,-117.11723030720255,-738.8213214390871,870.2083085816279,166.97267634325323,3.072236931795697,166.56900034999998,172.9015574643775,160.23644323562246,7.603524186458892,0.3105818623764749,0.0,0.0,167.61199853333332,170.43999533333331,164.78400173333335,3.3744562737107042,-0.10855806720385375,0.0,1.0,160.380005,172.789993,166.584999,7.450358694549253,0.3053986031251587,2.6391905054151152,0.07627285835633302,0.7703944124135338,-0.6941215540572008,167.40083191666668,165.79730823076923,166.0134303646446,165.93715750628826,13.038927384569373,19.094553556322424,28.32060637732885,0.9042064015499256,1.0828685015639268,-0.17866210001400118,0.07534599987623151,24.54737332912223,-76.77143511195487,-0.33900434999998197,23.503066219929433,23.370965517300768,0.1321007026286658,167.1849975,165.99499500000002,166.58999625,163.68,161.8125,164.2050015,72.0,12.0,60.0,,170.92838868815744,0.0,0.0,7.063728848260268,45.97916686201208,0.21706255142022032,0.07235418380674018,0.058121800520944726,0.9530189533181089,40.181623653792556,23.104353964244794,16.15426768651554,-76.8956460357552,-0.059293855882373236,166.9478413724883,-2.2390252823984835,-7.702641870817471,-13.588873767237404,5.8862318964199325,1.108581052798585,1.1024813318775806,17.904332163734125
331,2019-09-26,164.029999,164.529999,163.229996,163.850006,159.780151,273200,10688207.978813224,17766200,-0.11037207907728949,-404451.04707217996,34.36615127766581,325.951246336931,-149.17921321331025,3017.1686705200837,868.5121418004135,166.7365259476185,2.8950135386161273,166.62000055,172.8468327982671,160.39316830173289,7.474291474868323,0.27757594555635773,0.0,0.0,167.1036657,169.8506627,164.35666870000003,3.2877758707360054,-0.09222119645562497,0.0,1.0,160.380005,172.789993,166.584999,7.448078237327794,0.27961356610497906,2.897797268280106,-0.10195784400070806,0.5959239611306855,-0.6978818051313935,167.20249941666665,165.7619236923077,165.68059584700694,165.78255369100765,13.497434228649137,18.497827704693012,27.435556202716242,0.8464672140951834,1.1037998734506185,-0.25733265935543503,0.061897495392363396,24.671179521544637,-72.1662929576137,1.05999245000001,20.483412487822935,24.25049375908638,-3.767081271263443,167.1849975,165.99499500000002,166.58999625,163.68,162.54500174999998,164.2050015,68.0,8.0,60.0,,170.18051775310485,0.0,0.0,3.531864424130134,45.3099054369314,0.18489654645558298,0.13398636595860117,0.06999648981293377,-0.5375168881489278,39.87286506665634,20.249828924929552,16.80046843926984,-79.75017107507044,-1.1274706823529357,166.62909634858121,-1.431745206803706,-11.501440121670743,-13.171387038124072,1.6699469164533287,-0.19491502948059125,-0.1951052360251282,17.674518899938274
332,2019-09-27,165.029999,166.300003,163.809998,164.539993,160.452988,294900,10566219.700275632,18061100,-0.1426255593555481,-317604.1594475828,38.8638583960728,992.1204967836572,-37.75139610510063,709.342361301561,868.5121418004135,166.59100865454013,2.854512684754514,166.58099984999998,172.84954396049807,160.3124557395019,7.526121365753208,0.33720248162712535,0.0,0.0,166.50599876666666,169.28799636666665,163.72400116666668,3.341618464928146,0.14665573998578094,0.0,0.0,160.380005,172.789993,166.584999,7.449822015220662,0.33521289464582876,3.092279569528172,-0.18539367241146465,0.43966043442225544,-0.6250541068337201,166.94083275,165.71115415384614,165.50511848592896,165.69051215834043,13.149189982256496,21.68239254396316,25.774098188590948,0.8949932856217316,1.055198826084574,-0.1602055404628423,0.04913155397724986,24.778139029831237,-45.31725350275225,2.92899515000002,16.576636785382586,24.090280942882018,-7.5136441574994315,167.1849975,165.99499500000002,166.58999625,163.68,162.78250125,164.2050015,64.0,4.0,60.0,,169.49247649285647,0.0,0.0,1.765932212065067,47.09801105413107,0.2708363780441242,0.2242651586399759,0.1435352361351057,-1.298036360975274,36.11099548523868,26.40493645356184,23.253039780912072,-73.59506354643815,-1.465146797058793,166.34768050495518,-1.872614581991297,-14.336204400397731,-13.404350510578805,-0.9318538898189264,0.4211089256841438,0.4202247434255568,18.170056802281785
333,2019-09-30,164.520004,165.5,163.149994,163.880005,159.809402,323200,10443818.80904387,17737900,-0.1323056580855599,-302704.7254693566,39.70933429457362,-530.7897911574961,4.670003187856797,-54.54050791761256,868.5121418004135,166.4947213271369,2.8040620162790635,166.53949975,172.8677465861352,160.2112529138648,7.599694781880366,0.2898711271173959,0.0,0.0,165.79899903333333,168.55699763333334,163.04100043333332,3.326918275840159,0.15210387827366656,0.0,0.0,160.380005,172.789993,166.584999,7.451678441828631,0.2820308931805575,3.28800118321701,-0.30129949042660087,0.2914684494524842,-0.592767939879085,166.47166691666666,165.673462,165.25510102655528,165.55640051698188,13.055216553225039,20.425217566324747,25.90809933760222,0.9249277936062459,1.0363588600092384,-0.1114310664029925,0.0364972708957656,24.73033701940888,-60.948459253024474,4.340505250000007,12.457338059211938,22.76548149951625,-10.308143440304313,166.2649995,165.99499500000002,166.12999725,163.68,163.02250275,164.2050015,60.0,4.0,56.0,,168.85947853342796,0.0,0.0,0.8829661060325334,45.563461156349845,0.19708292717914355,0.2176052838929503,0.19195226949717573,-2.3615911553657645,39.51630290201981,20.517438417211963,22.390734598567793,-79.48256158278804,-1.4020584294117384,165.8930195913873,-3.321332172772462,-16.178893493493703,-13.959259107161786,-2.219634386331917,-0.40111099311885834,-0.4019176009137482,17.696063713873045
334,2019-10-01,164.789993,165.509995,159.279999,159.529999,155.567444,262100,10202754.135551302,17475800,-0.13531537228466484,-422337.8464880202,34.66917170682812,-4587.5209004196695,-320.86029254789247,-8253.533381787782,845.4584872200109,166.2813154537111,3.146655414651157,166.45299995,173.1064776293231,159.79952227067687,7.994422066675545,-0.020254315387159324,0.0,1.0,164.7903326,167.929331,161.6513342,3.8096875593052735,-0.33790001294680655,0.0,1.0,159.279999,172.789993,166.034996,8.116401629323718,0.01850481946920183,3.7778985188997125,-0.7356843052199338,0.08603789851800059,-0.8217222037379344,165.52583308333334,165.63423107692307,164.37431609939293,165.11000040461286,14.111753244810798,17.524315489878333,31.05093424463165,0.8349279630158739,1.0270335969243247,-0.1921056339084508,0.0192933096613974,24.86571063881636,-129.50214996833085,5.076999050000012,6.830849968911568,20.277070065557627,-13.446220096646059,165.114998,165.99499500000002,165.55499650000002,163.68,163.010002,164.2050015,56.00000000000001,100.0,-43.99999999999999,,168.27712041075372,0.0,0.0,0.4414830530162667,37.005293333576596,0.0,0.15597310174108933,0.1992811814246718,-6.071548533692838,34.63778410198039,1.8504819469201828,16.25761893923134,-98.14951805307982,-1.5239713499999823,164.37202799781073,-6.64209133186765,-18.664803182285652,-14.900367922186561,-3.7644352600990914,-2.6543848348064225,-2.6902497144306814,14.571957247487898
335,2019-10-02,158.139999,158.419998,155.320007,156.75,152.856476,410400,10170980.47814391,17065400,-0.1544906469150949,-524991.2383611604,29.285753020502113,-4173.351175694311,-718.6433717300375,-14108.848266969697,845.4584872200109,165.57724317437427,3.252989073186041,166.1424996,173.90604035252014,158.37895884747988,9.345640966292683,-0.10491081965088556,0.0,1.0,163.5003327,166.7193314,160.28133400000002,3.9376050762005406,-0.5485143563431745,0.0,1.0,155.320007,172.789993,164.055,10.51506149363363,0.08185427280823211,4.424448998168731,-1.2893967235882826,-0.18904902590325606,-1.1003476976850266,164.2941665,165.48230811538463,163.201344391794,164.4907411153823,15.952305820159493,15.882708718032415,36.953531470297136,0.7075170288240242,1.208428213790905,-0.5009111849668808,-0.0035457880170706815,25.00869684291452,-214.79140064815067,5.277498399999985,0.167714637679435,17.131432280155725,-16.96371764247629,161.7350005,164.055,162.89500025,163.68,162.78750225,164.2050015,52.0,100.0,-48.0,,167.37740826967834,0.0,0.0,0.22074152650813336,32.76916651080853,0.0,0.06569430905971459,0.1464242315645847,-10.715036234209965,33.275292301440466,8.18542728082321,10.18444921498513,-91.81457271917678,-2.6426473647058515,162.42211703388105,-8.616567997531442,-17.994126554443945,-15.51911964863804,-2.4750069058059054,-1.7426183272275964,-1.7579806531462516,12.575405322629795
336,2019-10-03,156.160004,157.699997,154.630005,157.509995,153.59761,314200,10446288.762204586,17379600,-0.18479116867398745,-415879.5715952802,23.667406018502433,-688.8443555022192,-851.2964870003656,-5628.321697876663,849.5576529169472,164.84853509950838,3.2346893658674354,165.582499,174.10328362420182,157.0617143757982,10.291890357569503,0.026305125875881005,0.0,0.0,162.35499936666668,165.44399776666666,159.2660009666667,3.8052396440514986,-0.2842354930754744,0.0,1.0,154.630005,172.789993,163.709999,10.967335382466958,0.158589862504314,4.9343300523036016,-1.6478966328673152,-0.48081854729606793,-1.1670780855712473,163.13499958333333,165.28615403846155,162.32575217767186,163.97364881053917,17.791695750610568,14.7943673745944,35.96145703030189,0.6539495193073194,1.2744614914099919,-0.6205119721026725,-0.02828169211034647,25.125067916791732,-181.08810788028745,4.827504999999974,-5.833544862041157,13.601850605846474,-19.43539546788763,160.46500400000002,163.709999,162.08750150000003,163.68,162.78750225,164.2050015,48.0,96.0,-48.0,,165.93052011731695,0.0,0.0,0.11037076325406668,34.96110828448083,0.07430267066653802,0.02476755688884608,0.0821449892298833,-13.793846848846067,40.156518719256255,15.858986250431402,8.631631826058275,-84.14101374956859,-4.027117282352947,161.56904807458153,-8.114574240048695,-19.027064178109985,-16.22070855453243,-2.8063556235775557,0.48484529505581353,0.4836737056597151,13.121221878726598
337,2019-10-04,157.479996,158.699997,156.949997,158.539993,154.60202,311100,10700500.482890304,17690700,-0.1577634241855838,-310692.15025309706,23.027438381187054,933.7810993249717,-798.4238817858538,3557.7461034142825,855.1131269260039,164.20985367506557,3.086220429280692,165.06699835,173.97344908440763,156.16054761559238,10.791316039470015,0.13357988807007584,0.0,0.0,161.60166583333336,164.48066513333333,158.72266653333332,3.563081215968699,-0.03172517849054608,0.0,1.0,154.630005,172.789993,163.709999,11.001586132616554,0.21530785152501195,5.327304674165709,-1.827828098737001,-0.7502204575842546,-1.0776076411527464,162.145832,165.1211536923077,161.74332768879927,163.57115578753627,19.042022817222712,16.503866780255574,34.509785677759744,0.6996794668505156,1.2678407769300672,-0.5681613100795516,-0.05197215568862082,25.17216352711384,-132.95559857764414,1.6029996499999868,-10.443958090260749,9.741798999129097,-20.185757089389845,160.46500400000002,163.709999,162.08750150000003,163.68,162.78750225,164.2050015,44.0,92.0,-48.0,,164.34844800089257,0.0,0.0,0.05518538162703334,37.91540882150684,0.17626901498410827,0.08352389521688218,0.057995253721814244,-15.453682271551274,39.46470937909538,21.530785152501196,15.191732894585279,-78.4692148474988,-5.306353114705871,161.28221228736885,-6.96555995621007,-19.80787958730175,-16.938142761086294,-2.869736826215455,0.6539254858080712,0.6517966686486076,13.860950378449077
338,2019-10-07,157.869995,157.949997,155.880005,156.139999,152.261658,556800,10283570.259391844,17133900,-0.1940184732747156,-457209.9372455134,17.220691013763812,-338.3053951206844,-846.339414678457,-6394.530952305483,855.1131269260039,163.2385758090383,3.0435971863526228,164.47749864999997,174.08133855417503,154.8736587458249,11.677998489764924,0.06592885068942908,0.0,0.0,160.90066586666666,163.74666496666663,158.05466676666666,3.5375852357980624,-0.3363788426121914,0.0,1.0,154.630005,172.789993,163.709999,11.041016643038546,0.08314950428381218,5.778290339723517,-2.139422607908557,-1.028060887649115,-1.111361720259442,161.26833208333335,164.76807646153844,160.8812771212917,163.02069972920026,20.431924218410867,15.480917645347455,34.86405588936822,0.6508188439930603,1.2788900108441867,-0.6280711668511264,-0.07669571379031048,25.095199225008308,-138.77955380463112,-0.1375026499999592,-17.352509667077047,5.1543339488398825,-22.506843615916928,160.46500400000002,163.709999,162.08750150000003,163.68,162.78750225,164.2050015,40.0,100.0,-60.0,,162.98786598076762,0.0,0.0,0.02759269081351667,34.03589603477927,0.048100857035531484,0.099557514228726,0.06928298877815138,-18.118879138764672,36.38758808945063,9.252418751185534,15.547396718039385,-90.74758124881447,-6.545411299999984,160.67044753742158,-6.317873118352113,-15.667246922408173,-16.68396359335067,1.016716670942495,-1.5138098309364856,-1.5253848968477257,12.137312118022404
339,2019-10-08,154.309998,154.350006,152.070007,152.309998,148.526779,590400,9817460.389694534,16543500,-0.2356024622287583,-714927.4591247241,16.873821838398086,-1430.789931403372,-857.4082457162428,-22910.97719707677,855.1131269260039,162.0238427833366,3.146236667717359,163.78149875,174.7035609400365,152.85943655996348,13.337357727698182,-0.02515269325534027,0.0,1.0,159.89633286666668,162.63733166666665,157.15533406666665,3.4284698727714362,-0.8838632229001062,0.0,1.0,152.070007,172.789993,162.43,12.650993035316821,0.011582585046148357,6.217757415906777,-2.6646956209870325,-1.3553878343166987,-1.3093077866703338,160.26583225,164.29115303846154,159.56261879493914,162.22731441592617,22.423633008595235,14.04632198977238,40.30814161588345,0.6682273964123938,1.2831662949086247,-0.6149388984962308,-0.10545289552131461,24.963816469491533,-172.0361651434846,-0.18149274999998966,-26.97238834931835,-0.45404989218764885,-26.518338457130703,159.185005,162.43,160.8075025,162.43,162.95750025,164.2050015,36.0,100.0,-64.0,,161.81776544346016,0.0,0.0,0.013796345406758335,28.945855418858798,0.0,0.07478995733987999,0.08595712226182935,-22.242556259684505,32.096371716484576,1.27113944445947,10.684781116048741,-98.72886055554054,-8.045350811764678,159.39982636681555,-7.320188811492977,-11.693578755541001,-15.685886625788736,3.9923078702477355,-2.4529275166704556,-2.483512979133806,9.386665132624783
340,2019-10-09,153.910004,155.029999,152.789993,153.869995,150.048019,398600,9803224.357648185,16942100,-0.27927731145020335,-523964.27864976466,22.593606483632257,393.3719718858499,-789.4636573590471,-10399.523409974405,863.871408917874,161.14328640852136,3.103613100945623,163.09099885,174.66649935188858,151.51549834811144,14.195143304671188,0.10170172129941213,0.0,0.0,158.93399916666667,161.62199816666666,156.24600016666665,3.3825349064314754,-0.44196541119744726,0.0,1.0,152.070007,172.789993,162.43,12.704555215249394,0.08687206641934914,6.410211083689684,-2.9214231996555213,-1.6685949073844633,-1.252828292271058,159.45499800000002,164.00692226923076,158.68683051879464,161.60825371845016,23.957772006817976,14.731182559151579,37.78788051706174,0.6995369394503691,1.2766208890071813,-0.5770839495568122,-0.1336789565548198,24.900356944020057,-133.50710024776475,-0.7210038500000167,-35.481783308717425,-6.672404980692133,-28.809378328025293,159.185005,162.43,160.8075025,162.43,162.95750025,164.2050015,32.0,96.0,-64.0,,160.25812409250653,0.0,0.0,0.006898172703379168,33.31996290943128,0.24096903852416066,0.09635663185323078,0.09023470114061222,-24.180679486759765,34.91926885059454,11.19396427372725,7.239174156457428,-88.80603572627274,-8.274410817647038,158.5063737839531,-5.947439268431333,-11.804606682653235,-14.909630637161637,3.105023954508402,1.0242249494350153,1.0190153078024622,10.507030648268078
341,2019-10-10,154.0,157.350006,154.0,156.070007,152.19339,308700,9876022.874904571,17250800,-0.302433362254414,-352091.70964265475,34.88026644322285,1915.3819371694212,-615.3077780114892,8496.31073923083,876.2229233640546,159.32158537054957,3.141252890851063,162.41899945,173.98636916362256,150.85162973637745,14.243862790428677,0.22556455757945673,0.0,0.0,158.12766623333334,161.02066553333333,155.23466693333333,3.6590678518344624,0.1443726700291069,0.0,0.0,152.070007,172.789993,162.43,12.757119592020738,0.19305032348960077,6.459763399674131,-2.9137709356532753,-1.9176301130382258,-0.9961408226150494,158.929999,163.74192226923077,158.2842422851339,161.19801322078717,24.369100952714653,18.85048607660398,34.79070468411384,0.7753911710361053,1.1564324116286187,-0.3810412405925133,-0.15752298943915785,24.803128592272905,-93.1934832940264,1.7509985499999914,-41.43411475049975,-13.118044040234615,-28.316070710265137,158.79000100000002,162.43,160.6100005,162.43,162.95750025,164.2050015,28.000000000000004,92.0,-64.0,,158.9480253577055,0.0,0.0,0.003449086351689584,39.02114930993567,0.5550466894135216,0.2653385759792275,0.14549505505744606,-23.931156737041277,44.12518383582913,28.109635448948826,13.524913055711858,-71.89036455105118,-8.079616255882343,158.29327393516013,-3.880019827554953,-13.422709268545596,-14.612246363438429,1.1895370948928328,1.429786229602481,1.4196611831807537,12.087044955219595
342,2019-10-11,157.929993,162.160004,157.929993,159.440002,155.479691,393400,9763490.958037216,17644200,-0.3158798735561789,-112399.17497941901,43.376810237211494,4698.812667755567,-199.93321739236868,12908.374128314888,876.2229233640546,158.9174156487036,3.436127301765955,161.84699930000002,172.7992806871462,150.89471791285385,13.534117326259468,0.39011434171035214,0.0,0.0,157.6236664,160.6906663,154.5566665,3.891547468787973,0.7961094977538129,0.0,0.0,152.070007,172.789993,162.43,12.802205842317402,0.3556949797166845,6.394382499014747,-2.605738695359122,-2.055251829502405,-0.5504868658567168,158.53583266666666,163.3853836153846,158.4620514720364,161.06779016739551,23.079637869307184,26.67003028413851,30.266492829287532,0.8763975847027825,0.9557177023408145,-0.07932011763803204,-0.17314077126711172,24.897322744573323,-31.833371582525153,2.003006699999986,-44.63936548189131,-19.46212221146831,-25.177243270423002,158.79000100000002,162.43,160.6100005,162.43,163.28499975,164.2050015,24.0,88.0,-64.0,152.070007,,1.0,0.0,4.440783264533307,46.55877706164278,0.9702936663103261,0.5887697980826695,0.31682166863837585,-21.124279627503,47.47274438753185,51.791968177643824,30.365189300106646,-48.208031822356176,-7.5667925441176465,158.33840550889542,-2.8811573720065464,-13.061548602585384,-14.302106811267821,1.2405582086824367,2.1592841986609157,2.1363019042312636,14.507322805683609
343,2019-10-14,158.610001,158.729996,157.059998,157.309998,153.402573,363400,9508893.483549224,17280800,-0.3544000503897488,-206919.7862109298,45.2830391960401,-988.029225370656,-251.53344494604318,3639.8608420323762,864.5172139545859,158.38144379906652,3.330514971589358,161.13599925,171.2994220405775,150.9725764594225,12.61471407740378,0.31177594749147536,0.0,0.0,156.9759995,159.9749986,153.9770004,3.8209651278570034,0.5556849950371788,0.0,0.0,152.070007,172.789993,162.43,12.858694578765897,0.2528954894081493,6.342735530657351,-2.50462271569441,-2.1451260067408064,-0.3594967089536034,157.990832,162.94153715384616,158.2848124763385,160.7894351920329,22.109427613934333,25.286122243137278,30.59276979491407,0.8593375627394796,1.0147026581594005,-0.15536509541992094,-0.18477428303833215,24.900213097331825,-55.65936132108579,3.403993750000012,-48.673200157529024,-25.629238892183928,-23.043961265345096,157.1150055,162.43,159.77250275,162.43,163.47249975,164.2050015,20.0,84.0,-64.0,152.27180694,,0.0,0.0,6.48007656906253,42.94544093501582,0.7712354277611961,0.7655252611616813,0.5398778784078594,-20.02015131099932,41.496093835875456,36.82355919144322,38.908387606011964,-63.17644080855678,-7.280793197058813,158.28560567360657,-3.991460335985584,-13.215144248815951,-14.084714298777449,0.8695700499614976,-1.3359282321132815,-1.3449320327779013,12.97758715248538
344,2019-10-15,156.929993,159.149994,156.529999,158.520004,155.075424,294400,9661713.781297885,17575200,-0.3349721796541225,-126470.42155222587,44.887245364532646,-48.947362431220775,-251.93990841737354,-2590.2805120786397,871.166956687329,158.0403045660739,3.2594629744304213,160.49099955,169.5379672486068,151.4440318513932,11.274112223082366,0.39106871961621337,0.0,0.0,156.6386663,159.2766653,154.0006673,3.3682602927014242,0.8565842329735546,0.0,0.0,152.070007,170.949997,161.510002,11.763893335412897,0.3416313779827213,6.314377694456898,-2.30033339013724,-2.1761674834200933,-0.12416590671714678,157.48916625,162.5796145,158.32099578767102,160.62132917780826,21.349346030110745,23.820754281330135,29.992174565303642,0.842140382178047,0.9982386606846296,-0.15609827850658264,-0.19145455246514076,24.880056266731856,-43.3094893058183,3.3890054500000133,-50.129468519838284,-31.21781479857479,-18.911653721263495,157.1150055,162.43,159.77250275,162.43,163.5625,164.2050015,16.0,80.0,-64.0,152.4695708812,,0.0,0.0,7.136704847809648,45.53153162234739,0.9137028426122688,0.8850773122279304,0.7464574571574271,-18.28711669793458,41.02954651420693,45.32676607920337,44.64743114943014,-54.67323392079663,-6.228471505882368,158.28763773691344,-3.658678288627379,-14.572313403946927,-14.182234119811346,-0.3900792841355809,0.76918569409683,0.7662425434979525,13.846594590398077
345,2019-10-16,158.009995,158.910004,157.0,157.399994,153.979767,344700,9461388.276639255,17230500,-0.3964128369874174,-163555.7109019083,38.86308075225677,63.7252582019116,-270.6703361413035,-170.96670629764367,871.166956687329,157.71398842157186,3.124517076987378,159.84049905,167.73914160070686,151.94185649929315,9.883155517721532,0.34551110938792823,0.0,0.0,156.73266606666667,159.25166636666668,154.21366576666668,3.214390928472483,0.632458883258829,0.0,0.0,152.070007,170.949997,161.510002,11.811768677032287,0.28230878300253287,6.307493367172071,-2.2034085522774944,-2.1816156971915737,-0.02179285508592077,156.94916533333333,162.23999903846152,158.1793032049524,160.38271175722988,20.64355598798884,22.78414363158843,28.687001471449364,0.8235937215097389,1.0023894642759261,-0.17879574276618726,-0.1954931903635106,24.82719713937367,-42.1371176499817,-0.3105000500000017,-50.78348814612821,-36.21225294125113,-14.571235204877077,157.1150055,162.43,159.77250275,162.43,163.5625,164.2050015,12.0,76.0,-64.0,152.663379543576,,0.0,0.0,6.721416834978021,43.563226186389784,0.8052691405491981,0.8300691369742211,0.8268905701212775,-17.49062390268971,41.75795832054626,37.45599787940902,39.868774383351884,-62.54400212059098,-5.301970232352943,158.28130348435138,-3.9541193570259034,-14.563172656970739,-14.258421827243225,-0.30475082972751366,-0.7065417434634957,-0.709049569178255,13.042220876105247
346,2019-10-17,158.320007,160.5,158.320007,159.610001,156.141754,266800,9510341.950343713,17497300,-0.34868169045852204,-55957.77111592067,38.40377493817542,1188.8654741340006,-256.6171234734218,1310.6109030155435,883.3987555808392,157.3940405882021,3.1220659692886406,159.4874992,166.7381773238749,152.2368210761251,9.092472024760303,0.5084476098584929,0.0,0.0,157.01899976666667,159.44900016666665,154.58899936666666,3.095167341036468,1.033127738031105,1.0,0.0,152.070007,168.149994,160.1100005,10.082286750158026,0.46890547859273846,6.251658176077572,-1.9260633653243246,-2.130505230818124,0.2044418654937994,156.95583216666665,161.92961473076923,158.39941055803666,160.325473923361,19.427213734898334,24.799124621701583,26.659222663197557,0.822041405503055,0.9864918907347816,-0.16445048523172656,-0.1945758842409011,24.801299960296276,-4.27931059443462,-2.737499200000002,-50.41550039324516,-40.65353541936051,-9.761964973884652,157.1150055,162.43,159.77250275,162.43,163.87249774999998,164.2050015,8.0,72.0,-64.0,152.85331203270448,,0.0,0.0,53.36070841748901,48.31144831809817,1.0,0.9063239943871557,0.8738234811964357,-15.301276885325949,48.783797453456664,56.101195923686895,46.29465329409977,-43.898804076313105,-4.3967349264706,158.3019183951851,0.050148561713466475,-16.043718098365208,-14.615481081467623,-1.4282370168975849,1.404070574488081,1.3943048095877764,14.629413436174477
347,2019-10-18,159.089996,160.960007,158.919998,160.339996,156.855881,371700,9656103.644483306,17869000,-0.15500318112770203,-9201.069313646156,45.39959289983194,290.88047618804876,-197.9263900915972,5446.0736991623135,883.3987555808392,157.16340233968933,3.0138602723597763,159.2874992,166.2047485359744,152.37024986402562,8.685238164595892,0.5760776971365122,0.0,0.0,157.22000023333334,159.67900153333332,154.76099893333335,3.1281023996317643,1.1344030331880464,1.0,0.0,152.070007,166.300003,159.185005,8.933529668974801,0.5811659398920428,6.136977431449482,-1.6285874682490942,-2.030121678304318,0.4015342100552237,157.2549985,161.57692246153846,158.69796216449257,160.32654963274166,18.13877784183138,24.691795630278797,25.387452085175745,0.8480467736802949,0.9592050824447667,-0.11115830876447175,-0.18911203748948768,24.783749934651663,14.823529923322054,-1.7775042000000099,-49.714257846400066,-44.24928521706307,-5.464972629336998,157.1150055,162.43,159.77250275,162.43,163.91249875,164.2050015,4.0,68.0,-64.0,153.03944587205038,,0.0,0.0,76.6803542087445,49.813438887871264,1.0,0.9350897135163995,0.8904942816259255,-13.066575033978713,49.97012830601401,61.532711189920775,51.69663499767224,-38.467288810079225,-4.24949902352941,158.32968699897012,2.2902685805422736,-14.908265093827982,-14.674037883939695,-0.23422720988828694,0.45736169126395776,0.45631897080786743,15.153684460152107
348,2019-10-21,161.229996,161.710007,159.119995,159.339996,155.877609,316300,9393538.0027025,17552700,-0.18965629742297885,-53072.345125982414,44.941308761248905,388.9509373955093,157.5358840380584,-272.6696913063015,877.8892209817436,157.12414260578018,2.9714754451237986,159.0744987,165.70381764894418,152.4451797510558,8.334860713842613,0.5200244777815605,0.0,0.0,157.56000013333332,160.07100343333335,155.04899683333335,3.187361383441345,0.8544391731119325,0.0,0.0,152.070007,166.300003,159.185005,8.945491650950588,0.5108918512696707,5.84759895415371,-1.456734985147449,-1.9154443396729441,0.4587093545254952,157.40749858333334,161.13307596153848,158.79673660072447,160.25347158587192,17.00713864732271,24.95298425757842,23.832942739741373,0.9304287001338462,0.9383922976065373,-0.007963597472691153,-0.1816492343714137,24.7800480030532,19.681623920884917,-0.5345056999999827,-47.832440117797006,-46.56706874689402,-1.265371370902983,157.4749985,162.43,159.95249925000002,162.43,165.755001,163.9400025,4.0,64.0,-60.0,153.22185703460937,,0.0,0.0,88.34017710437226,47.765793998454754,0.9018743644918358,0.9672914548306121,0.9362350542447224,-11.811484204057427,46.484272601098596,72.05144857823072,63.22845189727948,-27.94855142176928,-3.692556958823559,158.35687515470119,1.161831666619004,-15.032378323854806,-14.74570597192272,-0.2866723519320864,-0.6236747068398385,-0.625627681914942,14.435500056179995
349,2019-10-22,158.919998,160.520004,158.229996,159.139999,155.681946,323800,9327081.183512347,17228900,-0.16315326995209317,-54741.8713365575,45.64993365296386,-735.5190271797333,403.09532321767114,-2379.103520890471,877.8892209817436,157.28404378040986,2.903328700611419,158.9129989,165.3684105731954,152.45758722680458,8.124460198825703,0.5175821552127002,0.0,0.0,158.1986664,160.71067060000001,155.6866622,3.175759008800351,0.6873668443707177,0.0,0.0,152.070007,166.300003,159.185005,8.954582758176116,0.49683724436746046,5.378772161705548,-1.3214459344535499,-1.7966446586290654,0.47519872417551556,157.45749908333332,160.6565375,158.84954620061302,160.17099213506657,15.952668704971101,23.57828906192019,24.66104970086031,0.9874906361951903,0.818002880989581,0.16948775520560933,-0.17304591718259094,24.776977975563227,6.349409360395317,-2.772999900000002,-42.83600686915946,-47.38420469805425,4.548197828894786,158.08000199999998,162.43,160.255001,162.43,166.37999349999998,163.9400025,4.0,60.0,-56.0,153.40061997391717,,0.0,0.0,94.17008855218614,47.34660954544207,0.8817865352692928,0.927886966587043,0.9434227116446848,-10.905404995868102,44.37037818207448,70.06931716629843,67.88449231148331,-29.930682833701564,-3.2946740235294385,158.4400875412516,0.37845718840165404,-14.838535649325932,-14.764271907403362,-0.07426374192256979,-0.125515881147642,-0.1255947183054218,14.291865329938759
350,2019-10-23,159.130005,160.330002,157.850006,158.979996,155.525421,319400,9298745.206196252,16909500,-0.19922819206833367,-54222.31231704879,45.56036696143778,-221.28645585973115,436.49231604927746,-727.5524988198254,877.006571051447,157.43441669362662,2.8609954305502767,158.65349880000002,164.64321235555752,152.66378524444252,7.550685740764136,0.5272548258753575,0.0,0.0,158.71433363333333,161.25033683333334,156.17833043333331,3.1956826355189345,0.5523781607741413,0.0,0.0,152.070007,166.300003,159.185005,8.969229237067413,0.48559317936561586,4.920438430879134,-1.213154798617012,-1.6799466866266548,0.4667918880096429,157.6941655,160.1780758846154,158.8696154005187,160.08277019913572,15.113168203304667,22.154811438622563,24.09724116895547,0.9950225264928295,0.8021398594022694,0.19288266709056012,-0.16389783307767256,24.79391389209509,6.384850704101816,-6.343500800000015,-38.21402495113098,-47.02641694256883,8.812391991437849,159.3450015,161.510002,160.42750174999998,162.43,167.30499625000002,163.68,4.0,56.00000000000001,-52.00000000000001,153.57580765443882,,0.0,0.0,97.08504427609307,46.991309680320114,0.8647601332592295,0.8828070110067862,0.9259951441414804,-10.251095171892448,46.08752801557588,68.48355851840202,70.20144142097706,-31.516441481597983,-2.8447326235294383,158.48218669241638,1.8188785821626727,-14.644988222913655,-14.740415170505422,0.09542694759176662,-0.10054229043949814,-0.10059286810450985,14.176953670750025
351,2019-10-24,159.820007,159.820007,157.160004,157.830002,154.400406,282500,9158556.650957784,16627000,-0.21707034793884258,-92886.73984318436,39.72485192253788,-564.9549769895729,329.43973916966706,-2364.6175025975713,870.6626767248317,157.4422903395181,2.8408961874952507,158.35249860000002,163.85242187001217,152.85257532998787,6.94643067667029,0.4524996464178984,0.0,0.0,158.96066696666668,161.42766986666666,156.49366406666667,3.1039161411134697,0.27084239206474814,0.0,0.0,152.070007,166.300003,159.185005,8.9862781615749,0.40477839909442026,4.511451078117431,-1.2062236033192448,-1.585202069965173,0.37897846664592816,158.15416583333334,159.69422965384618,158.70967487736198,159.91589848068122,14.591186288420184,20.71054999120578,24.217362917688487,0.9218791197649763,0.843270237891793,0.07860888187318327,-0.15584088406124397,24.710499034007235,-8.53988335725464,-4.48250360000003,-35.53238720375171,-46.01453046721999,10.48214326346828,159.120003,161.510002,160.3150025,162.43,167.4124945,163.68,24.0,52.0,-28.0,153.74749158135003,,0.0,0.0,98.54252213804654,44.41169051624995,0.7411416429869467,0.8292294371718233,0.8799744715885507,-10.376099342541023,40.502823473159324,57.0861914032285,65.213022362643,-42.9138085967715,-2.7232912088235253,158.46860302190572,3.6241901861229096,-15.192081602124174,-14.830748456829173,-0.36133314529500105,-0.7233576732509128,-0.7259865901881213,13.351045915288505
352,2019-10-25,157.759995,159.970001,157.270004,158.720001,155.271088,482200,9194274.673385216,17109200,-0.18964971826355892,-18308.98875130166,49.85695182656763,72.78961219597836,358.8036682637144,675.6269874472796,870.6626767248317,157.64429595062924,2.826806268745725,158.061499,162.78171373240528,153.34128426759472,5.9726306055154925,0.5697533944249656,0.0,0.0,158.8416672,161.1556687,156.5276657,2.913595079666859,0.4737108640595076,0.0,0.0,152.070007,165.509995,158.79000100000002,8.503011856163658,0.4947916620163643,3.926493053302302,-1.1160499704982954,-1.4913716500717975,0.37532167957350215,158.558333,159.38846053846152,158.71126351161396,159.82731348211226,14.039231313831964,19.702433242535033,22.60643648484987,0.9649890645607281,0.835885673328505,0.12910339123222303,-0.14748738034048964,24.603157519090143,15.568779007516461,-1.9914919999999938,-34.5766156509993,-44.448243299827794,9.871627648828493,159.120003,160.1100005,159.61500175,162.43,167.4124945,163.68,20.0,48.0,-28.0,153.91574182972303,,0.0,0.0,99.27126106902327,46.84373294687797,0.8576880765612755,0.821196617602484,0.8444110219270312,-9.830812564803113,43.696037386558274,65.90679858477662,63.82551616880239,-34.093201415223376,-2.7077324588235285,158.4713567374546,3.1520154400472995,-11.013792192108674,-14.067357203885075,3.053565011776401,0.5638972240524787,0.5623132754278615,13.99022931663929
353,2019-10-28,159.740005,160.289993,158.820007,159.360001,155.897171,306200,9113037.581603391,17415400,-0.1843927931496686,12302.009641742075,59.05396689576707,448.86781026617183,493.0649355258247,3953.7898259570065,874.1734133024097,158.34844734025552,2.7011248418711538,157.8354988,161.79053885451393,153.8804587454861,5.011597624848023,0.692729046860104,0.0,0.0,159.0206675,161.3146678,156.7266672,2.8851599431249944,0.5739610844863469,0.0,0.0,152.070007,165.509995,158.79000100000002,8.515187079067918,0.5424107521524578,3.1846051832545585,-0.9816284636385717,-1.3894230127851523,0.40779454914658064,158.83249916666668,159.19692226923078,158.81106927905796,159.79269774269653,13.376542478455127,19.729599038540808,21.70242097355449,1.0660105278185739,0.7675377720988333,0.2984727557197405,-0.13823052825471227,24.48866388507127,62.92625325177574,1.6045031999999821,-32.3639111353745,-42.47429247933182,10.110381343957322,159.3550035,159.185005,159.27000425,162.43,167.26999650000002,163.68,16.0,44.0,-28.0,154.08062707312857,,0.0,0.0,99.63563053451163,48.585726420737146,0.9255637520714878,0.8414644905399035,0.8306301817714035,-8.901773260900548,41.55452512600781,70.11739900838982,64.370129665465,-29.882600991610172,-2.6782621147058876,158.50588115254027,2.1080245097957913,-11.471080869917698,-13.5481019370916,2.0770210671739022,0.4032258039111447,0.4024150274422489,14.449867335181455
354,2019-10-29,158.580002,162.600006,158.580002,162.279999,158.753708,574900,9596409.302377798,17990300,-0.08052495161602412,250359.84400720688,60.68272908041775,723.7293825040882,516.6618934271274,11768.731375343106,874.1734133024097,159.03291339041576,2.8330127576840383,157.9729988,162.32537367503193,153.62062392496807,5.510276956307203,0.9947873659398894,0.0,0.0,159.32933450000002,161.7633357,156.8953333,3.055308311728368,1.1061345614784424,1.0,0.0,152.070007,162.600006,157.33500650000002,6.665695454279116,0.9696099686239282,2.6717040087928394,-0.6321915056870466,-1.2379767113655311,0.6057852056784845,159.06916558333333,159.14615276923075,159.3447507745875,159.97694228027456,13.073570786582595,23.4772081985044,19.546975364191297,1.0518404966206139,0.7463050498474346,0.30553544677317923,-0.12495563978340725,24.485146788127423,134.67619468717606,-0.6630007999999918,-27.534860703653518,-39.891111652390194,12.356250948736676,159.88000499999998,159.185005,159.532505,162.43,166.81999575,163.68,12.0,40.0,-28.0,154.242214611666,,0.0,0.0,99.81781526725581,55.71628227661796,1.0,0.9277506095442546,0.863470572562214,-5.959339931617571,47.96396664075763,96.27899096814579,77.43439618710408,-3.7210090318542064,-2.265555535294112,158.78094964411875,1.7812324161912714,-5.9521681924125875,-12.028915188155798,6.0767469957432105,1.8323280507509532,1.815743206466891,16.54696435841123
355,2019-10-30,160.539993,163.820007,155.800003,156.240005,152.844971,758700,8920958.517066468,17231600,-0.15866847263047884,-440054.911965252,49.982237391638265,-824.5149729795743,320.9549712736277,-17704.444163164662,874.1734133024097,159.15937075372952,3.3517118819156346,157.94749904999998,162.33407794396922,153.56092015603073,5.554477177990169,0.30537292372109426,0.0,0.0,159.41433506666667,162.45933626666664,156.36933386666666,3.8202351108845707,-0.021236258735574366,0.0,1.0,152.070007,163.820007,157.945007,7.4391807851800245,0.35489344680851,2.4969472295565036,-0.8330345328681972,-1.1569882756660643,0.32395374279786715,158.9799995,158.91038392307695,158.86709757849712,159.70013211136532,12.630806066792958,19.34854089749952,22.20531207065629,0.9597479929798115,0.7998643625861195,0.15988363039369202,-0.11661718596456581,24.804346098506006,24.003955052518386,0.5725049500000239,-25.108571961851194,-37.079230715568634,11.97065875371744,159.810005,159.185005,159.497505,162.43,166.58999625,163.68,8.0,36.0,-28.0,154.57652626719934,,0.0,0.0,94.54152360376281,42.56585925620571,0.0,0.6418545840238293,0.8036898947026625,-7.465204132387113,39.413289183108226,5.486306490620112,57.29423215571859,-94.51369350937989,-1.8608203205882319,158.7511273733236,-0.6801811795840279,1.620329654106844,-9.29906621970327,10.919395873810114,-3.7219583665390576,-3.792991360558595,12.20913486752604
356,2019-10-31,155.369995,155.740005,154.360001,155.529999,152.150406,551600,9304675.946291314,16680000,-0.1406689358658963,-433138.39734164404,41.56394569145043,-1190.8668963031055,-99.73642615913458,-30745.150053882306,870.2008816291984,158.71889587050833,3.2045410937240697,157.84849925,162.35776192709181,153.3392365729082,5.713405827128016,0.2429180316131766,0.0,0.0,158.9876683,161.95267059999998,156.02266600000002,3.7298519208486063,-0.08308037400173597,0.0,1.0,152.070007,163.820007,157.945007,7.443846508410817,0.29446740425531914,2.6046731444066835,-1.037535565185408,-1.133097733569933,0.09556216838452514,158.73083241666666,158.5780762692308,158.35369779718988,159.3912333623753,12.722825216356403,18.52607894123558,24.517321813577173,0.8589166507989887,1.1040727780733834,-0.24515612727439473,-0.11259339792614187,25.012361747669623,-115.8578150399868,-0.44850525000001085,-24.83079808356753,-34.31440185303168,9.483603769464153,159.09000400000002,159.185005,159.1375045,162.43,166.58999625,163.68,4.0,32.0,-28.0,,163.820007,0.0,1.0,77.89999692870897,41.330927552421365,0.0,0.3333333333333334,0.6343128423004724,-9.056924099632898,40.176445338933185,12.36783570750371,38.044377722089884,-87.63216429249628,-2.08411507058824,158.57376536219135,-1.8862004318395025,3.4079623637179326,-6.75766050301903,10.165622866736964,-0.4544329091643262,-0.455468594363051,11.699219631599412
357,2019-11-01,156.770004,159.039993,156.330002,159.039993,155.584106,505200,9809875.946291314,17185200,-0.10717890376295017,-117940.20217855164,49.358631128731794,1413.462268418353,71.79868054008035,8894.67887869049,889.8395358627987,158.73225462275963,3.2350863843516633,157.87349925,162.40331697712912,153.3436815228709,5.738540982050366,0.6287572503208971,0.0,0.0,158.7940012,161.8260017,155.7620007,3.818784685929319,0.5405659233895265,0.0,0.0,152.070007,163.820007,157.945007,7.442667740830481,0.5931902978723409,2.3853559602841514,-0.9059338832095989,-1.0876649634978663,0.18173108028826745,158.867499,158.39307576923076,158.4592816745453,159.3652155577549,12.099902773063254,24.47005934330752,22.58688241018642,0.9292094704550572,0.9649668031149916,-0.035757332659934415,-0.10716371878192006,25.155582450886925,5.369357450289733,1.7365017500000022,-23.65181008302677,-31.627665182501662,7.975855099474892,159.09000400000002,159.185005,159.1375045,162.43,166.58999625,163.68,4.0,28.000000000000004,-24.000000000000004,,163.820007,0.0,0.0,62.430394586634044,49.18042109113048,0.5456586708637804,0.1818862236212602,0.385691380326141,-7.785777250291814,47.17004659910945,49.47134283001514,22.441828342712995,-50.52865716998486,-1.8764102323529244,158.57940413138374,1.0419307894001684,3.92299036211867,-4.62153032999149,8.54452069211016,2.2567954880524432,2.2317066267337538,14.220042580435145
358,2019-11-04,160.320007,160.919998,159.5,160.199997,156.718918,433300,9803771.900229277,17618500,-0.0586106324256144,-29287.354267330826,50.60815570659626,827.4860558497493,134.40106756014964,14561.72916657392,896.3298368335677,158.87526790032493,3.0995782459164953,158.07649915000002,162.64113785817986,153.51186044182018,5.775227478751818,0.7326030586160812,0.0,0.0,158.8090011,161.7240002,155.894002,3.6710754173996287,0.7385928523957335,0.0,0.0,152.070007,163.820007,157.945007,7.4331099582679485,0.6919140425531908,2.2025284896813333,-0.6999671878358527,-1.0101254083654636,0.31015822052961095,158.91666533333333,158.22615284615387,158.72708403230757,159.42705122014343,12.125029390358318,27.751389708165114,21.605615611144575,1.0076252819247056,0.9397288386298677,0.0678964432948379,-0.09940117522371293,25.190755712027176,84.36577993994476,2.2634968499999957,-20.676176985191997,-29.165461862060834,8.489284876868837,159.09000400000002,158.79000100000002,158.94000250000002,162.43,166.58999625,163.68,84.0,24.0,60.0,,163.63080688,0.0,0.0,53.31065825258442,51.4903486664667,0.7062336180669141,0.4172974296435649,0.3108389955327195,-6.007511394424871,48.788182861188524,61.73353378422793,41.19090410724894,-38.26646621577207,-1.4109988147059198,158.5938188727683,0.36964851594730896,3.040338226751999,-3.089156618642792,6.129494845394792,0.7293788047387562,0.7267317013488928,15.05313936178041
359,2019-11-05,160.389999,161.25,159.419998,160.539993,157.051514,426600,9899346.047579942,18045100,0.010207127279294171,-4383.118857711317,57.12156044285266,53.62171823722478,133.67938613410058,4065.7809846293294,898.2321374884427,159.04976065423818,2.9726206213248467,158.4879989,162.32490542041725,154.65109237958276,4.841889035192107,0.7674021492419442,0.0,0.0,158.9196675,161.788666,156.050669,3.6106273630354826,0.7823852121219312,0.0,0.0,152.789993,163.820007,158.305,6.959526321585724,0.7026283012877412,1.8942653772135738,-0.5034982477243943,-0.9087999762372498,0.4053017285128555,158.93333175,158.09769084615388,159.00599310426026,159.50949135198465,12.250708775399259,27.328071859052045,20.664520764419777,0.9940834412865691,0.9255604062071815,0.06852303507938762,-0.08979288731321351,24.9546253955272,90.28948643015143,0.8519971000000055,-18.36251441171861,-26.959738468792793,8.597224057074182,159.09000400000002,158.79000100000002,158.94000250000002,162.43,166.12999725,163.68,80.0,20.0,60.0,,163.4453907624,0.0,0.0,61.239803568502474,52.17648092131963,0.7539302003207277,0.6686074964171408,0.4225970498939886,-4.387001527999175,49.656563805299946,65.32756955968108,58.8441487246414,-34.67243044031893,-1.1956762852941552,158.61850841620173,0.1247330703438437,2.194572074901379,-2.0324108799339577,4.226982954835337,0.21223221371222678,0.21200731929225114,15.29731918639332
360,2019-11-06,160.059998,160.699997,158.610001,159.660004,156.190659,282900,9900700.992278397,17762200,0.012328358813438326,-39321.085892324925,52.45619715755937,-502.36736656061305,12.877040370199605,-645.3143923425644,893.3085394138101,159.0594981003544,2.8843581591923604,158.77749935,162.0018034285604,155.5531952714396,4.061411839536453,0.6368519575849076,0.0,0.0,158.98000076666668,161.80999926666667,156.1500022666667,3.5601943469022213,0.6201419776959797,0.0,0.0,154.0,163.820007,158.91000350000002,6.184759830707086,0.5763747418917302,1.8136974111655448,-0.4140302718795681,-0.8098460353657135,0.39581576348614544,158.95999908333334,158.10269103846153,159.10661016514328,159.52064043702285,12.030083120463187,25.938472147527165,21.584446307259313,0.9633461818250579,1.0010109952910549,-0.03766481346599693,-0.08025039869094097,24.748065555938517,47.375915946660385,0.3624996499999895,-16.394652938830227,-24.833323550468183,8.438670611637956,159.09000400000002,157.945007,158.51750550000003,162.43,165.55499650000002,163.68,76.0,16.0,60.0,,163.263682967152,0.0,0.0,74.2050141014155,50.19746368782483,0.6163585330634694,0.6921741171503705,0.592693014403692,-3.6432871029481664,49.60302278201633,56.025366157272835,61.02882316706063,-43.974633842727165,-0.9587362941176707,158.62638515841866,0.20083344297308314,-1.097785387717871,-1.8454857814907406,0.7477003937728697,-0.5481431657967106,-0.5496509829699292,14.665324810926283
361,2019-11-07,160.240005,162.009995,160.220001,160.380005,156.895035,482100,9504788.910673661,18244300,-0.04594422893663558,15883.709535151764,53.34845295623934,542.0845156618966,30.82018604690302,623.3758475695167,893.3085394138101,159.14153995597422,2.830921443273126,158.99299925,162.03567535336947,155.95032314663052,3.827434060269762,0.7279253037258941,0.0,0.0,159.24000036666666,161.98299796666666,156.49700276666667,3.44511127064049,0.7078027033879559,0.0,0.0,154.360001,163.820007,159.09000400000002,5.9499512837827,0.6363636555833057,1.8404925070530984,-0.28178000850391527,-0.7042328299933539,0.42245282148943863,159.06333291666667,158.24230661538462,159.30251706281354,159.58429707131745,12.262276707587139,27.667273675437333,20.332523816916893,0.9749181389680185,0.9656385070201134,0.009279631947905043,-0.07012495483291716,24.54940756542009,113.18987981842217,-0.013003249999997024,-13.48567911433782,-22.489886157505794,9.004207043167973,159.09000400000002,157.945007,158.51750550000003,162.43,162.89500025,163.68,72.0,12.0,60.0,,163.08560932780895,0.0,0.0,85.18793830534901,51.808070910589315,0.7283201255054964,0.6995362862965645,0.6867726332880252,-2.5591401461188417,43.41218208714961,63.63636555833056,61.66310042509483,-36.36363444166944,0.404556838235294,158.6662271245115,0.7791919113937046,-0.055491085118511786,-1.487486842216295,1.4319957570977833,0.4509589013915072,0.44994512839489076,15.182418299970625
362,2019-11-08,160.130005,161.440002,158.720001,159.619995,156.15152,219600,9430511.417834504,18024700,-0.04211572293015843,-10227.991255584904,54.22232641824107,-1281.9633492698138,-88.53083442919149,1133.4306962758726,889.0753220433535,159.12186594547543,2.8198293989458127,159.0019989,162.05096861739918,155.9530291826008,3.8351338203197756,0.6013450701844225,0.0,0.0,159.36733343333333,162.11233143333334,156.62233543333335,3.4448690843513234,0.5460221768224688,0.0,0.0,154.360001,163.820007,159.09000400000002,5.949614511418569,0.5560243830712138,1.8845538039784282,-0.23558153995028874,-0.6105025719847409,0.37492103203445215,159.11666616666668,158.32346046153847,159.3513598223807,159.58694136233098,11.846372284789313,25.801860259447455,22.6798263959145,0.9324997199374793,0.9987499999062497,-0.06625027996877042,-0.06083103556580042,24.489037698325067,52.39812825482944,-1.1719968999999821,-11.854708281209762,-20.211085840376384,8.356377559166623,159.09000400000002,157.945007,158.51750550000003,162.43,162.08750150000003,163.68,68.0,8.0,60.0,,162.91109716125277,0.0,0.0,92.5939691526745,49.97099513620791,0.6006155391673238,0.64843139924543,0.6800472675641216,-2.1703658138047413,53.77404354141543,55.60243830712139,58.42139000757495,-44.39756169287861,0.9900280941176334,158.67486542303772,0.4025657416672654,-4.179667760854149,-2.025923025943866,-2.153744734910283,-0.4738807683663748,-0.47500714313724046,14.636590971107765
363,2019-11-11,158.199997,160.869995,158.199997,160.800003,157.305878,309600,9723879.553091537,18334300,0.0273780413298077,43423.218466642174,59.5833828697008,-470.0140810687989,-69.56619542126761,1248.1091686138327,889.0753220433535,159.1558777776673,2.8048462590512306,159.17649915,162.21761824142345,156.13538005857657,3.821065430717433,0.7669253983802534,0.0,0.0,159.4139999,162.2789991,156.5490007,3.59441354184351,0.741885425308323,0.0,0.0,154.360001,163.820007,159.09000400000002,5.943092133899335,0.680760879010013,1.8896945155258293,-0.10256977638320564,-0.5089160128644339,0.40634623648122825,159.36416625,158.41038392307695,159.5742280035529,159.6767977799361,11.248549577748859,24.08519561214783,22.466655533714917,0.9422977525970971,0.9834077212555814,-0.041109968658484264,-0.050933453478915314,24.50134117479498,49.49335424038351,-0.4564981500000158,-9.767975496506368,-18.2369874840267,8.46901198752033,159.09000400000002,157.945007,158.51750550000003,162.43,162.08750150000003,163.68,64.0,4.0,60.0,,162.7400752380277,0.0,0.0,96.29698457633725,52.77118224166605,0.7952709480289584,0.7080688709005929,0.6853455188141958,-1.044158288185008,58.40207705047924,68.0760879010013,62.43829725548443,-31.923912098998695,0.9641453470588317,158.70157390731035,1.8817721360733408,-5.7736309260817436,-2.7754646059714414,-2.998166320110302,0.7392607674245433,0.7365416278115156,15.484054313270113
364,2019-11-12,160.910004,162.850006,160.5,161.5,157.990677,567300,9639386.8310304,18901600,-0.0027477970644500835,93949.65841426441,66.4153807484493,886.4849797359498,9.560335692709609,4758.330258155716,889.0753220433535,159.38696758325113,2.7593622331461085,159.32549895000002,162.51189748599882,156.13910041400123,3.9998601065090718,0.8412161136520181,0.0,0.0,159.46033319999998,162.1583326,156.7623338,3.3839129090694775,0.8779961552252394,0.0,0.0,154.360001,163.820007,159.09000400000002,5.937534206604781,0.7547562866239191,1.8804410658375732,0.058650822153794024,-0.3954026458607883,0.45405346801458235,159.59583283333333,158.6165378076923,159.8705006183909,159.8118497962371,11.399749957446184,27.65464097676403,21.133881765022707,1.0086950813934221,0.9294407649272618,0.07925431646616032,-0.04009939633788793,24.529799561679244,145.95256881670574,0.034502049999986184,-9.552310030464673,-16.50851393609486,6.956203905630188,158.6050035,157.945007,158.27500525,162.43,162.08750150000003,163.68,60.0,4.0,56.0,154.360001,,1.0,0.0,98.14849228816863,54.40164278695265,0.90861264703789,0.7681663780780575,0.7082222160746934,0.3601443191637092,51.76448552592399,75.47562866239191,66.38471829017155,-24.52437133760809,1.2768519411764885,158.72623294364803,1.7515114556986449,-1.8686573099707233,-2.594103146771298,0.7254458368005745,0.43532150929126434,0.4343767261128839,15.986781241497372
365,2019-11-13,160.470001,162.110001,160.25,161.679993,158.166748,626700,9976317.079723807,19528300,0.06124709221454365,96642.79479794059,62.81970877451659,-146.91321924405653,39.42046124596077,3168.0409228285152,889.0753220433535,159.62347868044552,2.669426109831499,159.53949889999998,162.75464528852058,156.3243525114794,4.030533392280318,0.8328766160760928,0.0,0.0,159.73299916666664,161.8149982666667,157.65100006666665,2.6068490679595198,0.9675779718956905,0.0,0.0,154.360001,163.820007,159.09000400000002,5.929569833944109,0.7737830187422704,1.8359696806814494,0.19865328742176303,-0.2765914592042781,0.4752447466260411,159.7891655,158.97692223076925,160.1488840617154,159.95023077429363,11.428900228567636,26.32359779144844,20.763609247811335,1.0200248187610674,0.9338403211457944,0.08618449761527303,-0.028802779733705416,24.539232904356687,118.71834636538318,2.7405001000000198,-5.963168631769578,-14.412110663672868,8.44894203190329,159.59000400000002,158.305,158.94750200000001,162.43,160.8075025,162.43,56.00000000000001,64.0,-7.999999999999993,154.52980110000001,,0.0,0.0,99.07424614408431,54.833424754739184,0.938628032550787,0.8808372092058785,0.785690819394843,1.6452292838595732,53.57800999338513,77.37830187422703,73.64333947920676,-22.62169812577296,1.6612639176470623,159.1699020453648,1.4558182639569541,2.1309831767707537,-1.6490858820628875,3.780069058833641,0.11145077399381531,0.11138871372553538,16.11604940692153
366,2019-11-14,161.289993,162.449997,160.490005,161.740005,158.225479,335400,10068724.948327353,19863700,0.06587812623686179,85712.11336966339,62.00590957001619,169.46889087536726,46.32612400877427,822.9549847325582,889.4053269328667,159.79860338933037,2.598482698848349,159.64599909999998,163.0014794589387,156.29051874106128,4.203651050267638,0.81202773910176,0.0,0.0,160.36799923333334,162.50799713333333,158.22800133333334,2.6688590120605404,0.8205624095861641,0.0,0.0,154.360001,163.820007,159.09000400000002,5.925614204759606,0.7801267779322753,1.8181800944297366,0.31086525551006616,-0.15910011626140924,0.4699653717714754,159.744166,159.27961492307693,160.39367189837455,160.08280664286448,11.580224048150285,25.858681043709534,19.68824185973434,1.0237660614223874,0.9276672249204919,0.09609883650189543,-0.017551267776921176,24.47717930006359,117.11773339579942,-3.4059940999999867,-1.4125257393633044,-11.941079069932481,10.528553330569178,160.5250015,158.91000350000002,159.71750250000002,162.43,160.8075025,162.43,52.0,60.0,-8.0,154.696205198,,0.0,0.0,99.53712307204216,54.98647200312173,0.9492671340061803,0.9321692711982857,0.8603909528274073,2.7622821203015384,54.16170859705627,78.01267779322752,76.95553610994884,-21.98732220677248,1.837705679411755,159.71030661689036,-0.3327545004483314,-0.09353045452945319,-1.3379747965562008,1.2444443420267475,0.03711776509045528,0.03711087815219116,16.159149089372704
367,2019-11-15,162.5,164.089996,161.369995,162.059998,158.538513,553800,9795898.125469573,20417500,0.01614609221264097,98783.54337399805,63.48027817477464,618.8490971459993,58.46764450019051,1220.153413949559,889.4053269328667,160.03914198765787,2.6106345289635167,159.73199920000002,163.2389660046364,156.22503239536363,4.391063559212487,0.8319105839442583,0.0,0.0,160.80499926666667,162.94599816666667,158.66400036666667,2.6628511672694097,0.7930871971333889,0.0,0.0,154.360001,164.089996,159.22499850000003,6.091450084348534,0.7913670048134654,1.8111898173388776,0.42076449825151485,-0.04312719335882442,0.4638916916103393,160.22916541666666,159.5099991923077,160.65002976016308,160.22926526191156,12.294663302644128,28.332571379329995,18.27380837430842,1.00878015576468,0.8991469618451319,0.10963319391954818,-0.006388492444569091,24.372088952102093,152.83275553520488,-4.202000200000015,2.046386988044642,-9.416349739572857,11.462736727617498,161.1449965,159.22499850000003,160.1849975,162.43,160.6100005,162.43,48.0,56.00000000000001,-8.000000000000007,154.85928121404,,0.0,0.0,99.76856153602108,55.84562239518647,1.0,0.9626317221856558,0.9252127341966067,3.937574037863836,51.51006415642271,79.13670048134654,78.17589338293371,-20.86329951865346,2.414616288235294,160.0033754296578,3.725033802962315,2.1219668232948514,-0.6459864725859903,2.767953295880842,0.19784406461469395,0.1976486109982467,16.388963071352958
368,2019-11-18,161.25,161.979996,160.490005,161.179993,157.677597,316600,9772521.642658602,20100900,0.04377063198236397,44870.23960628355,56.98077102488182,-703.5783623010136,-43.482908700173894,-623.5151004510872,884.5757505760438,159.99710564736083,2.506570376067166,159.82399905,163.38118391818256,156.26681418181744,4.451377627048007,0.6905993081957537,0.0,0.0,160.90599923333335,163.05399743333334,158.7580010333333,2.669879569729601,0.5637788631914764,0.0,0.0,154.360001,164.089996,159.22499850000003,6.087943649161244,0.7009245122941978,1.816994803747042,0.4318730274848406,0.05187285080990859,0.38000017667493197,160.69999825,159.57692192307692,160.73156256629184,160.299689538807,12.51543524538863,27.12141219060503,19.88868721416223,0.9901093258837718,1.0085541059248668,-0.018444780041095066,0.00316985658577391,24.306351198574237,73.48330321752194,-0.7840060499999879,4.2336889872709715,-6.905660473018457,11.139349460289429,161.1449965,159.22499850000003,160.1849975,162.43,160.6100005,162.43,44.0,52.0,-8.0,155.2285098054784,,0.0,0.0,99.88428076801054,52.85773624936041,0.7941475051185536,0.9144715463749113,0.9364241799196176,4.224953712162105,51.474425514681855,70.09245122941978,75.74727650133129,-29.907548770580217,2.7887347323529355,160.0344608502817,3.632735829953932,-0.46671952268908096,-0.6101330826066084,0.1434135599175274,-0.5430118541652762,-0.5444915224812164,15.756957204935462
369,2019-11-19,161.889999,162.679993,161.130005,162.559998,159.027649,397300,10108306.310281841,20498200,0.08946794246034574,116785.34630538653,66.97741377412784,261.38676944827546,34.08150147324394,1682.4624540251186,884.5757505760438,160.31161230366178,2.4109121384604477,159.994999,163.72865231706453,156.26134568293548,4.6672125258921655,0.8434972106645211,0.0,0.0,161.0779994,163.1979962,158.95800260000001,2.6322611503703532,0.8495284992883009,0.0,0.0,154.360001,164.089996,159.22499850000003,6.081436957913917,0.8427544926795948,1.5205170068472105,0.5457405301321785,0.1506463866743626,0.3950941434578159,160.993332,159.778845,161.01286032532386,160.46711979519168,12.973288428827555,27.90568069713146,19.02405077126588,1.0985776263792355,1.0271497660049596,0.07142786037427595,0.012921861502215247,24.21630593311215,108.82314399651386,0.20499799999998913,6.291308701289884,-4.384998068560668,10.676306769850552,161.1449965,159.22499850000003,160.1849975,162.43,159.77250275,162.43,100.0,48.0,52.0,155.58296925325928,,0.0,0.0,99.94214038400527,56.76432220432437,1.0,0.9313825017061846,0.9361619234222506,5.5137534950384826,59.77810925425255,84.27544926795949,77.83486699290863,-15.724550732040518,2.686645800000008,160.176081938274,2.2132829193472094,-1.0408886539379563,-0.696284196872878,-0.34460445706507825,0.8561887702774662,0.8525442620308965,16.748055273339023
370,2019-11-20,162.490005,162.850006,159.929993,162.009995,158.489578,635300,10378088.08258902,19862900,0.11929340573319096,50185.02456175954,65.81248289167311,-236.70789154627914,102.23571609873154,1252.173723738254,884.5757505760438,160.9075776653151,2.461822224614404,160.14649895,163.94838712702838,156.3446107729716,4.748012853175631,0.7450750736515014,0.0,0.0,161.2719991333333,163.47499763333334,159.06900063333333,2.7320285131191993,0.6674980411168375,0.0,0.0,154.360001,164.089996,159.22499850000003,6.07568386683111,0.7862279477019248,1.0413187939685287,0.5848588124897276,0.2374888718374356,0.347369940652292,161.14416516666668,159.91307542307692,161.16626565988943,160.5814068473997,12.789382368308496,25.64388979484485,20.81301991760374,1.1147587611137095,0.7839272637466541,0.3308314973670554,0.021684014271599595,24.25147323416744,74.19734725893632,0.39349405000001525,9.918165769819941,-1.7845708592098053,11.702736629029747,161.1449965,159.22499850000003,160.1849975,162.43,159.77250275,162.43,96.0,44.0,52.0,155.9232503231289,,0.0,0.0,99.97107019200263,54.81468867697245,0.7429247166791115,0.8456907405992218,0.8971815962267726,6.1177720668164595,57.50295894163998,73.19584267719785,75.85458105819238,-26.804157322802162,2.5749691735294107,160.31454482937403,1.129836475589951,2.843981443113833,0.0117689311244642,2.832212511989369,-0.33833846380829646,-0.3389121226933689,16.353051696601128
371,2019-11-21,162.020004,162.020004,160.169998,160.940002,157.442856,368100,10316407.058959905,19494800,0.1267710171460923,-13250.610847063814,58.900541989594025,-148.2610690005467,-9.3159508597613,-4580.576139196213,878.733581016776,161.15105974799314,2.4006406021529645,160.30199894999998,163.96401076112622,156.63998713887375,4.568891012105791,0.5871110038560736,0.0,0.0,161.28933256666664,163.49833226666664,159.08033286666668,2.739176441302366,0.420930146195432,0.0,0.0,154.360001,164.089996,159.22499850000003,6.069790185857195,0.6762594430932369,0.9330335101482933,0.5234864147642782,0.2946883804228041,0.22879803434147405,161.17749925,160.0492295769231,161.1314558660603,160.60796945129601,12.61861245496937,24.30007188200827,19.722354296699265,1.0903690841881122,0.8957782411097518,0.1945908430783604,0.028053259460928917,24.27666517665386,41.44498698711424,-0.6419949499999973,12.76785360458943,0.9512693503234383,11.816584254265992,161.1449965,159.22499850000003,160.1849975,162.43,159.77250275,162.43,92.0,40.0,52.0,156.24992015020376,,0.0,0.0,99.98553509600131,51.135116396316896,0.17136246325789706,0.6380957266456696,0.8050563229836921,5.672383513043801,56.263460665009994,46.51961740570734,67.99696978362157,-53.48038259429266,2.403792585294127,160.3224106777989,0.24916470502149762,1.046747230022558,0.21876459090408296,0.827982639118475,-0.6604487581152063,-0.6626393715055912,15.584599411641786
372,2019-11-22,161.669998,161.669998,159.770004,160.490005,157.002625,325700,10237554.49710971,19169100,0.11621827398372403,-32295.38399748309,52.60364271442295,-218.75890389929296,-84.0477336989786,-3341.786795228574,876.2765941251217,161.1927632730517,2.3505759419376675,160.39049915,163.98014079164537,156.80085750835465,4.476127527090319,0.5138601370183538,0.0,0.0,161.36099953333334,163.48799853333333,159.23400053333333,2.636323530656626,0.295252716777645,0.0,0.0,154.360001,164.089996,159.22499850000003,6.0664409996631665,0.6300110123386481,0.9322150433030233,0.43353977364304797,0.3224586590668529,0.11108111457619507,161.24666599999998,160.08307588461537,161.03277111743563,160.59923134379258,12.247368771755152,22.96882362304709,19.795218172712868,0.987805035612743,0.9541858989896561,0.03361913662308691,0.03193969733601825,24.30680581673323,15.893493330615557,-0.010494149999999536,14.374116574903859,3.6337240249245744,10.740392549979283,161.93,159.22499850000003,160.57749925000002,162.43,159.77250275,162.43,88.0,36.0,52.0,156.56352318419562,,0.0,0.0,99.99276754800066,49.626336232452104,0.0,0.3047623933123363,0.5961829535190758,4.891782696839872,52.76222147337473,38.87959913066188,52.865019737855704,-61.12040086933812,1.8898819205882091,160.3257852054247,0.5198553045257409,-1.1954262640308715,-0.06407358008290795,-1.1313526839479635,-0.2796054395475922,-0.2799970657324735,15.261418584407549
373,2019-11-25,161.050003,162.089996,160.570007,160.929993,157.43306,435200,10008495.340497386,19604300,0.09833819379676838,-327.0751978426779,52.690217801444156,213.0501033994772,-72.65999190167486,282.4384962817418,876.2765941251217,161.25056610601817,2.275517447743902,160.46899875000003,164.0336451282598,156.90435237174026,4.442785093727976,0.5646619890280707,0.0,0.0,161.4849995666667,163.4969976666667,159.47300146666666,2.4918699636487167,0.36207577266929997,0.0,0.0,154.360001,164.089996,159.22499850000003,6.063473366066603,0.6752307683611332,0.9266726121798455,0.3932268921532227,0.33661230568412687,0.05661458646909584,161.29249833333333,160.10576807692308,161.0169590993686,160.62373220721537,12.098341824957984,23.124125319094095,18.858295137988744,1.0142812492247164,0.9481900198442558,0.06609122938046064,0.03447104112026317,24.276701641722994,43.391921725918706,-0.8490037500000369,14.997555843652375,6.3614868998264695,8.636068943825904,161.93,159.22499850000003,160.57749925000002,162.43,159.77250275,162.43,84.0,32.0,52.0,156.8645820968278,,0.0,0.0,99.99638377400032,51.14422016419923,0.2126487692366525,0.12800374416484991,0.3569539547076186,4.608182878582065,49.76306517072207,46.349685288571216,43.91630060831349,-53.650314711428784,1.6700587382353262,160.32941393322344,0.3429280351998896,-0.9250261035647425,-0.23626408477927485,-0.6887620187854676,0.27415289818204513,0.27377778455761614,15.57741110394244
374,2019-11-26,161.0,162.009995,160.350006,161.880005,158.362411,438400,10378235.107206687,20042700,0.08716589792281407,59217.54423042151,58.59614813865417,-56.79744753398828,-40.83356911405881,3781.1037124963796,876.2765941251217,161.3374507015244,2.2139646029695115,160.44899905,163.9770788671878,156.9209192328122,4.397758587560103,0.7028023775182975,0.0,0.0,161.46466623333333,163.40766263333336,159.52166983333333,2.4067140450309785,0.6068809923339699,0.0,0.0,154.360001,164.089996,159.22499850000003,6.064229167903932,0.7728682286064893,0.8276691799865952,0.432945940648068,0.3558790326769151,0.0770669079711529,161.4808325,160.20346073076922,161.14973539177342,160.71678945112535,11.830755241941514,21.962673539704355,18.576766908893312,1.0343667532750367,0.9316037243171849,0.10276302895785183,0.03707854317311303,24.236333493265402,54.72434542420344,0.35100395000000617,15.1673602535223,8.709323442636677,6.458036810885623,161.93,159.22499850000003,160.57749925000002,162.43,159.95249925000002,162.43,80.0,28.000000000000004,52.0,157.15359865295468,,0.0,0.0,99.99819188700016,54.34321331154495,0.6608134420101174,0.29115407041559,0.2413067359642587,5.195758398269513,56.37256267570822,62.47892402019091,49.23606947980801,-37.52107597980909,1.311235376470563,160.345216626754,1.4158689830807365,-0.643310602176189,-0.3176733882586577,-0.32563721391753125,0.5903262544726617,0.5885906561512222,16.2596949059288
375,2019-11-27,162.75,163.309998,161.419998,163.309998,159.761337,279900,10658135.107206687,20322600,0.20459997999437246,107937.18658321828,57.18239989004388,800.1590836012887,-22.39967140410224,5060.531863342338,884.017324029737,161.4409361826565,2.1815681426725617,160.8024987,163.9713211945617,157.6336762054383,3.941260266699711,0.8956515873488249,0.0,0.0,161.5979995666667,163.54399586666665,159.65200326666667,2.4084410762735664,0.9398771039115947,0.0,0.0,154.360001,164.089996,159.22499850000003,6.050897889436841,0.9198357244787889,0.7662388023649561,0.5732045120825546,0.399344128558043,0.1738603835245116,161.68999875,160.36384530769232,161.48208348534675,160.9088789732642,12.201600150701065,24.678855081201473,17.499080570385555,1.0355918535585225,0.9500339374030217,0.08555791615550079,0.041296880704433075,24.196006669926565,120.08216530622462,0.697501299999999,17.313165299368343,10.789955780273527,6.5232095190948165,161.93,159.22499850000003,160.57749925000002,162.43,160.255001,162.43,100.0,24.0,76.0,157.4310545468365,,0.0,0.0,99.99909594350008,58.724295114868916,1.0,0.6244874037489233,0.34788173944312106,6.942134540939211,62.20165067224723,86.75724732720661,65.19528554532293,-13.242752672793388,1.3094705176470427,160.4577935209152,1.5609421350570518,-3.4360287334361916,-0.9413444572941645,-2.494684276142027,0.883366046350198,0.8794871947262806,17.286693576318115
376,2019-11-29,162.929993,163.380005,161.970001,162.740005,159.203735,191600,10675800.848864155,20131000,0.16863760393732818,76916.06581418682,60.76219317313446,228.13585074113257,85.46455716810821,1803.8093358395963,880.9318810516795,161.54007859912818,2.104411728405307,161.16299899999999,163.33383516425732,158.99216283574265,2.6939634751489554,0.8632254764236248,0.0,0.0,161.71166636666666,163.60266386666666,159.82066886666667,2.3387273688867083,0.7719037527372022,0.0,0.0,156.330002,164.089996,160.209999,4.814997268696897,0.8260319531174874,0.6355385713615601,0.6310919340088788,0.4456936896482102,0.18539824436066854,161.7933325,160.50846103846155,161.67560987221648,161.0445179382076,12.578297392278568,23.80094045300916,16.71979537186689,1.1107129579760289,0.924757835692871,0.18595512228315791,0.04563274760938259,24.107373998651205,129.66323932155385,0.5169940000000111,18.852607853110314,12.657313654169712,6.195294198940601,161.5750045,159.22499850000003,160.40000150000003,161.510002,160.42750174999998,162.43,96.0,20.0,76.0,157.69741220496303,,0.0,0.0,99.99954797175005,56.40110923722374,0.7446475734095608,0.8018203384732261,0.5724872708792464,7.804037528032201,60.660677468583465,77.07994517486314,75.43870550742024,-22.920054825136866,1.5481178441176553,160.50214904764584,0.7678049535603694,-7.551937496365245,-2.2634630651083807,-5.288474431256864,-0.34902517113496456,-0.3496356849639781,16.877333493344814
377,2019-12-02,163.169998,163.199997,160.190002,160.190002,156.709122,436600,10239200.848864155,19694400,0.053252902824713524,-93119.27355926865,54.24767609286648,-675.6311578063517,70.7776231154259,-7509.89774094716,880.9318810516795,161.5974316370566,2.1949700555647764,161.22049945,163.21730143874132,159.2236974612587,2.477106814025951,0.2419630349402873,0.0,0.0,161.58033343333332,163.50033033333335,159.66033653333335,2.3765230077238026,0.13793393798360884,0.0,0.0,158.199997,164.089996,161.1449965,3.653380941067428,0.33786168724306925,0.7779504334384945,0.4658343536490861,0.44972182244838543,0.016112531200700664,161.66916658333335,160.59923026923076,161.44705481495242,160.98122046130334,11.837323993350125,21.59052220969103,20.659058460943,1.0647788583727134,0.9118581104484591,0.15292074792425425,0.04665834321689895,24.11590937849875,0.06509136619116491,0.519505549999991,18.865422985547706,14.28306187620046,4.5823611093472465,161.5750045,159.22499850000003,160.40000150000003,161.510002,160.3150025,162.43,92.0,16.0,76.0,157.95311555676452,,0.0,0.0,49.999773985875024,47.37202073888109,0.0,0.5815491911365204,0.66928564445289,5.883383081010112,48.38701283184178,9.722193929988556,57.85312881068612,-90.27780607001144,1.6313527647058947,160.4926813343524,-0.9215679518244434,-5.696705868549622,-2.9501116257966293,-2.746594242752993,-1.5669183493020045,-1.579324279379879,15.045961108662699
378,2019-12-03,158.580002,158.660004,157.070007,157.830002,154.400406,653000,10210449.492100598,19041400,0.049105569130893506,-299970.80590794317,44.117650669086885,-932.5695206765591,-59.15484119975332,-16461.491255978704,880.9318810516795,161.18769349477776,2.2874725500082977,161.1019997,163.5559473279744,158.6480520720256,3.0464521018287534,-0.1666804260001344,0.0,1.0,161.24400073333337,163.17399823333335,159.31400323333335,2.3938844127191365,-0.38445677606663886,0.0,1.0,157.070007,164.089996,160.5800015,4.357480982900555,0.10826156565202631,1.1802476186551252,0.14278827953643258,0.3883351138659949,-0.2455468343295623,161.343333,160.56499953846154,160.89058515111358,160.74779687157715,12.272703054327605,19.562479716997498,28.11171751609533,0.9290144142848982,1.0861475972987145,-0.1571331830138163,0.04245629062323688,24.1537554089649,-260.44169775136095,0.9579983000000141,17.456816515598707,15.523673855568108,1.9331426600305992,160.225006,159.22499850000003,159.72500225000002,160.1100005,159.61500175,162.43,88.0,12.0,76.0,,164.089996,0.0,1.0,24.999886992937512,40.8535973756705,0.0,0.248215857803187,0.543861795804311,2.0067888125764197,45.288427448549136,10.82615656520263,32.54276522335146,-89.17384343479738,0.9376180058823707,160.34413831450675,-2.4174619012779117,0.03833686305180181,-2.352421928026943,2.3907587910787447,-1.473250496619627,-1.484210611587855,13.351045915288505
379,2019-12-04,158.779999,160.240005,157.339996,157.360001,153.940643,596200,9622474.970711181,18445200,-0.03276076779534049,-297148.49023537955,54.265542805998074,449.93187268618124,-16.52304891902205,-11395.746085377876,878.3085593778563,160.88360327925074,2.3487261950074663,160.9430001,163.88546097784223,158.00053922215778,3.6565254481573723,-0.10884396577389578,0.0,1.0,160.86300093333335,162.92800053333332,158.79800133333333,2.5674015628438926,-0.3481841675255834,0.0,1.0,157.070007,164.089996,160.5800015,4.361785846938496,0.04130975134006717,1.5268844480602188,-0.14943067060352178,0.2807819569720916,-0.43021262757561335,160.95166658333335,160.48807646153847,160.34741835863457,160.4968490292381,11.859650114394599,22.563664656942596,25.695677578958335,0.9487687446128524,1.0059878303271756,-0.057219085714323215,0.034283934104878934,24.147882328024092,-185.03629868420168,0.23699289999998996,14.597379167409649,16.043586455300296,-1.4462072878906476,160.225006,159.22499850000003,159.72500225000002,159.185005,159.27000425,162.43,84.0,8.0,76.0,,163.94959622000002,0.0,0.0,12.499943496468756,39.68250489090452,0.0,7.401486830834377e-17,0.27658834964656914,-1.4894549902657386,39.19710351034798,4.130975134006717,8.226441876399315,-95.86902486599328,0.43505922647057105,159.97150608939032,-2.900158619031944,3.174562922136922,-1.2470249579941701,4.421587880131092,-0.297789389877845,-0.2982336647028738,13.01349852723721
380,2019-12-05,157.960007,160.320007,157.960007,160.270004,156.787399,373000,9979668.937660333,18818200,0.009245316386299227,-99637.11748746879,54.517403176736956,221.45183378015716,-12.809981568679914,5122.3371060881655,894.5508098002824,160.76082937600057,2.4098541755067187,160.9735001,163.87448682338083,158.07251337661916,3.604303468059883,0.3787488246102461,0.0,0.0,160.65500173333334,162.66400003333334,158.6460034333333,2.5010093409163754,0.4041816677163643,0.0,0.0,157.070007,164.089996,160.5800015,4.360959409865009,0.4558407427703935,1.6034265333492648,-0.144537236432825,0.19571811829110827,-0.3402553547239333,160.8758341666667,160.41076896153845,160.33550845730616,160.480045693739,11.436068665401391,20.849353491655613,23.47773240668053,0.9433351285692874,0.9948480977968306,-0.051512969227543226,0.027286710108134396,23.85084672247325,-99.80368077137965,1.586497900000012,12.350296357876523,15.997191205665533,-3.64689484778901,160.225006,159.22499850000003,159.72500225000002,159.185005,159.532505,162.43,80.0,4.0,76.0,,163.81200443560002,0.0,0.0,6.249971748234378,49.361327675878016,0.5082937408265608,0.169431246942187,0.13921570158179133,-1.4635211633562195,47.33401554431557,45.58407427703935,20.180401992082913,-54.41592572296065,-0.20199789999998075,159.97768630728072,-0.5645793767964712,1.5371085607437214,-0.6901982542465919,2.227306814990313,1.8492647315120347,1.8323737527708772,15.103417297349274
381,2019-12-06,162.350006,164.320007,162.0,163.229996,159.68309,541000,10012311.893047966,19359200,0.05901224170951071,143361.85243931244,54.43644741054999,1723.9223696812435,66.12382361240896,16889.369303743944,894.5508098002824,160.81823389527213,2.5738690579560473,161.11599965,164.16270392590692,158.06929537409306,3.7820008969009096,0.8469316609946859,0.0,0.0,160.86900169999998,162.9250001,158.8130033,2.55611507285186,1.074172212390825,1.0,0.0,157.070007,164.320007,160.695007,4.499863462194644,0.8496536551724132,1.6030705800405507,0.09706851668022409,0.17598819796893145,-0.07891968128870736,160.9316673333333,160.67961476923077,160.78081423310522,160.683745716425,11.866400366773709,29.64098325647797,20.828629313530296,0.989811573243657,0.9725214762365134,0.017290097007143568,0.02492869720993358,23.76370756353602,136.18115376191014,0.8939953500000115,12.084418375011264,15.742780294566352,-3.6583619195550874,160.695007,159.34000400000002,160.01750550000003,159.185005,159.497505,162.43,76.0,92.0,-16.0,157.070007,,1.0,0.0,10.135176761657114,56.93172245512946,0.9058611276221563,0.47138495614957243,0.21360540103058648,1.2708714648051869,49.93331377865388,84.96536551724132,44.89347164276248,-15.034634482758676,-0.19970371176469826,160.0567290544811,0.41215428656685427,3.2502849878760225,0.097898394177931,3.1523865936980915,1.8468783466181193,1.8300306697276447,17.229237387631535
382,2019-12-09,162.539993,163.389999,162.350006,162.820007,159.281982,513900,9962902.546158137,18845300,0.05985554474890752,92782.53821941097,52.651312508111204,-58.68826814419117,112.1874017664677,8700.835942301384,892.3039434096271,160.96692698112162,2.4204814521604403,161.27600025,164.32774211392535,158.22425838607467,3.7844959686434727,0.7529713879557943,0.0,0.0,161.09000186666668,163.06000016666667,159.12000356666667,2.44583559149817,0.9390879762011306,0.0,0.0,157.070007,164.320007,160.695007,4.495399184479712,0.7931034482758621,1.5985005144438755,0.2525489042567415,0.19130033922649348,0.061248565030248,160.99916833333333,160.9599996923077,161.09453619724286,160.84198729298612,12.265994089476576,28.744069429502122,20.19837067917217,1.0307594297122424,0.9375386103433947,0.09322081936884774,0.025228535927789827,23.63617650673035,107.48879805181319,-0.33599825000001715,12.450195181842004,15.459740221031868,-3.009545039189865,160.695007,160.3250045,160.51000575,159.185005,159.1375045,162.43,72.0,88.0,-16.0,157.215007,,0.0,0.0,25.11978521004259,55.68984546442479,0.840642627885627,0.7515991654447814,0.46413845617884686,2.9714348355264044,46.51578671429376,79.3103448275862,69.95326154062231,-20.689655172413794,-0.03690903823527947,160.12548439848345,0.4999765600881602,4.036333953799031,0.885585506102151,3.1507484476968797,-0.2511725847251678,-0.25148855225518574,16.934789682031393
383,2019-12-10,163.070007,163.809998,162.259995,163.130005,159.585266,340400,10004632.650422454,19185700,0.031455519901731684,94602.6497880669,52.22405497239926,75.12961074677196,98.88331900207459,-642.6779233232704,894.0028282269525,161.00858803688354,2.333433606944397,161.39250035,164.53908442754147,158.24591627245854,3.8992940449124927,0.7760937904696924,0.0,0.0,161.27700193333334,163.25000163333334,159.3040022333333,2.4467216978842283,0.9695903062394464,0.0,0.0,157.070007,164.320007,160.695007,4.492154210559636,0.8358617931034493,1.5987718945503402,0.3962151577226223,0.23228330292571925,0.16393185479690303,161.18166858333333,161.11730784615384,161.40768524382088,161.01147008609826,12.791422968719996,28.667764808092755,19.262825203451644,1.007846327437341,0.9463270261667597,0.06151930127058136,0.02762201011730744,23.594739900507093,111.20267417697666,-0.9024953500000095,12.638887402189471,15.178798793105996,-2.539911390916524,160.695007,160.695007,160.695007,159.185005,159.1375045,162.43,68.0,84.0,-16.0,157.357107,,0.0,0.0,47.586026010108114,56.46315362820793,0.8812537340204858,0.8759191631760898,0.6996344282568145,4.558694133006194,46.96752479861431,83.58617931034493,82.6206298850575,-16.413820689655072,0.8894422058824034,160.19609852233071,1.3607574082172675,1.5588660775395844,1.0202416203896378,0.5386244571499466,0.19039306391874788,0.19021204605200737,17.157425410893957
384,2019-12-11,163.570007,164.110001,163.300003,163.970001,160.406998,295900,10198245.978109673,19481600,0.06457813116238408,116595.81644691387,60.45662116313623,183.40760898580825,128.89156904008084,2171.758927369442,898.6062658330465,161.08639237682462,2.198089846249957,161.5160004,164.8576127343137,158.1743880656863,4.1378096610095465,0.8671881047961233,0.0,0.0,161.51500190000002,163.4030025,159.62700130000002,2.33786407180793,1.1501584533394702,1.0,0.0,157.070007,164.320007,160.695007,4.488719372721664,0.9517233103448265,1.5962126844316074,0.5712671436833716,0.30008007107724977,0.27118707260612185,161.47166825000002,161.262308,161.80188766784843,161.23062052416506,13.392681740800754,28.727226851466188,18.673900130618705,1.0775403489520594,0.9328205188879781,0.1447198300640813,0.03228118206506069,23.52663235519691,137.58410199372673,-0.5860073999999997,11.766894984428925,14.562546535890508,-2.7956515514615834,160.695007,160.695007,160.695007,158.79000100000002,158.94000250000002,162.43,100.0,80.0,20.0,157.49636500000003,,0.0,0.0,66.30611469807727,58.572930618367145,0.992050931413409,0.904649097773174,0.8440558087980149,6.522416898583456,52.6526500616475,95.17233103448265,86.02295172413795,-4.827668965517346,1.736707270588255,160.28043733335687,2.1683568394181307,-1.2981791495885775,0.5565574663939948,-1.8547366159825724,0.5149242777255925,0.5136030761841326,17.76069743749291
385,2019-12-12,163.970001,167.070007,163.320007,166.860001,163.234192,349900,10508956.058429673,19831500,0.0635819818920244,244397.98552592692,66.76787993945854,1596.890182909399,253.54522989079123,7690.709750578709,898.6062658330465,161.37191191517496,2.3532808616249614,161.7750008,165.84984287448898,157.700158725511,5.037665961166231,1.1239505859423649,1.0,0.0,161.8220026,163.8960032,159.74800199999999,2.563311004284908,1.714560497234188,1.0,0.0,157.070007,167.070007,162.070007,6.181424787852636,0.9789994000000007,1.573835439110387,0.9324472791947187,0.4265535127007436,0.5058937664939751,161.96583558333336,161.50538523076924,162.5800589497179,161.6476116705232,14.926969828846438,34.34488866193435,16.58444670244632,1.0659964315500168,0.8177240411668418,0.24827239038317495,0.04170732906574813,23.671229738101918,203.0663257727537,0.10500420000002464,12.030479243837153,13.804532245971266,-1.7740530021341137,162.070007,162.070007,162.070007,159.570007,158.94000250000002,162.43,100.0,76.0,24.0,157.63283784000004,,0.0,0.0,79.40964318603002,64.87891408465296,1.0,0.9577682218112984,0.912778827586854,10.42001145927675,62.3718640946777,97.89994000000007,92.21948344827591,-2.100059999999928,2.750501344117623,160.53294378790153,3.6848370458824387,-2.5784034049992597,-0.07043470788465611,-2.5079686971146034,1.7625175229461831,1.74716531065231,19.83625036497234
386,2019-12-13,166.419998,168.149994,166.119995,167.369995,163.733109,370300,10594690.765835932,20201800,0.06252491262688037,236462.67019365047,72.66811873696845,1063.5086916047744,345.13577242679605,7298.840596728487,898.6062658330465,161.7846805875306,2.3209526754624656,162.05650029999998,166.80496501361299,157.30803558638698,5.860258249218781,1.0594960708844654,1.0,0.0,162.27366836666667,164.4096684666667,160.13766826666668,2.6325898976703836,1.692960298394484,1.0,0.0,157.070007,168.149994,162.6100005,6.837113586612477,0.9296028957434693,1.5365995942103765,1.2454802710717559,0.5903388643749461,0.6551414066968098,162.42333475,161.80192334615384,163.31697218822285,162.0714919171511,16.64842798070182,35.499574615125326,15.568889172787475,1.1658838754311704,0.7737084867932483,0.3921753886379221,0.054451109520520916,23.826415219452713,218.34638903212192,1.2534977000000254,13.60938733846338,13.22052828518412,0.3888590532792602,162.6100005,162.6100005,162.6100005,160.1100005,158.51750550000003,162.43,100.0,72.0,28.0,158.01032460640005,,0.0,0.0,89.70482159301501,65.8663374817512,1.0,0.9973503104711364,0.953255876685203,13.84519949558456,69.12635324896031,92.96028957434693,95.34418686960991,-7.039710425653067,3.295058602941168,160.91537470713055,3.391394755640128,-3.180869178075965,-0.6925216019229179,-2.488347576153047,0.30564185361594554,0.30517571846377933,20.202520101891697
387,2019-12-16,168.509995,168.509995,166.75,167.199997,163.566803,502700,10349052.282374328,19699100,0.0661588514417842,190474.00379455808,73.07007428162078,173.3047155331254,342.2968161506281,621.1985046606117,898.6062658330465,162.31542977160538,2.2648569079162195,162.31350025,167.5646744475513,157.0623260524487,6.470409657192157,0.9652765806434902,0.0,0.0,162.9030014,164.91400149999998,160.8920013,2.468954018915934,1.5683727962022538,1.0,0.0,157.070007,168.509995,162.79000100000002,7.0480816336163015,0.8854895651988439,1.513294088518551,1.4629794382566104,0.764866979151279,0.6981124591053314,162.74750133333333,162.06423073076922,163.91436062080393,162.45138118254732,18.344427561438767,34.68590744173603,14.72688410381793,1.1622545347028646,0.779196080023328,0.3830584546795366,0.06854339226068223,23.905164894385774,188.51638682530418,0.4265047499999923,16.85431496813445,13.153583668799202,3.7007312993352475,162.92499550000002,162.79000100000002,162.85749825000002,160.29000100000002,158.51750550000003,162.43,96.0,68.0,28.0,158.61870477001605,,0.0,0.0,94.85241079650751,65.20822326305257,0.9748656268552263,0.9916218756184088,0.9822468026336145,16.389564217673012,63.186519982994405,88.5489565198844,93.13639536474382,-11.451043480115603,4.009557676470621,161.77447530896475,2.3819723517478635,-1.054371073755438,-0.7648914962894219,-0.28947957746601605,-0.10157017690057835,-0.10162179435972973,20.08043018958525
388,2019-12-17,167.970001,169.270004,167.5,169.190002,165.513565,400900,10713711.910262171,20100000,0.11144545103235785,277233.86103819247,72.98092787756005,333.34023073534473,370.1637931698661,4260.896067697258,909.30142728116,162.81777260113253,2.245371917124598,162.71400069999999,168.72511669768443,156.70288470231554,7.388566407100139,1.038668801475021,1.0,0.0,163.9830011666667,166.01200196666667,161.95400036666666,2.474647720269248,1.7831441055452788,1.0,0.0,157.070007,169.270004,163.1700055,7.497816381820423,0.9934424574038824,1.5091589132537002,1.775459475928443,0.9669854785067119,0.8084739974217311,163.28500108333336,162.43230792307693,164.72599775606486,162.9505382801364,20.125500198692396,34.81601125991542,13.782741178783272,1.1808114420646623,0.7469242701530954,0.4338871719115669,0.085201294728551,23.934674000032437,189.55936254093717,-2.523998699999993,21.99537080758051,13.9755827399293,8.019788067651211,163.6150055,163.1700055,163.3925055,160.6700055,158.51750550000003,162.43,100.0,64.0,36.0,159.41000798841478,,0.0,0.0,97.42620539825376,69.10034510160163,1.0,0.9916218756184089,0.9935313539026515,19.86723419361165,65.27649404258163,99.34424574038825,93.61783061153987,-0.6557542596117645,4.850294129411765,164.20684034512175,3.963375200830304,-1.333580166608131,-0.8786292303531638,-0.4549509362549673,1.190194399345601,1.1831672883717559,21.509620744411784
389,2019-12-18,169.229996,169.320007,167.190002,169.0,165.327698,505000,11066971.858008772,19595000,0.11208529729065052,223921.73660416552,65.47492381311076,-54.83075742326836,309.0930902395407,4204.369488440176,909.30142728116,163.2971105023612,2.233835225412139,163.03600079999998,169.64030192529825,156.43169967470172,8.101647602850504,0.9515238695851161,0.0,0.0,165.00200139999998,166.95400180000001,163.050001,2.3660323916531634,1.5240773003939914,1.0,0.0,157.070007,169.320007,163.195007,7.513677923826995,0.9738769795918364,1.5094573353746508,1.9848900071422406,1.1705663842338176,0.814323622908423,164.01916758333334,162.7476924230769,165.3835365628241,163.39864655568186,21.566153664070544,32.506646498371424,13.833890074255143,1.1373625649076429,0.7869346193728272,0.3504279455348157,0.10244073079080604,23.979847204716894,153.53000950549074,-5.205998799999975,27.07007181768032,15.611113346574163,11.458958471106156,165.66000350000002,163.195007,164.42750525000002,160.695007,158.51750550000003,162.43,96.0,60.0,36.0,160.3960075895733,,0.0,0.0,98.71310269912688,68.31454570320949,0.9732883382068815,0.982717988354036,0.9886539131969512,22.435250940342407,67.61552362018811,97.38769795918363,95.09363340648544,-2.6123020408163584,5.511912291176458,165.91121926371332,5.499717766405926,0.4261936588584212,-0.6176646525108468,1.0438583113692679,-0.11230096208639795,-0.11236406686609968,21.37316427128828
390,2019-12-19,169.229996,169.229996,167.100006,168.0,164.349411,443500,10998259.851379631,19151500,0.07417257915019557,128575.77423214189,59.71668201478508,-43.22582975535237,289.71011306122034,-3191.3802135658857,903.9209454629283,163.65292422905168,2.2234507028709247,163.33550105,170.26195120760664,156.40905089239337,8.481254978960544,0.8367164163361109,0.0,0.0,165.86133420000002,167.7903336,163.93233479999998,2.326038686839418,1.0543458955974798,1.0,0.0,157.070007,169.320007,163.195007,7.49990046331082,0.8922443265306119,1.5182543157268509,2.046581847755448,1.3457694769381436,0.7008123708173042,164.86666741666667,162.9976924230769,165.7860693993127,163.73948755155726,22.83905876951215,30.33942876794623,13.193277766431422,1.1152927258414262,0.7962960927474428,0.3189966330939834,0.11789060767435308,24.06472574728317,121.13155448149949,-5.975500049999994,29.794829314325188,17.57893678427571,12.215892530049477,165.79000100000002,163.195007,164.492504,160.695007,158.27500525,162.43,92.0,56.00000000000001,35.99999999999999,161.4668875188245,,0.0,0.0,99.35655134956343,64.17794328338185,0.8326729024644758,0.9353204135571191,0.9698867591765213,23.41174952761461,65.89084002075556,89.22443265306119,95.31879211754436,-10.775567346938807,5.72017585588236,166.38752809334747,6.443640544337059,0.6385294496724722,-0.366425832074183,1.0049552817466552,-0.591715976331364,-0.5934735519814716,20.654979867316147
391,2019-12-20,168.850006,171.369995,168.259995,171.369995,167.64621,1242500,12240759.851379631,20394000,0.20836250946551702,708381.918984691,70.54067906284435,412.99648611669636,367.46923048429517,22299.660999137,903.9209454629283,164.9680191112249,2.338105132583831,163.85700070000001,171.51538171120697,156.19861968879306,9.347639683980807,0.9905079996023815,0.0,0.0,166.57633360000003,168.5843323,164.5683349,2.410905146732082,1.6936415596284964,1.0,0.0,157.070007,171.369995,164.220001,8.727114458894148,1.0,1.429820998200432,2.3404245508255315,1.5447004917156213,0.7957240591099102,166.03416691666666,163.37038480769232,166.64513487634153,164.304710325516,24.636482146451556,33.722265131308085,11.847444010473412,1.193262227335962,0.7222219529813184,0.4710402743546437,0.135307516747521,24.242511366703575,146.6006377890476,-3.5869967000000145,33.74304176199375,19.944808626514796,13.798233135478956,166.814995,164.220001,165.517498,162.079994,158.94750200000001,162.43,100.0,52.0,48.0,162.40926185656556,,0.0,0.0,99.67827567478172,70.63183102757259,1.0,0.9353204135571191,0.9511196051560914,26.450227225177564,71.28350689520879,100.0,95.53737687074829,-0.0,5.899411323529392,167.5555032456858,8.903148138642917,13.713063491971528,2.4494720327349593,11.263591459236569,2.0059494047619086,1.9860953092862843,23.07525771778016
392,2019-12-23,171.929993,173.949997,170.899994,173.360001,169.592957,473300,12530948.486046553,20867300,0.24441491057814457,741737.3362440225,78.9242461699992,1681.916195859181,554.218210236848,30420.0400872039,914.4175793981567,166.16580087839102,2.4092949193254483,164.5005005,173.03211832278197,155.968882677218,10.372756066820578,1.0192157386810328,1.0,0.0,167.56466626666668,169.77366596666667,165.35566656666666,2.6365936795822433,1.811755436936757,1.0,0.0,157.070007,173.949997,165.510002,10.26136087652815,0.9650476096253621,1.113601710737311,2.7027186053582284,1.776304114444143,0.9264144909140855,167.125,163.81730773076924,167.67819120305822,164.9754725977,26.884188416006065,38.322421053535365,10.776039256220274,1.3189217567164049,0.5561147993941603,0.7628069573222446,0.1553969440103442,24.413796300269745,164.0781356397212,-1.270504499999987,39.92042984031314,22.976091119639644,16.944338720673496,168.625,165.510002,167.067501,163.9749985,159.71750250000002,162.43,100.0,48.0,52.0,163.6637644966464,,0.0,0.0,99.83913783739087,73.6507344334532,1.0,0.944224300821492,0.9382883759785767,30.05405160304711,71.1341779576055,96.44794723371788,95.22412662892636,-3.5520527662821073,6.499146320588267,169.2678901556646,8.167465323080675,11.362828233481608,4.232143272884289,7.130684960597319,1.1612336220235164,1.1545430500325082,24.50444899079112
393,2019-12-24,173.429993,173.429993,171.669998,171.889999,168.154892,82900,12468773.639129374,20784400,0.27242891612485914,618365.835952019,76.02356611155119,265.3792219541622,541.0358780417038,4793.17015725828,906.6637973100355,166.97271481793365,2.3443649273929035,165.0485008,173.99045350696505,156.10654809303495,10.835545507681527,0.8825505694450284,0.0,0.0,168.49099933333335,170.72099823333332,166.26100043333332,2.6470243619224916,1.262107924507647,1.0,0.0,157.070007,173.949997,165.510002,10.227290716475258,0.8779621314941533,0.5859272556956604,2.838501894745832,1.9887436705044808,0.8497582242413513,167.84666691666666,164.19538469230773,168.32616163335695,165.48765973861111,28.971344237735252,36.28335100568857,10.202664759575498,1.3453879084854148,0.6049646352940964,0.7404232731913184,0.1742818636170134,24.55982598126924,133.5820822237884,-2.2284937999999954,45.56068347894113,26.73095650791878,18.82972697102235,168.635002,165.510002,167.072502,164.154999,160.1849975,162.43,96.0,44.0,52.0,165.30956169718297,,0.0,0.0,99.91956891869543,68.08322822156074,0.7707845948046425,0.923594864934881,0.934379859771164,31.19041601969526,68.83582308081637,87.11695254343493,94.52163325905094,-12.883047456565054,6.972880417647104,169.75343119143966,5.305399260072266,3.1870265566074,4.023119929628912,-0.8360933730215119,-0.8479476185513035,-0.8515631474055319,23.448716480583286
394,2019-12-26,172.320007,172.990005,171.5,172.729996,168.976639,134900,12556592.972822886,20919300,0.249599865437152,546215.8015731594,75.1866324798606,-336.87256854336033,501.15556359002403,-43.71536873246487,906.6637973100355,167.53977745558407,2.2589289346536128,165.59100035,175.00240278222014,156.17959791777986,11.367045808441054,0.8792737427505751,0.0,0.0,169.35233253333334,171.6503321333333,167.05433293333334,2.7138682598867323,1.234913849999517,1.0,0.0,157.070007,173.949997,165.510002,10.193784664819795,0.9277250164247729,0.324398702312066,2.9795455215339075,2.1869040407103664,0.7926414808235411,168.67249933333335,164.63961557692306,169.00367461284048,166.02412909130658,30.77822146808447,34.60464523474439,10.258488077861555,1.3555842397762083,0.6222718820600354,0.733312357716173,0.19217816730395554,24.66370418693917,118.62882248327601,-2.4609953499999904,51.45030143844242,31.11093675176381,20.339364686678614,170.03499599999998,165.510002,167.77249899999998,164.154999,160.1849975,162.43,92.0,40.0,52.0,166.6920313456337,,0.0,0.0,99.95978445934772,69.50195923243444,0.7690105869384939,0.846598393914379,0.904805853223584,32.55998536325864,71.79714449764664,89.79078404789561,91.11856127501615,-10.209215952104396,7.400585797058824,170.30460757506657,6.086468845318251,-3.0954632408027245,2.5994032955425848,-5.694866536345309,0.48868288142813743,0.48749270252725907,24.051989225366665
395,2019-12-27,173.100006,173.149994,172.029999,172.619995,168.869049,147400,12564489.041823192,20771900,0.2218005950757433,465868.666005565,73.58804340707243,262.1380970352754,396.7424012581691,565.3633073448306,906.6637973100355,168.07440517033973,2.1450355411882507,166.05650020000002,175.88240952756883,156.2305908724312,11.834416979443011,0.8339891800947422,0.0,0.0,170.03733163333334,172.07233073333333,168.00233253333332,2.3935909608229533,1.1345613043923841,1.0,0.0,157.070007,173.949997,165.510002,10.165208817281812,0.9212083656447659,0.3436249663492015,3.0473198442706178,2.358987201422417,0.6883326428482008,169.46333183333334,165.02653853846155,169.5600315954804,166.5127117512098,32.49453171854221,33.87109051259647,9.888152537822384,1.3294370973894742,0.6613535446587798,0.6680835527306944,0.20808943793815293,24.611304188473813,108.25825488374664,-2.08649920000002,54.857632713077905,35.69407512672098,19.163557586356923,170.3499985,165.510002,167.93000024999998,164.154999,160.1849975,162.43,88.0,36.0,52.0,167.8533058503323,,0.0,0.0,99.97989222967385,69.0689793446816,0.7449037685900548,0.7615663167777305,0.8439198585423301,33.51647015982039,69.11260781360602,88.6227393288726,88.51015864006773,-11.377260671127415,7.948084941176489,170.608842498868,5.817439900158146,-8.296770188135428,0.4201685988069823,-8.71693878694241,-0.06368378541501407,-0.06370407215099405,23.972988222745318
396,2019-12-30,172.820007,172.899994,171.820007,172.330002,168.585342,154700,12555894.923653252,20617200,0.21968848735558535,392907.1541333419,78.15751155809245,-160.56411768067048,389.46555486270626,-353.7582000113119,906.6637973100355,168.68872499773465,2.038530687069424,166.53600005,176.60080757789638,156.47119252210365,12.08724543026679,0.7878347118879776,0.0,0.0,170.55099893333335,172.49099683333333,168.61100103333334,2.2749768833172537,0.9585064413385912,0.0,0.0,157.070007,173.949997,165.510002,10.135940574369517,0.9040286753724387,0.36994904314895743,3.0425587484743346,2.4957015108328005,0.5468572376415342,170.15999858333333,165.42346188461536,169.9861808884834,166.94362214000907,33.90707257853386,32.647193119929554,10.233441113726649,1.3091621057323184,0.6377785618841189,0.6713835438481995,0.22119161341648277,24.52781531734568,93.82947768568248,0.3240009499999985,56.74263927262676,40.12611116055346,16.616528112073304,170.5250015,165.510002,168.01750175,164.154999,160.1849975,162.43,84.0,32.0,52.0,168.82877643427915,,0.0,0.0,99.98994611483693,67.86860918552453,0.6635870217311743,0.7258337924199078,0.7779995010373391,33.952470800464894,66.85934711818658,86.14204685337103,88.18519007671308,-13.857953146628972,8.095909599999999,170.791812072319,5.098494205656564,-12.595355951848642,-2.1829363113241427,-10.412419640524499,-0.16799502282455192,-0.16813629270275854,23.764719772884234
397,2019-12-31,171.869995,172.669998,171.360001,172.0,168.262512,307600,12548850.867521824,20309600,0.2740123405691864,322276.32994286425,72.31802841082317,-146.92791774934616,373.6043028272693,-848.9245332459736,906.6637973100355,169.23115740482925,1.96567731836248,167.12649994999998,177.01701615930867,157.2359837406913,11.835964029962547,0.7463723807162468,0.0,0.0,171.0033325,172.89833059999998,169.10833440000002,2.21632885429292,0.7629732188122011,0.0,0.0,157.070007,173.949997,165.510002,10.100127750566221,0.8844787822741603,0.42420997825270756,2.977830565175566,2.5921273217013536,0.38570324347421225,170.58833183333334,165.84884642307694,170.2959992133321,167.31816864815653,34.81395506931086,31.175666788370087,11.354944304099517,1.298609320616802,0.6578663358493191,0.6407429847674828,0.23098854486374273,24.439480971723356,81.63691027427126,0.24349505000000704,59.09056465932384,44.247799366302715,14.842765293021124,170.5250015,165.510002,168.01750175,164.154999,160.1849975,162.43,80.0,28.000000000000004,52.0,169.64817172479448,,0.0,0.0,99.99497305741846,66.45326451741451,0.5226446766181373,0.6437118223131222,0.7103706438369201,33.92052757399276,67.87413001520807,81.69015869868097,85.48498162697489,-18.30984130131902,7.646851473529381,170.91101978979304,3.0804260872562192,-12.614256451182099,-4.269200339295734,-8.345056111886365,-0.19149422397152227,-0.19167780856736982,23.527717483204636
398,2020-01-02,172.830002,173.320007,171.149994,173.300003,169.534271,326500,12869331.26671759,20636100,0.328155726580314,336872.7084510267,72.55431174396419,146.2189984725864,370.9479735048963,1878.7020199705837,906.6637973100355,169.72833941035017,1.9861108865262331,167.9,177.1610234170959,158.63897658290412,11.031594302675265,0.7915446142826705,0.0,0.0,171.3969991,173.3319981,169.4620001,2.257914677807204,0.9917325280271491,0.0,0.0,157.339996,173.949997,165.6449965,9.89279392495532,0.9608673112060624,0.4243108071980854,2.996886153016419,2.673079087964367,0.32380706505205215,171.08249916666668,166.34153865384616,170.75815364205025,167.76126748903383,35.86047691041704,31.084757188208282,10.509867559392767,1.249486532950426,0.665639675528934,0.5838468574214921,0.23922852783049223,24.45233113472566,85.88961070636378,-0.7000030000000095,61.65802886510801,48.09090570490579,13.567123160202215,170.5250015,165.510002,168.01750175,164.154999,160.57749925000002,162.43,76.0,24.0,52.0,170.33646376882737,,0.0,0.0,99.99748652870923,69.17997320394453,0.5280418243492051,0.5714245075661722,0.6469900407664007,34.65788057034365,66.55689689842339,93.88528117147813,87.23916224117671,-6.114718828521879,7.273264311764677,171.11439898002672,3.5430532216960486,-12.074550730479853,-5.830270417532558,-6.244280312947295,0.7558156976744224,0.7529737219129196,24.4613593629216
399,2020-01-03,170.910004,172.880005,170.429993,172.759995,169.005981,309100,13148149.708096651,20327000,0.45111891104556034,264902.82541516575,66.62342452569207,-459.72521352895353,224.04687375929967,1504.5733947967385,903.8386057613787,170.11739410283946,2.0745007978736103,168.6699997,176.78791513907686,160.55208426092315,9.625796470641546,0.7519116718260064,0.0,0.0,171.74899856666667,173.71599826666665,169.78199886666667,2.290551579823589,0.7569894731893839,0.0,0.0,157.960007,173.949997,165.95500199999998,9.480043889512146,0.9255783149332806,0.4342763500575473,2.934585634623744,2.7253803972962425,0.20920523732750151,171.54583233333332,166.7965387307692,171.06612923558097,168.13154360095723,36.19070227185052,28.105498635057224,11.90698999559253,1.2163017242486553,0.760409493353492,0.4558922308951634,0.24492777488950038,24.546030175715753,70.68174905574952,0.5200022999999874,64.4762675096551,51.94439883772023,12.531868671934873,171.104996,165.510002,168.307499,164.154999,160.57749925000002,162.43,72.0,20.0,52.0,,173.949997,0.0,1.0,99.99874326435462,66.75281230374713,0.2718173534677677,0.4408346181450368,0.5519903160081104,34.60228556317422,66.13866450114584,84.8020217619358,86.79248721069831,-15.197978238064199,6.847175420588258,171.23078826925337,3.3253577151679057,-11.930231491956716,-7.05026263241739,-4.879968859539327,-0.31160299518286916,-0.31208948819667626,24.073534039301435
400,2020-01-06,172.360001,172.970001,170.729996,172.940002,169.182083,289700,13430090.162649207,20616700,0.44624632699898814,234509.28291299875,66.18069001565806,150.77661546340588,158.85172546348764,-661.3124072578539,904.780358948552,170.43362489510153,2.091051218086249,169.3034996,176.6403831999489,161.96661600005112,8.667137557443485,0.7478233674052915,0.0,0.0,172.15933180000002,174.13733299999998,170.1813306,2.2978727662556997,0.6973381512609813,0.0,0.0,162.0,173.949997,167.9749985,7.058328403271822,0.9154815687401424,0.4390767872373441,2.8666916485938714,2.7536426475557683,0.11304900103810311,171.85833233333332,167.22192323076922,171.3544173531839,168.48772570459002,36.53145147911137,26.309688649500917,11.019293080112279,1.1271455252437466,0.7968475448793311,0.3302979803644155,0.2483941873543919,24.653170212760326,67.80991257708115,-0.3034996000000092,65.69129369626032,55.494204608194295,10.197089088066022,172.189995,165.510002,168.8499985,164.154999,160.57749925000002,162.43,68.0,16.0,52.0,,173.87959691999998,0.0,0.0,99.99937163217731,67.16634635312448,0.31547228503186453,0.37177715428294583,0.4613454266647182,34.66546195578118,75.06171147043501,85.9722858217857,88.21986291839988,-14.027714178214298,6.3938817764705504,171.44015304973433,2.216443025989207,-12.163403456393338,-8.07289079721258,-4.090512659180758,0.10419483978336697,0.10414059463732528,24.202812259307226
401,2020-01-07,172.369995,172.449997,170.669998,170.809998,167.098373,372700,13116017.161877865,20244000,0.4103367710449642,87600.45809685686,58.20204826211983,-138.50321706439703,136.57973027795032,-4288.482241059978,904.780358948552,170.78195197505795,2.108946496277624,169.68249970000002,176.48924010536268,162.87575929463736,8.022913874320604,0.5828221904211075,0.0,0.0,172.25699873333332,174.1019998333333,170.41199763333333,2.1421493623677836,0.10785911365220352,0.0,0.0,162.259995,173.949997,168.104996,6.889338629892892,0.7313944856467953,0.5887246732532305,2.6109146549967477,2.7250970490439643,-0.11418239404721664,172.0091655,167.51038476923077,171.27066052961715,168.6597458746204,36.79018934834316,24.33012537904244,10.389059637436562,1.0843081924504432,0.8138334152729676,0.2704747771774756,0.24718477537334205,24.764644972300704,43.049847331961615,-1.6824997000000224,63.56468219774622,58.12134375902019,5.44333843872603,171.929993,165.510002,168.71999749999998,164.154999,160.57749925000002,162.43,64.0,12.0,52.0,,173.8106048416,0.0,0.0,49.99968581608866,57.97694181433334,0.0,0.19576321283321083,0.33612499508706445,32.03382248146982,66.76549616633174,54.16053831311612,74.97828196561255,-45.83946168688388,5.974175235294126,171.4336931883341,1.071004733727815,-10.256449685866965,-8.509602574943457,-1.7468471109235075,-1.23164333026895,-1.2392909155935605,22.673076606109
402,2020-01-08,171.199997,172.75,170.580002,172.179993,168.438599,357200,13285561.228185758,20601200,0.4485775380415579,144994.99465444818,57.9060745024524,63.78986142021823,117.326132469727,-1725.3840465760472,912.0372208557673,171.02094671066644,2.115051646649861,170.150499,176.2565906232884,164.0444073767116,7.177283239455434,0.6661860094155474,0.0,0.0,172.16699883333334,173.92399943333334,170.4099982333333,2.0410422576987366,0.5036978264738988,0.0,0.0,162.259995,173.949997,168.104996,6.870389489718742,0.8485882209429904,0.6161901856680486,2.4900529118081636,2.6780882215968047,-0.18803530978864114,172.35749825000002,167.87346123076924,171.41055783275297,168.9205049209448,37.158349795152176,23.57491119331785,9.642186881794595,1.0655008185527566,0.8405351961224146,0.22496562243034202,0.24404142196438275,24.779485257353972,49.86295238350424,1.2194959999999924,61.693688517842574,59.913899874453676,1.7797886433888976,171.875,165.510002,168.692501,164.154999,160.40000150000003,161.510002,60.0,8.0,52.0,,173.742992604768,0.0,0.0,24.99984290804433,61.614623527489634,0.23208688551351822,0.18251972351512766,0.25002003021042807,30.79355245464463,67.55524919398384,74.16049159772614,71.43110524420933,-25.839508402273857,5.59741081470591,171.44993500556177,2.488091071428569,-9.006738711674204,-8.609029802289607,-0.3977089093845976,0.8020578514379428,0.798858463362695,23.65698564862879
403,2020-01-09,173.009995,174.399994,172.619995,173.889999,170.11145,243000,13389315.324115025,20844200,0.46303988859906337,183643.0608466696,65.9118240566501,1351.475960908018,217.77661235053318,5278.305709185107,921.095120630956,171.4113279221017,2.1255465819848745,170.6884987,176.0797773101615,165.2972200898385,6.31709652521713,0.7969147517219568,0.0,0.0,172.29766543333335,174.0566664333333,170.53866443333334,2.0418164060157724,0.9526244063154831,0.0,0.0,163.300003,174.399994,168.8499985,6.503069090501051,0.9540544672513694,0.6154587907003783,2.503394726554319,2.643149522588308,-0.13975479603398888,172.56749858333333,168.4003841923077,171.79201032002175,169.28861559346743,38.12448532474205,27.29945979667752,8.934533208229837,1.1305980602118337,0.7712824800876914,0.35931558012414233,0.24127416639753674,24.81146314504461,92.72546251260158,2.6715023000000144,60.63369020539271,60.934276404114826,-0.3005861987221152,172.41499349999998,165.7350005,169.074997,164.3799975,160.40000150000003,161.510002,100.0,4.0,96.0,170.429993,,1.0,0.0,37.501656262126176,65.61556559291223,0.487350060333249,0.2398123152822558,0.2060317505435314,30.920115444395634,68.90365402180909,93.0137556390503,73.77826184996421,-6.986244360949697,5.511086217647033,171.5488776051194,1.4705047986959445,-10.633503365823172,-9.01392451499632,-1.6195788508268514,0.9931502320365437,0.9882509068535938,24.88508528852753
404,2020-01-10,174.160004,174.160004,171.699997,172.070007,168.330978,258300,13208717.20301212,20585900,0.4139754988108592,90250.63306857452,68.3579008822733,-552.3768098946931,181.40868519772312,-290.1007777950822,921.095120630956,171.79057093761438,2.158992623786386,171.093499,175.53915472756108,166.64784327243893,5.196755871549596,0.6098272178326903,0.0,0.0,172.32133233333334,174.1773335333333,170.46533113333334,2.154116585414725,0.43229386561460326,0.0,0.0,163.320007,174.399994,168.8600005,6.475983637461286,0.7897121178932799,0.6493838608293622,2.340134453474491,2.5825465087655446,-0.2424120552910538,172.45999908333332,168.94807669230767,171.83477904001842,169.49464458654393,38.12932710826168,25.101067150367268,11.226676936856167,1.1010814565171791,0.7789045069787833,0.3221769495383958,0.2362420181789867,24.805850074895623,60.800993830137166,0.7964999999999804,58.21565377589213,61.30738985553863,-3.091736079646502,172.41499349999998,165.86999500000002,169.14249425,164.3799975,159.72500225000002,160.1100005,96.0,4.0,92.0,170.50939302,,0.0,0.0,18.750828131063088,58.61314761073436,0.040590418149653126,0.2533424546654735,0.2252248311542856,28.790587022461718,64.16085123230734,62.05232280982468,76.40885668220038,-37.94767719017532,5.42667472352943,171.5546396299695,-0.7441128245032758,-11.506440550274291,-9.512427722051916,-1.9940128282223757,-1.0466340850344036,-1.0521498197031853,23.5779954187735
405,2020-01-13,172.600006,174.059998,172.320007,173.339996,169.573395,309400,13262059.994900126,20895300,0.3807046762086474,133491.19928735,60.65676409217415,146.21885584422293,162.3531401782607,-419.8818274927371,921.095120630956,172.3903206896134,2.142092461407748,171.41749875,175.5124713002129,167.3225261997871,4.777776574823464,0.7347387224732518,0.0,0.0,172.38533276666666,174.30333356666665,170.46733196666668,2.225248249624706,0.7488693522269009,0.0,0.0,166.119995,174.399994,170.2599945,4.830311409499553,0.8719809024131551,0.6548627580253239,2.286865448030454,2.523410296618527,-0.23654484858807256,172.58083216666668,169.5626918846154,172.0663508800156,169.77948543198514,38.133823050101334,23.455571703374506,10.490714371050068,1.0872342567525957,0.8478721160782524,0.23936214067434325,0.23094084524029881,24.76076211543686,79.7056447261041,1.312497250000007,56.706359596797775,61.303358780446516,-4.596999183648741,172.41499349999998,166.1800005,169.297497,164.3799975,159.72500225000002,159.185005,92.0,8.0,84.0,170.5872050396,,0.0,0.0,34.37708046857713,61.68581734760256,0.23662910588372252,0.2548565281222083,0.24933709935664583,27.966887354204317,60.69755503654978,73.29980521415537,76.12196122101014,-26.700194785844634,5.3389401852941205,171.57400424041697,0.8435610032204518,-10.82560914209556,-9.775064006060646,-1.0505451360349145,0.7380652922272635,0.7353549183979347,24.490081711789657
406,2020-01-14,172.710007,173.789993,171.800003,172.460007,169.200577,309300,13157926.088398078,20586000,0.35746455283548767,75538.08543201326,50.26011418071401,-254.13999513579057,24.06341225004848,713.3616916585922,916.4190297528361,172.36997617888434,2.1268822152669737,171.67199935000002,175.33950876844824,168.0044899315518,4.272693779223721,0.6074308965692292,0.0,0.0,172.4186661,174.4276672,170.409665,2.3303754117142033,0.510288919204672,0.0,0.0,166.75,174.399994,170.574997,4.456168757260991,0.7464067292078916,0.6907604479474895,2.1488707748417823,2.448502392263178,-0.29963161742139555,172.5583330833333,170.03153815384616,172.1269133600132,169.9780425851714,37.629222777649936,21.908862085568906,11.522066674643096,0.9742079568318328,0.9469417425896642,0.027266214242168574,0.22419424779764166,24.716001388253314,55.056704112129715,0.9479956499999673,54.33967530957062,60.7754821860295,-6.4358068764588765,172.41499349999998,168.199997,170.30749525,164.3799975,159.72500225000002,159.185005,88.0,4.0,84.0,170.663460818808,,0.0,0.0,17.188540234288563,58.447768562872696,0.04085258455226993,0.10602403619521526,0.20474100632763234,26.274477247492268,55.363321191028724,51.133841024221304,62.161989682733804,-48.866158975778696,5.23079331470592,171.57850911149706,-0.1563069566677982,-10.175089948974664,-9.85506919464345,-0.3200207543312139,-0.5076664476212578,-0.5089594516863194,23.85808733632262
407,2020-01-15,172.710007,174.470001,172.479996,173.119995,169.848099,264300,13063627.405681198,20850300,0.39158926795344495,89666.19157029703,54.85303303296011,511.9956091572003,41.67886847883692,-558.7614276772565,919.9260779846531,172.4397671179937,2.115193393740277,171.96799925,175.05340665389477,168.8825918461052,3.588350643551233,0.6866845442429755,0.0,0.0,172.55333253333333,174.63033443333333,170.47633063333333,2.4073738472698234,0.6364135648279033,0.0,0.0,167.100006,174.470001,170.78500350000002,4.28567816811417,0.8168240276960826,0.6631723728765804,2.0689153496957715,2.3725849837496966,-0.3036696340539251,172.59999975000002,170.41192273076922,172.2796951507804,170.21077980108464,37.49387174248223,22.70680764685329,10.7509200768192,0.97042730599788,0.9028841806736965,0.0675431253241835,0.2171036786939301,24.770644989282705,87.81926841998435,0.36200275000001625,51.669838822397175,59.66568329239496,-7.995844469997785,172.449997,168.364998,170.4074975,164.41500100000002,160.01750550000003,159.185005,84.0,4.0,80.0,170.73819148243186,,0.0,0.0,8.594270117144282,60.137829954137736,0.1874954337518418,0.15499237472927815,0.17195764634890054,25.38645613273367,50.55122188554208,66.58407607113631,63.67257410317101,-33.41592392886369,5.235587020588241,171.60122002069164,0.2896535827150268,-10.699225997734185,-10.023900555261598,-0.6753254424725874,0.38269046341856683,0.38196006631157076,24.332080424731384
408,2020-01-16,174.279999,175.699997,173.449997,175.669998,172.349915,364000,13417921.062570086,21214300,0.3921815080283549,209456.89163168336,57.48650360116119,679.9441277472516,114.3086324995949,6373.056248373669,919.9260779846531,172.66765234781056,2.16167425436625,172.29199905000002,175.50094600674564,169.0830520932544,3.725009837298791,1.0263407272748755,1.0,0.0,172.7883321333333,174.87333273333334,170.7033315333333,2.413358094562901,1.1910467715612756,1.0,0.0,167.100006,175.699997,171.4000015,4.991520817808973,0.996511740535542,0.6560215915151035,2.1861138701688674,2.335290761033531,-0.14917689086466357,172.87833275,170.9061531538462,172.8012802045065,170.61516633433763,37.90284521779398,24.821087141857156,9.840515605087827,1.0000000351123668,0.836376791371515,0.1636232437408518,0.2126344255148972,24.870110487427983,180.40496361729646,-0.29199905000001536,50.140204921883644,58.07278744930924,-7.932582527425595,173.1399995,168.979996,171.05999774999998,166.0149995,160.51000575,159.185005,100.0,4.0,96.0,170.88746386313457,,0.0,0.0,29.29757918818106,65.90756063508354,0.7078993662469282,0.3120824615170134,0.19103295748050222,26.443579070439316,59.65206897992914,99.43075944534381,72.38289218023384,-0.5692405546561949,5.054617035294115,171.7235182414653,1.938139593359945,-8.468727262970257,-9.71286589680333,1.2441386338330727,1.4729685037248252,1.4622256863892957,26.1634528094135
409,2020-01-17,176.389999,176.699997,175.279999,175.850006,172.526505,333700,13352124.729899198,21548000,0.3398502189010154,188115.71705572933,59.434215054490515,602.1272370386558,138.59357107126493,5703.545754787317,920.8687207542278,172.9303187397627,2.0875066289296242,172.63449935,175.8270760352835,169.4419226647165,3.6986543214758796,1.0035911376572713,1.0,0.0,173.18033243333335,175.1623316333333,171.19833323333336,2.2889425977548075,1.173479980886649,1.0,0.0,167.100006,176.699997,171.9000015,5.560876323183191,0.911459187826323,0.6460257846095363,2.2673827067769423,2.3217091501822136,-0.05432644340527126,173.19916658333332,171.39538396153847,173.27031494227475,171.0029322354978,38.65792755694879,27.00056107305692,9.370199387299225,1.0451704008169287,0.8088950808438233,0.23627531997310536,0.20988144957657492,24.98990346528362,238.5099694017899,0.6655036500000051,48.944814960898555,56.2120675898246,-7.267252628926045,173.6399995,170.0,171.81999975,166.885002,160.695007,159.185005,100.0,4.0,96.0,171.17621585134648,,0.0,0.0,52.14945578850388,66.27861353096746,0.7410201246363053,0.5454716415450251,0.33751549259710556,27.395262332334713,56.94971361254674,86.44353336935689,84.15278962861235,-13.556466630643117,5.265881241176487,171.9062767804928,2.238375581395353,-7.386388736825547,-9.247570464807774,1.8611817279822267,0.10246940402425242,0.10241693996713153,26.292731747603714
410,2020-01-21,174.889999,175.970001,174.570007,174.860001,171.555191,350800,13146653.77445225,21197200,0.3239777906402395,111628.6497620539,56.718325016663954,-287.33958951995277,129.53818022560193,-1633.0026874849768,920.8687207542278,173.12655900870567,2.018755366036661,172.9774994,175.51064061754315,170.44435818245685,2.928867888979492,0.8715745468438234,0.0,0.0,173.47233276666665,175.37033086666668,171.57433466666666,2.18824301227673,0.8655610175092737,0.0,0.0,168.259995,176.699997,172.479996,4.879248474093731,0.7819910469215544,0.6440296664042479,2.2262409952102757,2.3026155191878264,-0.07637452397755062,173.32916641666668,171.81423011538462,173.51488202807863,171.28864103286836,38.65826345492544,25.696582103692023,11.366874834714766,1.0274915426128464,0.8274913295544563,0.2000002130583901,0.20681283402697576,24.87520702435204,165.15259651015168,-0.2175043999999957,47.76912350531817,54.45700551288815,-6.687882007569982,173.6399995,170.010002,171.82500075,166.885002,160.695007,158.79000100000002,96.0,8.0,88.0,171.61811834323876,,0.0,0.0,76.07472789425194,62.26485714645172,0.3827459892770323,0.610555160053422,0.48936975437182023,26.982901582523922,52.378306930397734,70.65399001340374,85.50942760936816,-29.34600998659626,5.311440335294122,171.9725376490317,0.900171940562521,-6.030897042346306,-8.60423578031548,2.5733387379691743,-0.5629826364634827,-0.5645733568374389,25.581725596749315
411,2020-01-22,175.800003,176.619995,172.800003,173.0,169.730377,344400,12838316.136258243,20852800,0.10422735730109074,4169.650596045671,56.196708400388296,-621.1424564343805,95.6657131766709,-5638.355765921907,911.0733602848452,173.2827909601119,2.1988790294329936,173.05899965,175.48253476243636,170.63546453756365,2.800819509343968,0.48782777074339717,0.0,0.0,173.75533293333334,175.85733033333332,171.65333553333335,2.4194910907355975,0.3203297175026621,0.0,0.0,170.429993,176.699997,173.564995,3.6230441714563555,0.4098892121918908,0.7472847876881047,2.020261044607224,2.246144624271706,-0.2258835796644818,173.34916683333333,172.0503839230769,173.43566940837422,171.415408363767,37.16616819921452,22.50312173958825,15.712597403785683,0.9838660545354649,0.8133504211752745,0.1705156333601905,0.20109280913418282,24.95135342835651,80.87113426777472,-0.11899765000001139,46.33902845830145,52.75093217293914,-6.411903714637688,174.199997,171.40999599999998,172.8049965,166.885002,162.070007,159.570007,92.0,4.0,88.0,172.02466863577965,,0.0,0.0,38.03736394712597,55.46838433872055,0.0,0.3745887046377793,0.5102051687454088,24.476575375603666,47.141992589224806,40.98892121918907,66.02881486731658,-59.01107878081093,5.311646432352944,172.00008543324836,0.1389239447477389,-5.058330978522075,-7.8950548199568,2.8367238414347256,-1.0637086751475011,-1.06940649738263,24.245901887176746
412,2020-01-23,172.339996,173.970001,171.550003,173.740005,170.456375,406700,13167710.805262102,21259500,0.11237114305148596,46568.27672518179,47.982599406729136,-1160.3119842650544,2.342071552553697,-1923.75930437564,911.0733602848452,173.31524083005363,2.2209909264896934,173.07799985000003,175.516587905744,170.63941179425606,2.817906444328445,0.6357353384145085,0.0,0.0,173.88033339999998,176.0073308,171.75333600000002,2.4465071562831424,0.46701255958281473,0.0,0.0,170.429993,176.699997,173.564995,3.622646440006222,0.5279122628948881,0.8131338976808684,1.8948895614326773,2.1758936117039003,-0.281004050271223,173.41583375000002,172.29538430769227,173.48249026862433,171.58760070719165,34.91576117398595,20.744298637312887,18.521660841278916,0.9513500383427691,0.9183932421309442,0.0329567962118249,0.19431339404954628,25.051627701835613,4.522542567127374,-2.2680018500000187,44.59835949119006,50.969228760249955,-6.370869269059895,174.125,171.7249985,172.92499924999998,166.885002,162.6100005,160.1100005,88.0,12.0,76.0,,176.699997,0.0,1.0,19.018681973562984,57.45798012978039,0.17008054809974696,0.1842755124589265,0.3898064590500426,23.015423047787955,49.88989816062108,52.79122628948882,54.81137917402723,-47.20877371051118,4.7305589999999995,172.03356491246916,0.4625899102279436,-2.752319206757184,-6.8665076973168775,4.114188490559694,0.42774855491329866,0.42683631126294586,24.777361937038144
413,2020-01-24,174.119995,174.119995,171.020004,172.139999,168.886627,237300,13101878.924685674,21022200,0.10876228922114772,-14324.537635558714,48.746457635412106,-248.21156341235368,17.45018941802511,-445.6891670162004,902.683105876277,173.3576814986939,2.308890933840723,173.09049985000001,175.5070648958072,170.67393480419284,2.792256129482978,0.3033363820168677,0.0,0.0,173.75933373333334,176.01833033333332,171.50033713333335,2.6001441781157473,0.1415809715398965,0.0,0.0,170.429993,176.699997,173.564995,3.6223848249520207,0.2727280556758804,0.985172172445779,1.6474340511228718,2.070201699587695,-0.42276764846482306,173.52666716666667,172.48538438461537,173.27595315037442,171.62851909925155,32.48766840172723,18.725290517818884,18.38298068267048,0.9707077586404347,0.9136805540298972,0.05702720461053745,0.1848883633797454,25.212324655380026,-43.381645040188715,-0.9105068500000186,41.22439071188625,49.081310642027084,-7.856919930140833,173.8600005,171.9000015,172.880001,166.885002,162.85749825000002,160.29000100000002,84.0,8.0,76.0,,176.619995,0.0,0.0,9.509340986781492,52.04375098789396,0.0,0.0566935160332491,0.2051859110433183,20.047668703916166,48.07342375281091,25.49016788412383,39.75677179760059,-74.50983211587616,3.9242654117646794,172.0359114368225,0.7786435311590961,-4.974533962766844,-6.4881129504068715,1.5135789876400274,-0.9209197386635282,-0.9251864198305704,23.62826258157631
414,2020-01-27,169.389999,170.779999,168.5,169.779999,166.571213,477500,13160519.091852415,20544700,0.09798269177583392,-173263.88940190646,40.622991395988464,-1399.0360356020929,-93.25071422951052,-8731.758286022658,902.683105876277,173.05059249974073,2.442001740456649,172.943,175.75701001562084,170.1289899843792,3.254262983319155,-0.062009549085096455,0.0,1.0,173.46366673333333,175.70466253333333,171.22267093333332,2.583821548572593,-0.32188189137465373,0.0,1.0,168.5,176.699997,172.5999985,4.741444869118724,0.15609749613323082,1.3481254775083726,1.2465223658246316,1.9054658328350822,-0.6589434670104506,173.32666766666668,172.50807657692306,172.73811405031682,171.4915916844922,31.4473569889617,16.673253556838734,23.955220318298508,0.8614514875936394,0.9790983321299378,-0.11764684453629837,0.17102677084762144,25.31440718616993,-206.76125803908312,0.9469989999999768,37.698533682090115,46.96932998483734,-9.270796302747222,172.5999985,171.9000015,172.25,166.885002,163.3925055,160.6700055,80.0,4.0,76.0,,176.39599536,0.0,0.0,4.754670493390746,45.268064832439336,0.0,0.0566935160332491,0.09922084817514154,15.159457238244103,46.12539649535476,15.609749613323082,31.2970479289786,-84.39025038667693,2.3454424029412166,171.970824139393,-1.3938866869392847,-0.9313648254386038,-5.3767633254132186,4.445398499974615,-1.3709771196176113,-1.3804617992256851,21.93334738820212
415,2020-01-28,170.679993,172.770004,170.050003,171.279999,168.042862,490000,13113679.252455298,21034700,0.08441028720791045,-43511.90520163413,49.85389232131993,982.533193878366,-13.176684876456022,-2217.28390302925,902.683105876277,173.0134229462483,2.496802066410984,172.8760002,175.77995345279342,169.97204694720656,3.3595794088639823,0.22520198139127548,0.0,0.0,173.27633356666666,175.61533036666665,170.93733676666665,2.699730253814603,0.07324982944255339,0.0,0.0,168.5,176.699997,172.5999985,4.743282462871325,0.3390243923259978,1.4646884392897197,1.0378705056527906,1.731946767398624,-0.6940762617458334,173.10916766666665,172.59576884615385,172.5137886579604,171.4759181523076,29.32703673142317,21.08156251174121,21.838183286653614,0.9178607048941304,0.9125984362448829,0.0052622686492475035,0.15620857290255535,25.406901016676592,-90.13017699756425,-0.805993199999989,34.21967858881511,44.73377479364228,-10.514096204827176,172.5999985,171.9000015,172.25,166.885002,164.42750525000002,160.695007,76.0,96.0,-20.0,,175.9222356384,0.0,0.0,2.377335246695373,49.74639257235475,0.21314663430132785,0.07104887810044273,0.06147863672231361,12.533024877910783,43.32772874688701,33.90243923259978,25.00078557668225,-66.09756076740022,1.3307952441176667,171.95365658707772,-1.500948884357625,2.348190370911149,-3.831772586148345,6.1799629570594945,0.8834962945193592,0.8796163023188086,23.010623994160294
416,2020-01-29,172.130005,174.039993,171.630005,172.139999,168.886627,261400,12962912.52664587,21296100,0.061549033403290154,-5181.061601401238,48.84070917433854,1313.780434221124,76.10835603789441,5641.6260124144055,907.2154942204268,173.0807634877816,2.523121259769886,172.86650004999998,175.77876724746127,169.9542328525387,3.3693829592418942,0.3752688196616525,0.0,0.0,173.26833336666667,175.64932996666667,170.88733676666666,2.748334394100034,0.2630541835577009,0.0,0.0,168.5,176.699997,172.5999985,4.743543137408477,0.44390247947651573,1.5588946023033512,0.9311732305249905,1.5717920600238975,-0.640618829498907,173.11500033333334,172.75499957692307,172.45628255673572,171.52510932621072,27.73201172574708,23.095044266077807,20.07459955887927,0.9571841412673048,0.8761493836371512,0.08103475763015355,0.1420802025911178,25.391524095266043,-14.92371959241896,0.47349595000002864,32.401269757353134,42.592822675304056,-10.191552917950922,172.5999985,172.479996,172.53999725,166.885002,164.492504,160.695007,72.0,92.0,-20.0,,175.476901500096,0.0,0.0,1.1886676233476865,52.16313123456367,0.32817164849232916,0.18043942759788578,0.10272727391052583,11.166136825559507,41.52846641516361,44.390247947651574,31.300812264524826,-55.609752052348426,0.6627071117646892,171.95481967686624,0.0406764672241717,-0.2008385413668896,-3.1055857771920543,2.9047472358251647,0.5021018245101594,0.5008454969068765,23.62826258157631
417,2020-01-30,162.190002,167.619995,158.690002,165.919998,162.78418,864400,13498201.987186322,20431700,0.1324115541325991,-772522.1762869147,38.7955960768243,-10000.2703268159,-734.7306645138141,-29921.204538954535,907.2154942204268,171.57868130371492,3.6158088337928973,172.56249995000002,176.75919503840117,168.36580486159886,4.863971128857254,-0.29139677890330884,0.0,1.0,172.34033346666666,175.41532886666667,169.26533806666666,3.5685150865682393,-0.5439585481439515,0.0,1.0,158.690002,176.699997,167.6949995,10.436795367022615,0.40144353177221864,2.1697463502145453,0.34078442259834674,1.3255905325387876,-0.9848061099404408,172.4966671666667,172.54538430769227,171.4507003172379,171.10991589463956,28.963676925599145,16.22051518923964,42.73672553531128,0.7277866377092902,0.993047874566543,-0.2652612368572528,0.12160750803760316,25.717203948623162,-381.2939659391063,-0.1024929500000269,26.9516053411104,40.01631161077369,-13.06470626966329,167.6949995,167.6949995,167.6949995,166.885002,165.517498,162.079994,68.0,100.0,-32.0,,175.05828741009026,0.0,0.0,0.5943338116738432,37.94854404213495,0.0,0.18043942759788578,0.14397591109873806,4.267542511997574,46.159161672370374,40.14435317722186,39.479013452491095,-59.855646822778134,-1.261823058823495,171.4317987975665,-4.280603537108666,10.300100933755878,-0.4244484350024682,10.724549368758346,-3.6133385826265685,-3.6802360984887983,19.161154870685326
418,2020-01-31,164.740005,165.570007,163.089996,163.850006,160.753296,486500,13309882.007355586,19945200,0.060104880232205275,-806026.3093887831,45.838261530877645,598.9764368002125,-652.4911468927494,-37303.19678042147,895.8972153031842,170.8733115012152,3.5372281504136054,172.0900001,177.72843545460117,166.45156474539883,6.552891337468447,-0.23069864082735747,0.0,1.0,171.26333403333334,174.36133053333333,168.16533753333334,3.6178164082652087,-0.6964713377393009,0.0,1.0,158.690002,176.699997,167.6949995,10.465451211304872,0.2865077974757913,2.8205962896605077,-0.290782061362421,1.0023160137585458,-1.2930980751209669,171.7791670833333,172.17961526923077,170.2813627299705,170.57214479133293,30.10736603974749,15.195592668677582,40.036328418129855,0.8370694906181692,1.024569015132711,-0.18749952451454177,0.09518685402011172,25.92901227082574,-265.7025939859931,1.0299948999999913,18.773358614356546,36.663927572269024,-17.89056895791248,167.65499849999998,167.6949995,167.67499899999999,166.885002,167.067501,163.9749985,64.0,100.0,-36.0,,174.039993,0.0,0.0,0.2971669058369216,34.57210213580292,0.0,0.10939054949744316,0.15675646823107156,-2.468271932483884,48.035425001471474,28.65077974757913,37.72846029081754,-71.34922025242086,-2.9282049970588275,169.88450294393456,-4.992462397383518,10.48477670000022,1.7573965919980694,8.72738010800215,-1.2475843930518815,-1.255432066353368,17.674518899938274
419,2020-02-03,165.089996,167.029999,164.669998,165.059998,161.94043,382700,13053667.54698036,20327900,-0.012762168373062056,-624727.7025618141,46.395527879407176,937.3385001298647,-595.9826008723464,-3243.3526865206754,902.5131959174245,170.37888244313652,3.501504635372244,171.70500024999998,178.10761385555298,165.30238664444698,7.457690336601599,-0.0189288827485038,0.0,1.0,170.22766713333334,173.4196639333333,167.03567033333334,3.7502679250133943,-0.3094727935399787,0.0,1.0,158.690002,176.699997,167.6949995,10.488917022671275,0.3536922692094036,3.2615739730057176,-0.6857617731679966,0.6647004563732374,-1.3504622295412338,171.10750066666665,171.91692292307692,169.4780758484366,170.16383762160459,30.550508404749763,17.377413219636665,37.192484921238645,0.8493386282048765,0.9791975192072598,-0.12985889100238335,0.06714276113942094,26.085704718025582,-169.7326593281727,3.964997750000009,11.951462746070721,32.68418748790819,-20.73272474183747,167.65499849999998,167.6949995,167.67499899999999,166.885002,167.072502,164.154999,60.0,96.0,-36.0,,172.81199372,0.0,0.0,0.1485834529184608,38.0423282106803,0.10944837265845066,0.03648279088615033,0.10877092266049306,-6.435235708783088,44.88209122100682,35.36922692094036,34.7214532819138,-64.63077307905964,-3.70546965294119,169.11546937607548,-4.655728530953332,8.595831024847682,3.125083478567992,5.470747546279689,0.7384754078068267,0.7357620284050626,18.543516283269312
420,2020-02-04,167.690002,169.949997,167.589996,169.089996,165.894257,515800,13193545.235252531,20843700,-0.03100439449978705,-238527.60671012593,53.664859920296145,1336.0213648697102,-482.3996465862392,15419.584096369059,902.5131959174245,170.12148790063154,3.6403540718350187,171.51249995,177.98612637581542,165.0388735241846,7.548868365515782,0.3128943662597231,0.0,0.0,169.6019998,172.88999729999998,166.31400230000003,3.8773098240318915,0.4221404821627766,0.0,0.0,158.690002,176.699997,167.6949995,10.500689457182624,0.5774567955182675,3.4124943142197828,-0.6659225414126126,0.3985758568160674,-1.06449839822868,170.55916716666667,171.7769229230769,169.41837125636943,170.08429379778204,29.85165277198734,21.833289310507414,33.277989257566695,0.8760156821679282,0.889284994057631,-0.013269311889702706,0.04370242601302616,26.235538826252398,-69.04972180002756,4.337506050000002,7.4029346747413936,28.35795484529042,-20.955020170549027,166.40499849999998,167.6949995,167.04999899999999,166.885002,167.77249899999998,164.154999,56.00000000000001,92.0,-35.99999999999999,,171.6822343824,0.0,0.0,0.0742917264592304,47.945227635853314,0.4217785215591358,0.17707563140586227,0.1076496572631519,-6.109195980657151,49.78291534231803,57.74567955182674,40.58856207344876,-42.25432044817326,-4.281559347058845,169.1142445396049,-3.745660656294867,9.461787626988523,4.392424308252098,5.069363318736425,2.4415352289050674,2.4122061846564513,21.43779799490815
421,2020-02-05,170.289993,171.699997,169.5,170.419998,167.199127,547200,13104003.046240453,21390900,-0.0015395014848231647,-100484.07798010959,55.80024454575521,735.7454148380808,-466.41751760903344,16897.520037892747,902.5131959174245,170.01822052561693,3.537318764651515,171.49299994999998,177.9773139773444,165.00868592265556,7.562190910690202,0.41726172225195063,0.0,0.0,169.2419997,172.3679977,166.1160017,3.6941161242967704,0.6884195543311289,0.0,0.0,158.690002,176.699997,167.6949995,10.501883461861969,0.6513047893683478,3.508871034681124,-0.536693097257654,0.21152206600132314,-0.7482151632589772,170.1066665,171.69230765384614,169.57246767846644,170.1091607757241,28.611332138301076,24.412723491341463,31.37960270764315,0.8939132763156142,0.8620080675334195,0.031905208782194716,0.025779034965342132,26.375074432809473,-24.405384648764393,3.3670010500000274,4.716855437622939,23.92667661711629,-19.20982117949335,166.40499849999998,167.6949995,167.04999899999999,166.885002,167.93000024999998,164.154999,52.0,88.0,-36.0,158.690002,,1.0,0.0,0.0371458632296152,50.74333533440289,0.510028776015585,0.3470852234110573,0.18688121523435663,-4.840906978741756,51.104324104005585,65.13047893683479,52.748461803200655,-34.869521063165216,-4.81591241764707,169.1381795041381,-3.087863414687637,10.524342776469476,5.618808001895574,4.905534774573902,0.7865645700293022,0.7834872769801215,22.39298468855988
422,2020-02-06,170.979996,171.429993,168.580002,171.190002,167.954559,332900,13380837.603296947,21723800,0.012246950371637384,-49510.01946866537,49.9591734932373,-509.38645088344333,-551.3697017969403,5808.214261176836,906.5909965221939,169.74225469670995,3.468585988186362,171.4435004,177.9211926777179,164.9658081222821,7.556649581470973,0.4804329698655182,0.0,0.0,168.97333263333334,172.14232993333331,165.80433533333334,3.7508845338058263,0.8497430191352126,0.0,0.0,158.690002,176.699997,167.6949995,10.504915589089316,0.6940590488781367,3.579633853589452,-0.36790397608490366,0.09563685758407779,-0.46354083366898147,169.80083325,171.6484615,169.8213191125485,170.1892230886334,27.69316132987547,22.877990117437164,31.436253311561263,0.8640971524234635,0.8983643754821129,-0.034267223058649376,0.013142849179764464,26.523694136362916,-25.627920958129394,1.556499599999995,1.329699012966884,19.49393309501414,-18.164234082047255,166.36499750000002,167.6949995,167.0299985,166.885002,168.01750175,164.154999,48.0,84.0,-36.0,158.9502019,,0.0,0.0,0.0185729316148076,52.34060331477855,0.5604054308442601,0.49740424280632717,0.3405216992077489,-3.3120199091252815,53.25758185146759,69.40590488781368,64.09402112549175,-30.59409511218633,-3.493559544117659,169.17528089346783,-2.09882133078566,7.423262608669448,5.979698923250349,1.4435636854190994,0.45182725562524784,0.4508095805514145,22.94598955235603
423,2020-02-07,170.190002,171.559998,169.800003,171.350006,168.111557,490600,13754366.730709242,22214400,0.045476804688336876,-31223.164915997848,51.15821169269634,242.1528546646981,-577.0821576807942,1962.675848182425,906.5909965221939,169.4999105837777,3.297726889367726,171.31650075,177.6962075427148,164.93679395728518,7.447860264230635,0.5026259239717944,0.0,0.0,168.8209996,171.8559973,165.7860019,3.5955215372389078,0.9166405793322341,0.0,0.0,158.690002,176.699997,167.6949995,10.512703050292723,0.7029432268026733,3.619611482572761,-0.21870529737591937,0.03276842659207836,-0.2514737239679977,169.66333375,171.62346173076924,170.05650171061797,170.27520700799388,26.7938263872744,22.25630608705402,30.174681354750753,0.8531920272032765,0.915860539210183,-0.06266851200690648,0.004743263546595668,26.539012968775534,-9.887810588452068,2.4235042500000077,-2.5533388611715377,15.02150281242951,-17.57484167360105,166.36499750000002,167.6949995,167.0299985,166.885002,168.01750175,164.154999,44.0,80.0,-36.0,159.205197802,,0.0,0.0,0.0092864658074038,52.68395859451765,0.6540286963774499,0.5748209677457651,0.4731034779877165,-2.0158163317008873,56.06780859764654,70.60796956250913,68.38145112905255,-29.39203043749087,-2.29488315588236,169.1920109371758,-0.9537537572254291,7.74246844328285,6.33225282725685,1.410215616026,0.09346573872930364,0.09342208670544139,23.060901929729184
424,2020-02-10,170.589996,174.800003,170.589996,174.470001,171.172592,348200,14047979.317244133,22562600,0.10339432977689245,128434.75278628699,56.970414368827065,2436.289458642445,-382.5372256691945,6798.678431913495,923.0984915741302,169.39358988976548,3.388954900430953,171.43650045,177.95711525848267,164.91588564151735,7.60703209802678,0.732608476278472,0.0,0.0,169.18099966666665,172.40899816666666,165.95300116666667,3.816029585308099,1.3192385054288802,1.0,0.0,158.690002,176.699997,167.6949995,10.50534451690623,0.8761800877790361,3.616482827059786,0.1495691124088978,0.05612856375544226,0.09344054865345555,169.72416675,171.66846165384612,170.73550160129213,170.58593248888323,24.88444377472893,27.381681676321932,27.34749246432534,0.888277673417654,0.8473672262927936,0.04091044712486036,0.0030983438444772728,26.58013539831504,49.71988390501609,0.7034985499999777,-3.889925589435145,10.787102348179483,-14.677027937614628,166.7450025,167.6949995,167.220001,166.885002,168.01750175,164.154999,40.0,76.0,-36.0,159.45509378595997,,0.0,0.0,30.416316633229986,58.901627043188526,1.0,0.7381447090739034,0.6034566398753318,1.215232239037341,62.939021854294324,88.00895237382416,76.00760894138233,-11.991047626175833,-1.0591182058823563,169.39744684274612,0.4201657528443146,5.319647474544715,6.129731756714423,-0.8100842821697078,1.820831567405956,1.8044529486788363,25.301633679200176
425,2020-02-11,174.639999,178.059998,174.639999,176.050003,172.722733,313400,13992997.66976412,22876000,0.09000476226915004,180825.87764538918,62.5247696363721,3988.542732929493,-53.273997857489285,9178.288919219805,931.4580803545767,169.47712667788863,3.409059110387859,171.5720008,178.35264960341107,164.79135199658896,7.904143766808662,0.8302045519410547,0.0,0.0,169.6693328,172.9673311,166.37133450000002,3.887559696940105,1.4673549862048167,1.0,0.0,158.690002,178.059998,168.375,11.289718549461606,0.8962315221954613,3.5904495830561345,0.5624387484236877,0.15739060068909136,0.4050481477345963,170.05000041666668,171.79500042307694,171.55311720109333,170.99067845266964,24.003223927707687,32.40660396693135,25.180890334790178,0.9918944132042535,0.7955045626499903,0.19638985055426328,0.00784849928205161,26.6088001217295,115.1866933886211,-1.7920018000000084,-4.360301990069967,6.7024832651324715,-11.062785255202439,168.375,168.375,168.375,167.5650025,168.307499,164.154999,100.0,72.0,28.0,160.06889015452157,,0.0,0.0,65.208158316615,61.64998394137504,1.0,0.8846762321258167,0.7325473029818284,4.779946439837966,64.40982661988507,89.62315221954614,82.74669138529316,-10.376847780453863,0.2646762088235448,169.66102261546237,2.271409331192116,2.6576781942639385,5.4353210442243265,-2.777642849960388,0.9056009577256718,0.9015249818220106,26.43636647384493
426,2020-02-12,176.830002,178.139999,176.199997,176.809998,173.468353,350000,13863100.89646183,23226000,0.08639942268418133,192993.35941033377,69.02331574824599,454.5144771425666,62.07074938591222,4349.077829045535,931.4580803545767,169.67104652393448,3.2771527993490714,171.78950035,178.93915669904172,164.63984400095828,8.32374078098507,0.8511006267226336,0.0,0.0,170.11399936666666,173.36499906666668,166.86299966666667,3.8221424598839127,1.5298368580798876,1.0,0.0,158.690002,178.139999,168.4150005,11.321994045254813,0.9316194753140589,3.5760998967260993,0.9401289333535487,0.31393826722198287,0.6261906661315659,170.63583366666668,171.9438464230769,172.36186809323283,171.42173915987928,23.205504083186774,31.05425520818703,23.989330554444383,1.0411498490814663,0.7408711111908568,0.30027873789060955,0.01753100081128951,26.585575576340563,120.63802567597831,-0.5095013499999936,-3.8988196128095405,3.274658270252477,-7.173477883062017,170.61499750000002,168.4150005,169.514999,167.605003,168.8499985,164.154999,100.0,68.0,32.0,161.14835662525027,,0.0,0.0,82.6040791583075,62.9339758478049,1.0,1.0000000000000002,0.8742736470665734,8.053183646890602,64.34504858076868,93.16194753140589,90.26468404159208,-6.8380524685941175,1.4391172117647102,169.93803818685691,4.140652044649855,1.2027192699498392,4.58880068936943,-3.3860814194195905,0.43169269358092066,0.4307635736745752,26.98218302994173
427,2020-02-13,175.639999,176.5,174.410004,174.690002,171.388428,289700,13651023.457079172,22936300,0.07174565802691683,77685.33075171408,68.37314043609354,-1237.2574318315574,-8.575384072602333,-1962.65086881399,920.2896655202562,169.82515768920214,3.1894369194141663,171.86800069999998,179.10826833670976,164.6277330632902,8.42538181304366,0.694882388441819,0.0,0.0,171.22633306666665,173.79333306666666,168.65933306666665,2.9983705824039935,1.174653084015062,1.0,0.0,158.690002,178.139999,168.4150005,11.316822748145228,0.8226222348517588,3.545877433124466,1.0562098368358477,0.46239258114475584,0.5938172556910919,170.92000058333335,172.09307734615385,172.72004254042778,171.66383270359194,21.87264923711337,29.337466884529356,26.786338951996,1.012207349600386,0.7652580837134751,0.2469492658869109,0.02764000728713186,26.505035690037637,74.82028827286237,0.271998300000007,-2.1567419224124933,0.9490915439448059,-3.105833466357299,171.40499849999998,168.4150005,169.90999949999997,167.605003,168.71999749999998,164.154999,96.0,64.0,32.0,162.50768801523026,,0.0,0.0,91.30203957915376,57.18262557359575,0.7972154332040716,0.9324051444013574,0.9390271255090581,9.04894628482092,58.034948550093034,82.26222348517588,88.34910774537599,-17.737776514824127,2.443676744117596,170.59718518534393,1.9908938696338905,-1.1999307533401096,3.431054400827522,-4.6309851541676315,-1.1990249555910326,-1.2062712412429732,25.45963496625845
428,2020-02-14,174.770004,175.350006,174.029999,174.789993,171.486526,426500,13715638.187531361,23362800,0.03608823653724079,72679.7351443274,68.80169583785751,-236.76546189835562,74.44394262052175,-3229.450498065951,920.2896655202562,170.17850994429415,3.00249392747275,171.82400045,178.981535114226,164.666465785774,8.331239693501159,0.7071937258525833,0.0,0.0,172.28166603333332,174.73266563333337,169.8306664333333,2.845340025358018,1.011694691151039,1.0,0.0,158.690002,178.139999,168.4150005,11.319720731132584,0.827763161094576,3.437354770271553,1.1430963243295764,0.59853332978172,0.5445629945478564,171.14083341666665,172.19346196153845,173.03849645728505,171.89540013295547,20.51164355773367,28.407267898564925,26.849808667123646,1.072060309941624,0.7382680589416323,0.33379225099999166,0.03765600048731482,26.376386502098867,64.82674309907362,-5.904002450000007,0.8884623340823988,-0.2801307240538965,1.1685930581362953,172.86499750000002,168.4150005,170.639999,167.605003,168.692501,164.154999,92.0,60.0,32.0,163.75827289401184,,0.0,0.0,95.65101978957688,57.38046094882022,0.8041908318407545,0.8671354216816088,0.9331801886943222,9.898012655962017,58.982890401191405,82.77631610945761,86.06682904201314,-17.2236838905424,3.1737653794117193,171.63901180888317,1.5394411614932222,-0.2982121910105333,2.685201082459911,-2.983413273470444,0.0572391086239854,0.05722273329462624,25.531446942996027
429,2020-02-18,174.279999,175.589996,173.270004,174.949997,171.643524,301600,13850837.873737173,23664400,0.06068841800987808,69190.80246656576,62.60016736411987,-200.00123341511957,-10.022802186155785,520.2115786039773,921.1321052109649,170.3057881351909,2.9342437347254764,171.779,178.84545802761133,164.71254197238866,8.227382890354855,0.7243696196602111,0.0,0.0,173.18333276666664,175.6303314666667,170.73633406666664,2.8259055428814426,0.8609859362273697,0.0,0.0,158.690002,178.139999,168.4150005,11.322686125777887,0.8359895890986516,3.378171037337567,1.2109068963052323,0.7210080430864225,0.48989885321880977,171.89333333333335,172.2342311153846,173.3325734638566,172.12166656755136,19.097515950439057,26.798970720297582,27.184334352410083,1.0324320958042863,0.7749703367282494,0.25746175907603686,0.04728304842892299,26.22237259598899,64.95306174345423,-7.928993999999989,4.10176548632242,-0.6469273005448936,4.748692786867314,173.3600005,168.4150005,170.8875005,167.605003,169.074997,164.3799975,88.0,56.00000000000001,31.999999999999993,164.90881098249088,,0.0,0.0,97.82550989478844,57.71712984054942,0.8160613060960125,0.805822523713613,0.8684543632655264,10.683195875084412,57.6222252125595,83.59895890986516,82.87916616816624,-16.40104109013484,3.4666477294117612,172.4209860585577,5.44238133368348,-2.1608305561891856,1.7159947547300916,-3.876825310919277,0.09154070965606831,0.0914988367003211,25.64635932036916
430,2020-02-19,175.839996,176.0,173.529999,173.539993,170.260162,283100,13570028.805117365,23381300,0.05194849392816019,2281.8117713426327,57.874298129466595,292.28156128558334,-82.98700739583727,-2005.5487683763806,913.7082699714829,170.3978598919136,2.8878194612529287,171.7129996,178.6871741519883,164.73882504801168,8.123059486741752,0.630982769816046,0.0,0.0,173.73133286666666,176.18933156666668,171.27333416666664,2.82965503049062,0.46107811882352684,0.0,0.0,158.690002,178.139999,168.4150005,11.327038165606652,0.7634957989967823,3.3672575821944837,1.1377563769550534,0.8043577098601488,0.3333986670949046,172.70083225,172.29076903846155,173.36448416172482,172.22672778476976,17.823198100064534,26.177240161216808,25.527280192024875,1.0132086325763816,0.7978787740765606,0.215329858499821,0.05452745715766112,26.12646657964843,61.01151432675591,-6.653001599999982,5.276708201742556,-0.584721437864936,5.8614296396074925,173.3600005,168.4150005,170.8875005,167.73999750000002,169.14249425,164.3799975,84.0,52.0,32.0,165.9673060238916,,0.0,0.0,98.9127549473942,53.69201623878228,0.6741414300455165,0.7647978559940946,0.8125852671297721,10.219636284561474,50.845549513298444,76.34957989967825,80.90828497300036,-23.650420100321764,3.078912664705882,172.5199051393097,5.913937531378547,-4.053269318225272,0.5621419401390189,-4.615411258364291,-0.8059468557750193,-0.8092121637119476,24.633716438030874
431,2020-02-20,173.089996,175.070007,172.639999,173.580002,170.299408,344800,13491987.625993678,23726100,0.08020213853912536,3926.5676897221456,62.977410945525406,-641.327950977966,585.5088765925866,-2202.143190992229,913.7082699714829,171.62166499567093,2.8420383151276374,171.7419997,178.7421148593958,164.74188454060422,8.151896649187309,0.6312837187780383,0.0,0.0,174.05366663333334,176.53466643333337,171.57266683333333,2.8508446250966593,0.4045415817177134,0.0,0.0,158.690002,178.139999,168.4150005,11.325125498698846,0.7655528173089188,3.049451205336613,1.0706704329974173,0.8576202544876026,0.21305017850981467,173.41083258333333,172.30000003846152,173.39764075222868,172.32697031923126,16.77672285858359,24.58921313490518,26.200540791044236,1.2364576641792127,0.7157895293561499,0.5206681348230627,0.059800890577491266,26.049100728221678,48.2597588668813,-2.6520036999999945,5.856681403045004,-0.0817233945229228,5.938404797567927,173.970001,168.4150005,171.19250075,168.050003,169.297497,164.3799975,80.0,48.0,32.0,166.9411214619803,,0.0,0.0,98.86346785498473,53.79049142278435,0.6776135273054518,0.7226054211489937,0.7644086002855671,9.866382084994738,43.428954872865084,69.70102265095902,76.54985382016748,-30.298977349040985,2.361795914705908,172.5865326529134,5.161761846137911,-4.1865883886935595,-0.3876041256274968,-3.7989842630660626,0.02305462810523462,0.023051970934240273,24.66245027784939
432,2020-02-21,172.649994,173.880005,171.779999,173.350006,170.073761,231300,13606536.751281891,23494800,0.05502588697285083,-4234.095523095299,56.817458329465794,-930.6131647237288,476.25247648373363,-226.9834700788934,912.4975933679628,172.38648996336937,2.7678350836148744,171.72249975,178.70238678841292,164.74261271158707,8.129263257376879,0.6165854290365471,0.0,0.0,174.3140004,176.7200017,171.90799909999998,2.7605370704348933,0.299668769921283,0.0,0.0,158.690002,178.139999,168.4150005,11.326411523426474,0.7537278283384834,2.4992948530393844,0.987561588779954,0.8836085213460729,0.10395306743388111,173.76583341666665,172.33423076923074,173.3903123288089,172.40275074002895,16.106137021835504,23.27512764777555,26.988895635976125,1.112507076467609,0.6970174793623044,0.41548959710530464,0.06314632613460952,25.965874631095694,31.05723165256229,-1.3025017500000047,7.738712499955754,1.0618378678245541,6.6768746321312,174.36499750000002,168.4150005,171.389999,168.4150005,170.30749525,164.3799975,76.0,44.0,32.0,167.83703166502187,,0.0,0.0,96.85718662670844,53.09154551512751,0.6045890382122426,0.6521146651877371,0.7131726474436085,9.386492147247715,46.56390836428164,64.43954978177075,70.16338411080268,-35.560450218229256,1.8192958705882347,172.61673069153653,2.519374357309698,-6.819155456295206,-1.6739143917610388,-5.145241064534168,-0.13250143873140274,-0.13258929950747955,24.497270737673425
433,2020-02-24,168.5,170.610001,167.720001,169.440002,166.23764,390700,13680891.692942787,23104100,0.07123417790400366,-221863.3051340825,49.536616505468885,-2710.9938290248438,215.65731011554018,-9118.927572379307,912.4975933679628,172.65352925493954,3.054052075253388,171.58749989999998,178.6339898987161,164.54100990128387,8.213290598467553,0.34761931824275133,0.0,0.0,174.14933363333333,176.66833543333334,171.63033183333332,2.892921548931909,-0.43476146649305925,0.0,1.0,158.690002,178.139999,168.4150005,11.335322801098751,0.5526993140410255,2.1904994237121143,0.5992844078257349,0.8267436986420054,-0.22745929081627048,173.68416708333334,172.19269257692306,172.78257227822291,172.18328787039718,16.682404175028438,20.16393313268859,33.02072771822831,0.9773789519886639,0.7843618093032172,0.19301714268544667,0.0604757642467237,25.911599098977124,-49.54145567652107,-0.3974978999999905,8.97419176078656,2.4911842400714104,6.48300752071515,172.93,168.4150005,170.67250024999998,168.4150005,170.4074975,164.41500100000002,72.0,40.0,32.0,,178.139999,0.0,1.0,82.21859212576396,42.88867669178534,0.0,0.42740085517256493,0.6007069805030986,5.821610384792041,44.335648109956004,17.53559690930878,50.55872311401286,-82.46440309069122,0.7875308058823975,172.545107905355,-0.5750475363812643,-5.2082269825452014,-2.3807769099178717,-2.8274500726273297,-2.255554580136565,-2.2813813086403734,21.689166845404806
434,2020-02-25,170.119995,170.130005,161.940002,162.839996,159.762405,454100,13326593.188839678,22650000,0.020490579401012027,-618320.3650577837,40.321401851969696,-5645.163821843773,-282.9987746497086,-26500.498777312503,912.4975933679628,172.35161852312194,3.567647167728051,171.24049975,179.22935059858952,163.25164890141048,9.330562408136773,-0.025764212476387802,0.0,1.0,173.31766706666667,176.2346684666667,170.40066566666664,3.3660750797874597,-1.295966067528549,0.0,1.0,158.690002,178.139999,168.4150005,11.358292593396847,0.21336733368133792,2.8638910394043395,-0.23824701779739144,0.613745555354126,-0.8519925731515174,172.98833324999998,171.69923096153843,171.25294515849632,171.4911921762937,18.395262275149214,16.67255281997055,39.52303904300089,0.838753774931514,0.909938441441544,-0.07118466651002997,0.046263165376696835,26.254026950312596,-128.949645182158,0.10950625000000969,5.465863083672449,3.5829803593761227,1.8828827242963264,170.0400005,168.4150005,169.2275005,168.4150005,171.05999774999998,166.0149995,68.0,100.0,-32.0,,177.93159903999998,0.0,0.0,52.500792953005245,31.784921271303105,0.0,0.20152967940408104,0.42701506658812766,-1.9159620934670853,37.082008228808185,5.555519547318565,29.176888746132715,-94.44448045268143,-0.7204392294117383,170.32160635539935,-4.877624804280322,-2.4953068275730117,-2.4036828934488996,-0.09162393412411207,-3.8951876310766242,-3.9730794585896234,16.949145470082417
435,2020-02-26,164.039993,164.520004,159.300003,159.309998,156.299103,555100,12773618.944945855,22094900,-0.041623048654766535,-809917.7257352436,29.846441688285253,-3879.031548369661,-612.6257005931187,-29721.343138916352,912.4975933679628,171.3175986452204,3.732882550955246,170.64199969999999,180.17384060324693,161.11015879675304,11.171740743784715,-0.09442881050080384,0.0,1.0,171.79700056666667,174.89400216666667,168.69999896666667,3.6054198732045872,-1.5159825824220863,0.0,1.0,158.690002,178.139999,168.4150005,11.39813002320319,0.03187640594494769,3.8102717582891197,-1.1733128239944506,0.25633387948441066,-1.4296467034788614,171.98499925000002,171.0630768076923,169.4155686725738,170.58888149656826,20.39531086692179,14.901530644748318,40.69698691679346,0.7589095045786067,1.0817947134954027,-0.32288520891679595,0.02083960668100367,26.63748068033608,-171.44757105453328,3.828001300000011,-1.9533666892246049,3.7991417953300046,-5.7525084845546095,167.9000015,168.4150005,168.157501,168.4150005,171.81999975,166.885002,64.0,100.0,-36.0,,177.29193515839998,0.0,0.0,26.250396476502623,27.660177166997414,0.0,1.4802973661668753e-16,0.20964351152554872,-9.975454976687022,31.299569098586453,0.05305202824885704,7.714722828292081,-99.94694797175114,-3.007615076470586,166.37088514611455,-7.0265582599396,1.68138360246822,-1.5866695942654756,3.2680531967336957,-2.167770871229946,-2.191612204012472,14.413955960429625
436,2020-02-27,155.929993,158.970001,152.149994,152.149994,149.274429,666500,12107118.944945855,21428400,-0.09979983693484797,-1375949.8600587817,28.350935396669982,-6497.687227313139,-1040.361470338097,-41988.36939670119,912.4975933679628,169.30596331535554,4.0755946958597224,169.64249945,182.08444634696997,157.20055255303004,14.668431480682203,-0.20296496178825618,0.0,1.0,169.5343337333333,173.11933583333337,165.94933163333332,4.22923430440822,-1.9245926848038981,0.0,1.0,152.149994,178.139999,165.1449965,15.320456303262747,0.0,5.2830977933224785,-2.4637115630491735,-0.28767520902230614,-2.1760363540268672,170.12499866666667,170.18961499999997,166.75932641525478,169.22303797830395,23.094320887486635,12.880463466125972,48.72121244957726,0.6631952326365945,1.1719394232456124,-0.5087441906090179,-0.01918513002097075,26.89878682263161,-222.2823983831352,6.407503550000001,-13.437053594052466,2.5457738318144525,-15.982827425866919,164.074997,165.1449965,164.60999675,165.1449965,171.82500075,166.885002,60.0,100.0,-40.0,,176.21241922889598,0.0,0.0,13.125198238251311,21.551174631027465,0.0,1.4802973661668753e-16,0.06717655980136045,-19.84547575081178,23.347948776665486,0.0,1.869523858522488,-100.0,-6.192939602941152,160.31878257835234,-12.79303425922489,6.797092759013991,0.09008287639041779,6.707009882623574,-4.4943845897229995,-4.598514012245314,9.271752755251628
437,2020-02-28,147.649994,151.979996,145.570007,148.0,145.202866,979200,11870338.049128404,20449200,-0.18732827052761444,-1759910.4693075262,18.051119153040105,-4441.559408194845,-1374.912346256636,-56663.41561748403,912.4975933679628,165.74346977372406,4.326033926273749,168.74649955,184.3188767732573,153.17412232674272,18.456533634516262,-0.1661314214446072,0.0,1.0,166.8660003,170.8830017,162.84899889999997,4.814643357877635,-1.8482690720496044,0.0,1.0,145.570007,178.139999,161.855003,19.30113637133517,0.07460833886603341,6.825537440708915,-3.7776848934989005,-0.985677145917625,-2.7920077475812755,167.7874984166667,169.22807653846152,163.87327619752327,167.65096109102217,26.13496570780055,11.356140230104696,54.789739997803565,0.5553762979176026,1.2818167249231054,-0.7264404270055028,-0.07198303682578656,27.151956530231143,-245.5542073178252,8.063498449999997,-25.359864951134035,-0.3707069776540403,-24.989157973479994,160.78500350000002,161.855003,161.32000325,161.855003,172.8049965,166.885002,56.00000000000001,100.0,-43.99999999999999,,174.2874252105843,0.0,0.0,6.562599119125656,18.940114701492547,0.0,1.4802973661668753e-16,1.4802973661668753e-16,-28.689978041395097,25.74290824773097,7.460833886603341,2.50462863828408,-92.53916611339666,-10.276439908823505,155.05906171356742,-15.932975019602813,15.316842892564564,3.135434879625247,12.181408012939317,-2.7275676396017468,-2.7654563144095867,6.291291787873754
438,2020-03-02,149.350006,153.740005,148.550003,153.039993,150.147583,1001400,12601606.354843898,21450600,-0.07694633805315564,-787487.6893778783,25.03645765870209,1228.3121345121804,-1461.196440837369,7393.34003923602,912.4975933679628,163.2215495235905,4.467431033646374,168.2059989,185.11381095114436,151.29818684885564,20.10369684995148,0.0515089162889791,0.0,0.0,164.57133373333335,168.97533463333338,160.16733283333332,5.352087511347686,-0.8091891890091648,0.0,1.0,145.570007,178.139999,161.855003,19.363157207825353,0.2293517910596972,7.713474107935531,-4.362049914295682,-1.6609516995932365,-2.701098214702445,165.80666466666665,168.43192223076923,162.20661724405815,166.56866715835383,28.37847068687641,13.287781803282622,49.30781310605689,0.5959121667457549,1.2905311540323736,-0.6946189872866187,-0.1252722457066878,27.28645951920113,-172.781527437161,6.484003099999995,-34.89735956731776,-4.7039430947251715,-30.193416472592585,160.78500350000002,161.855003,161.32000325,161.855003,172.92499924999998,166.885002,52.0,96.0,-44.0,,171.41568338952587,0.0,0.0,3.281299559562828,30.027748863657536,0.252026848138888,0.08400894937962948,0.028002983126543257,-31.166011500028013,31.305190500198858,22.93517910596972,10.132004330857702,-77.06482089403029,-13.23970411764708,154.61139765274237,-13.443812719233216,20.82469241550879,6.673286386801956,14.151406028706834,3.405400675675674,3.34870056282055,9.910936156602412
439,2020-03-03,153.229996,156.160004,148.820007,149.419998,146.596024,600400,12099362.960738966,20850200,-0.10127934054034425,-985481.5906096115,19.25959393451015,1644.2883036301532,-1628.6431857873217,19899.871745380653,890.9134527733924,161.6009359070707,4.754687630281735,167.4239989,186.1864964412983,148.66150135870168,22.413151835544053,0.020213104348948588,0.0,0.0,162.25766746666667,167.16366886666668,157.35166606666667,6.047173580882235,-0.8083638201434942,0.0,1.0,145.570007,178.139999,161.855003,19.453598178271676,0.11820669160741551,8.754366277445767,-5.058950316181551,-2.3405514229108997,-2.7183988932706518,163.70083100000002,167.55807603846156,160.2394450526646,165.29839536884614,29.700304554549632,15.671290210509984,43.336665743968524,0.5615676607737998,1.2892276974034074,-0.7276600366296075,-0.18059962655207076,27.482510059637505,-146.1813483055178,7.365994100000023,-47.402038771764246,-10.557137202892594,-36.84490156887165,160.320007,161.855003,161.08750500000002,161.855003,172.880001,166.885002,48.0,92.0,-44.0,,168.83111575057328,0.0,0.0,1.640649779781414,27.154714234563826,0.18672149520478817,0.14624944778122553,0.07675279905361838,-34.21747338012547,27.0834271945493,11.820669160741552,14.072227384438216,-88.17933083925845,-15.33988027647058,153.33808839159715,-14.46562694526731,19.07633872512608,9.153896854466781,9.9224418706593,-2.3653915091331856,-2.3938160229754146,7.311112205145354
440,2020-03-04,152.169998,154.279999,149.880005,153.899994,150.991333,556600,12559821.56463706,21406800,-0.06696645679788989,-488474.8242939528,20.898565315100413,-324.11299676229663,-1684.2594339233835,2486.4895195512054,917.625330421597,160.13661527964507,4.7652189672535625,166.6644988,186.30498211429827,147.0240154857017,23.568886542378973,0.1750460618576674,0.0,0.0,160.09066766666666,165.1896683666667,154.99166696666666,6.3701410885697864,-0.10704773649733564,0.0,1.0,145.570007,178.139999,161.855003,19.542249389946257,0.2557564951198021,9.326285032796608,-5.189924450808007,-2.9104260284903214,-2.279498422317686,161.95999774999999,166.9473066153846,159.2641448907162,164.45406934152422,30.92772171738905,14.425623651969154,39.89195668997374,0.5679109277443507,1.3025406002517774,-0.7346296725074267,-0.22960046330355563,27.56952368623132,-113.57615470201804,8.285498200000006,-57.77204966592632,-17.626996210556072,-40.145053455370245,159.725006,161.855003,160.7900045,161.855003,172.25,166.885002,44.0,88.0,-44.0,,166.50500487551594,0.0,0.0,0.820324889890707,35.39325484276053,0.4243013569318309,0.28768323342516916,0.17264721019534138,-33.348878986245396,32.291003160038386,26.931745506699563,20.562531257803627,-73.06825449330043,-16.696615988235294,153.4148597520937,-11.95148454522795,16.91012938036437,10.7051433596463,6.204986020718071,2.9982573015427283,2.954188269591196,10.528575462202827
441,2020-03-05,150.130005,151.369995,147.880005,148.210007,145.40889,640700,12040286.542989425,20766100,-0.1113046734525182,-939489.0880948168,20.104150491956077,-1337.2767956890855,-1691.4036741989214,-6999.645363366737,917.625330421597,158.60259343075887,4.8906959705282045,165.55399925,186.67528345546546,144.43271504453455,25.515885211048996,0.08941908831679873,0.0,0.0,157.62966763333333,162.83466653333332,152.42466873333336,6.60408535797648,-0.4048667266128903,0.0,1.0,145.570007,178.139999,161.855003,19.67333446944803,0.08105620658426897,10.176613038340141,-5.687297172229819,-3.465800257238221,-2.2214969149915977,159.73166525000002,166.05999923076922,157.56350829214446,163.25080546437428,32.298534937546506,13.042670128834633,39.25258479546297,0.5550607104427981,1.2721875091551635,-0.7171267987123654,-0.27845822386217933,27.579249786544484,-120.02108450290723,7.985993750000006,-71.34622964529203,-26.414212004472496,-44.93201764081953,158.09000400000002,161.855003,159.97250350000002,161.855003,172.25,166.885002,40.0,84.0,-44.0,,164.41150508796434,0.0,0.0,0.4101624449453535,30.65169097212143,0.3020236660462497,0.30434883939428975,0.24609384020022815,-34.53185892839351,31.683369607925176,8.67565102627525,15.809355231238802,-91.32434897372475,-17.182144944117653,152.54629111824391,-15.284361508162819,16.152227860161286,11.794560259749298,4.357667600411988,-3.69719767500446,-3.7672767659373996,6.442115539998716
442,2020-03-06,143.850006,146.619995,142.5,146.240005,143.476151,508600,12455069.480590079,20257500,-0.095121307239339,-948411.0779669854,20.116292434407285,-4102.985641955853,-1967.5622584887424,-30448.238128258992,905.4282880438768,156.77499700497287,4.972627073475383,164.3064994,186.84838912476027,141.76460967523974,27.438829026334023,0.09926841492451344,0.0,0.0,154.84133396666667,160.24833176666667,149.43433616666667,6.983920457781623,-0.2953886134988507,0.0,1.0,142.5,178.139999,160.3199995,21.69116810968951,0.10493841484114513,11.077274946241971,-6.16931530813315,-4.006503267417207,-2.1628120407159432,157.45666624999998,165.0638456153846,155.82143086258378,161.99074617071693,34.10577697195644,11.879369398157692,44.155290706965694,0.5255677699121275,1.2835444935033165,-0.757976723591189,-0.327028443845427,27.163287043183036,-126.63464945465353,9.2735026,-86.13201827267667,-36.9815686748573,-49.150449597819375,156.3150025,160.3199995,158.317501,160.3199995,172.53999725,166.885002,36.0,100.0,-64.0,,162.52735527916792,0.0,0.0,0.20508122247267674,29.193458623439497,0.26441808079290785,0.33024770125699626,0.3074265913588184,-35.96181779111715,37.24292030162381,11.164194029850735,15.590530187608529,-88.83580597014927,-17.142351641176475,151.44317135993765,-15.73123723705579,13.595630720159715,12.154774351831382,1.4408563683283333,-1.3291963477202962,-1.3381092302893194,5.027290827804842
443,2020-03-09,135.949997,140.820007,132.800003,135.690002,133.125519,929200,12195541.732823366,19328300,-0.15326021746771468,-2213361.3222002736,18.925569776668695,-6689.084249889144,-2431.068188236887,-73794.36300490511,905.4282880438768,153.79338397961115,5.8193645661278435,162.5234992,188.00445328642405,137.04254511357595,31.356639762065925,-0.026540276101682175,0.0,1.0,151.55933423333335,157.47933243333333,145.63933603333334,7.812119563531277,-0.8403156299383125,0.0,1.0,132.800003,178.139999,155.470001,27.89750172939913,0.06374060994623797,12.516455695284359,-7.318254938164159,-4.668853601566598,-2.6494013365975615,154.29916625,163.90115346153848,152.7242879606478,160.04254289881197,36.466951438242965,9.688858246205358,49.321574850488595,0.4565085136429459,1.252985474149263,-0.7964769605063171,-0.38505706286511776,27.03943919517103,-153.05847886044626,10.826506800000004,-104.81733092860163,-49.2352568984433,-55.58207403015833,148.66000350000002,155.470001,152.06500225000002,155.470001,167.6949995,166.885002,32.0,100.0,-68.0,,160.12407264566778,0.0,0.0,0.10254061123633837,22.908078453880563,0.11385712654187158,0.22676629112700986,0.28712094392609866,-39.83772541389002,36.64199458245999,6.6898129645703195,8.843219340232116,-93.31018703542968,-18.856998705882347,148.26042987114354,-21.828551424950447,16.945928071263445,13.113005095717796,3.8329229755456495,-7.21417029492033,-7.487625499886974,-2.549556788654239
444,2020-03-10,139.949997,144.509995,136.949997,144.449997,141.71994,774800,12958043.7268186,20103100,-0.10284642803868088,-927560.5438859486,26.430441237795606,3824.8740474984506,-2178.7401535073964,-17013.847622941088,963.8817272008969,152.0580044857723,6.11942740951506,161.02249899999998,187.04275130577238,135.00224669422758,32.31877839105255,0.18154609330357074,0.0,0.0,149.25933376666666,155.11633146666665,143.4023360666667,7.848082330524235,0.08943668642155247,0.0,0.0,132.800003,178.139999,155.470001,28.157553311851153,0.2569473980544682,13.286606217300168,-7.436219378351836,-5.222326756923646,-2.21389262142819,151.89083216666666,163.15499926923076,151.45132012054813,158.88753949889997,37.64960114181638,13.395288082911863,43.635117091041096,0.5246525078751674,1.1841101470990452,-0.6594576392238778,-0.43643146110335407,27.07694281015792,-107.06479589940852,8.41750300000001,-116.74993703222596,-61.99043138099901,-54.759505651226945,145.885002,155.470001,150.6775015,155.470001,167.67499899999999,166.885002,28.000000000000004,96.0,-68.0,,156.2987028952743,0.0,0.0,0.051270305618169185,35.35391729335022,0.470979201261537,0.28308480286543897,0.28003293174981503,-37.680588657914555,45.398549569512156,27.56090110613662,15.138302700185903,-72.43909889386337,-20.193118017647066,147.9907445160308,-16.67147851151503,17.17846391977883,13.926096860530002,3.2523670592488294,6.455888326982273,6.25605192464711,3.7417349992195037
445,2020-03-11,140.339996,140.740005,133.970001,134.869995,132.321014,504300,12587825.471585663,19598800,-0.13024601877708444,-1485222.6102736709,26.251731246187433,-4530.778526665085,-2456.5580517707626,16574.77375132256,899.9565692491936,150.31609319368658,6.555484268563555,158.9634986,186.38103162664663,131.54596557335339,34.495381981542046,0.06061868191087866,0.0,0.0,146.80766696666666,152.81966496666664,140.79566896666665,8.190305212554113,-0.492820686788874,0.0,1.0,132.800003,178.139999,155.470001,28.52226857065411,0.045654878310972626,14.542751972255738,-8.208115103531924,-5.819484426245302,-2.3886306772866215,149.00999825,161.9938453076923,148.90034702507918,157.1084621286111,38.97768305688339,11.67314123151808,41.6809460814347,0.5043683422497006,1.1599341827498892,-0.6555658405001886,-0.49166719800210296,27.18221739863382,-121.52207087622729,3.876497400000005,-131.31498198981328,-75.08797898052799,-56.22700300928528,144.4800035,155.470001,149.97500225,155.470001,167.67499899999999,166.885002,24.0,100.0,-76.0,,153.0088849099359,0.0,0.0,0.025635152809084592,29.705807946464773,0.31523403232271086,0.3000234533753733,0.26995818245594067,-38.385201415495814,37.42182100674701,5.038928673859326,13.096547581522103,-94.96107132614067,-22.039441464705902,146.76400543527976,-20.40250625115078,13.828905315152076,13.906658551454418,-0.07775323630234254,-6.632054135660526,-6.86220916877831,-3.1384730272022043
446,2020-03-12,125.690002,135.190002,122.480003,123.139999,120.812721,1103600,11598839.420115478,18495200,-0.19617243474782506,-3122365.6067488585,24.404017421338196,-9812.359354385602,-3090.9684938894675,-129428.42569120217,899.9565692491936,147.1036306415353,7.1709357417072,156.27999864999998,186.54353357062791,126.01646372937206,38.729888894362276,-0.04752360781574516,0.0,1.0,144.0590008,150.659998,137.4580036,9.16429679970402,-1.0845334550361587,0.0,1.0,122.480003,176.5,149.4900015,34.566161675609926,0.01221762378106031,16.265049983716608,-9.655063114957528,-6.586600163987748,-3.0684629509697805,145.70166516666666,160.22653773076925,144.93721655968238,154.5922796746399,40.90317795000164,9.994862699404054,48.68559366566152,0.45458752549085046,1.1846153756327074,-0.7300278501418569,-0.560279321128255,27.496574959129862,-153.4232433912789,3.0299993500000255,-149.14031263481934,-88.84136205649303,-60.29895057832631,139.32000349999998,150.310001,144.81500225,150.310001,167.04999899999999,166.885002,20.0,100.0,-80.0,,150.17964144254486,0.0,0.0,0.012817576404542296,24.53686660270425,0.23369887108379478,0.33997070155601433,0.3076929859322755,-41.254676779851245,33.98057171505926,1.3712778463028537,11.323702542099612,-98.62872215369714,-24.905529214705894,144.17691698437818,-24.379758029470846,18.203304924794683,14.76598782612247,3.437317098672212,-8.697261388643184,-9.098940309380321,-11.562773213057554
447,2020-03-13,130.889999,130.889999,121.959999,130.850006,128.376999,1185500,12773720.897943031,19680700,-0.07053405363693005,-1370568.6202847355,33.07928214631846,-1815.3801142977645,-3026.996085694676,-21756.783955439707,899.9565692491936,144.09970193782345,7.3468421675364795,154.08799885000002,185.04302031608336,123.1329773839167,40.178367812041095,0.1246490593543712,0.0,0.0,141.99733416666666,148.85033246666666,135.14433586666667,9.65229148873516,-0.313317593166969,0.0,1.0,121.959999,176.0,148.9799995,35.07086950529243,0.16450789851021674,17.055118319984736,-10.06363933912337,-7.282007999014873,-2.781631340108497,143.32999916666665,158.70461496153845,142.76995339665433,152.8335927357777,42.71712417539492,9.014252015150516,44.48029263667022,0.5062049918999988,1.2130396079913106,-0.7068346160913118,-0.6254637752295679,27.775893002638583,-135.78129820456405,-1.938004850000027,-161.07165737760823,-102.86072847985864,-58.210928897749596,139.0600015,150.04999899999999,144.55500024999998,150.04999899999999,167.04999899999999,166.885002,16.0,96.0,-80.0,,145.7476992917377,0.0,0.0,0.006408788202271148,32.81231447701087,0.8431338733160058,0.464022258907504,0.36800547127963057,-39.83378376683966,38.665821502912436,18.455482442746654,8.288562987636292,-81.54451755725334,-27.17532301764706,143.56717011458443,-17.864536034957453,21.671069797028984,16.147004220303774,5.52406557672521,6.261171887779549,6.072976346795933,-6.025566431141671
448,2020-03-16,116.669998,123.459999,115.010002,115.699997,113.513313,816000,12090983.884900304,18864700,-0.12665400917022435,-2940831.295101203,32.61575018434833,-7445.522764093678,-3155.593152998241,-20251.50522324955,795.7582543959684,141.2602448989118,8.196158350782833,151.13349905,184.78331780943287,117.48368029056715,44.529927475973246,-0.02650360917719868,0.0,1.0,138.62533406666665,145.80433186666664,131.4463362666667,10.357411000427248,-1.096694810706499,0.0,1.0,115.010002,176.0,145.505001,40.35504926662385,0.011313248444441598,18.43754576927334,-11.477611294363015,-8.121128658084501,-3.356482636278514,140.2924994166667,156.570384,138.60534472024597,150.08295601460898,44.722240632880364,7.591481551893222,44.38495042005728,0.4659654185063632,1.195624744925294,-0.7296593264189307,-0.7027577920976806,28.070078475398663,-166.99859962655214,-3.1334990500000117,-181.78993932988783,-117.79271743076126,-63.99722189912657,134.6450005,146.5750005,140.6100005,146.5750005,167.0299985,166.885002,12.0,100.0,-88.0,,141.4659132392249,0.0,0.0,0.003204394101135574,26.632084510555643,0.46750770631133187,0.5147801502370443,0.4395910369001876,-41.438270091846995,34.61801176665533,1.393647691632079,7.073469326893875,-98.60635230836792,-29.20782394705887,140.18719230681174,-23.95662072783256,20.106268609395812,16.938857098122185,3.1674115112736274,-11.578149258930882,-12.305106655968157,-16.906066614978933
449,2020-03-17,118.330002,126.349998,117.160004,125.959999,123.579399,959700,12969229.633613523,19824400,-0.06537404639939226,-1114066.2644581741,39.60133572335366,2413.1280061474436,-2706.1531848184472,-9373.772501607367,795.7582543959684,138.73447132525126,8.44154261570455,148.68399915,182.17438597271803,115.19361232728198,45.04907994697023,0.16073846399132502,0.0,0.0,135.7943338,143.1583313,128.4303363,10.845809679873398,-0.16773072641591733,0.0,1.0,115.010002,176.0,145.505001,41.019879979465834,0.17953758581857956,18.88088849336121,-11.636163392691941,-8.82413560500599,-2.8120277876859507,138.45583266666668,154.8246145,136.6599069171312,148.29607030982314,45.89724309786009,9.596029599279856,39.83272078216372,0.5160925711408798,1.106935891567737,-0.5908433204268572,-0.7722212931038247,28.242545779330687,-126.24051859702053,4.355993850000004,-194.00333187227486,-132.9295265648,-61.073805307474856,133.1899985,146.5750005,139.8824995,146.5750005,167.0299985,166.885002,8.0,96.0,-88.0,,136.17473099137993,0.0,0.0,0.001602197050567787,35.49327372444026,1.0,0.7702138598757794,0.5830054230067759,-38.763989350506,40.450911042698344,24.90900193150595,14.919377355294907,-75.09099806849405,-31.542381697058843,139.4410603330411,-14.891892567567568,20.046103201763813,17.56030631885051,2.485796882913302,8.867763410572959,8.49637800232923,-9.537493193856172
450,2020-03-18,109.910004,119.589996,104.559998,114.0,111.845451,1052100,13238730.089475194,18772300,-0.02324153014761301,-2752501.7906641485,39.206974526125116,-13828.575302727128,-3229.788047348018,-14793.780549030722,795.7582543959684,135.47666623658944,9.737388454134095,145.7069995,180.39399670679327,111.02000229320672,47.611984771937166,0.042955544537733384,0.0,0.0,131.79733366666665,140.22433156666665,123.37033576666667,12.787812417075163,-0.5559711701522249,0.0,1.0,104.559998,175.070007,139.8150025,48.3916416108754,0.1338817301810301,19.76371320198363,-12.581853265824975,-9.575679137169788,-3.0061741286551875,135.20249991666665,152.49884523076923,133.1737673914187,145.75562065724367,47.56821773865081,7.853104815750352,43.292006989355166,0.47819791804477685,1.0611462972901624,-0.5829483792453856,-0.8469170926545944,28.49669679274594,-153.11148060338923,3.7129984999999976,-212.76355448697396,-148.64256265832017,-64.12099182865379,125.58999649999998,141.3499985,133.46999749999998,141.3499985,167.220001,166.885002,4.0,100.0,-96.0,,131.94178519310395,0.0,0.0,0.0008010985252838935,30.820321171907466,0.7177002561230361,0.7284026541447894,0.6711322214192044,-38.709249272298294,43.3039687298691,18.294575392103653,14.865741671747239,-81.70542460789635,-34.811324014705875,136.80549138347496,-25.50966726716983,20.542613951197577,18.156767845319926,2.3858461058776506,-9.495077083955838,-9.976593989930027,-18.126977947178325
451,2020-03-19,113.379997,124.919998,111.57,123.360001,121.028542,1286100,14224258.937075019,20058400,0.04818874242929658,-639587.6368406995,48.73926871190893,6404.596404633865,-2455.0626321459677,5697.884228648007,795.7582543959684,132.72999157630673,10.098649408720686,143.19599945,176.69919489369596,109.69280400630403,46.793479667557804,0.20396855900901262,0.0,0.0,128.87700006666665,138.28999876666666,119.46400136666666,14.607724722224688,0.2069478472005597,0.0,0.0,104.559998,173.880005,139.2200015,48.40917851493792,0.27120601704497804,19.994181861488926,-12.432728690463932,-10.147089047828617,-2.2856396426353154,133.0308335,150.47230669230768,131.6639571773543,144.09668586781822,48.06818500047631,11.341003405920366,38.583910079287634,0.5948790223976401,0.9746711736712654,-0.3797921512736253,-0.9099533008943478,28.82200095250422,-106.67826476197996,10.703994550000004,-222.52111646410248,-163.79690690181195,-58.724209562290525,124.5349965,141.3499985,132.9424975,141.3499985,168.375,167.5650025,12.0,96.0,-84.0,,126.46542775448316,0.0,0.0,0.00040054926264194675,37.729939174399725,1.0,0.9059000853743454,0.8015055331316381,-35.788439472381825,45.59774426164872,36.43411010456085,26.545895809390164,-63.56588989543914,-35.60844237647059,136.16221705296417,-17.440769206809918,22.585810653337393,19.04257640692342,3.5432342464139737,8.210527192982454,7.890846952687891,-11.404771207814878
452,2020-03-20,125.410004,125.410004,114.800003,116.480003,114.278587,1066600,13495432.326540297,18991800,-0.006930512047855899,-1596533.098263457,39.764678278020064,1850.2390404091989,-2410.6392817247515,46109.48608405517,751.3774571006785,129.9072782068223,10.149784567848616,140.3524993,172.77191020745005,107.93308839254996,46.19712661924794,0.1318178580087329,0.0,0.0,126.25466706666666,136.31666636666665,116.19266776666669,15.93921164860688,0.014278237593065093,0.0,0.0,104.559998,170.610001,137.5849995,47.06008323999971,0.1804694089113062,20.714384922621964,-12.723041428395163,-10.662279523941926,-2.060761904453237,129.91250091666666,148.15192226923077,129.3279642269921,142.05100565538726,48.43818786439211,10.768542367131053,35.298339110979136,0.6133456429595235,0.9876130851341495,-0.37426744217462593,-0.9697021869613649,29.116924216446456,-99.99090655523881,7.857507699999985,-234.1170319070019,-178.16354034385643,-55.95349156314546,124.5349965,140.529999,132.53249775,141.3499985,169.514999,167.605003,8.0,92.0,-84.0,104.559998,,1.0,0.0,0.00020027463132097338,34.96546872825533,0.8134869502371385,0.8437290687867249,0.8260106027686199,-34.67727716979127,44.624274972284866,23.100782197583474,25.943155898082676,-76.89921780241652,-35.57170624117647,135.02563064547513,-24.314485028504937,21.824772604037623,19.599015646346263,2.2257569576913596,-5.577170836760937,-5.738730771750422,-16.345878470774256
453,2020-03-23,115.650002,120.260002,109.720001,114.650002,112.483154,944900,13434471.131650468,18046900,-0.014857679723872388,-1615480.9334972482,39.32000504132098,-5705.590665149969,-2935.630636637618,-74331.2955971966,739.5726711935929,127.70536868660118,10.188806211063755,137.6129993,168.98027322383498,106.24572537616504,45.587661170662344,0.13396568417520055,0.0,0.0,124.09866683333334,134.41266583333334,113.78466783333333,16.622255924557,0.04194949828222159,0.0,0.0,104.559998,170.130005,137.3450015,47.648119969433736,0.1538813927532447,21.410369670834594,-12.951485488843886,-11.120120716922319,-1.8313647719215673,127.11583383333333,145.8426915,127.06981619207023,140.02130168091412,49.07235220818648,9.869443991554236,36.37531744331283,0.5865282805535861,1.03723253951896,-0.450704258965374,-1.0258771463452754,29.42873420630091,-107.12624136079644,8.627005699999984,-243.06505025325578,-192.19855292397085,-50.866497329284925,122.6500015,140.279999,131.46500025,141.3499985,169.90999949999997,167.605003,4.0,88.0,-84.0,104.97699811999999,,0.0,0.0,0.00010013731566048669,34.24669497430163,0.764992785603771,0.8594932452803032,0.8697074664804578,-34.116925585126,48.51325363099165,20.29365204558223,26.60951478257553,-79.70634795441777,-34.924823776470575,134.20715364554084,-22.643548623541992,19.93075112554402,19.665362742185817,0.2653883833582036,-1.5710859828875434,-1.5835583455561242,-17.66015664822764
454,2020-03-24,120.330002,121.440002,116.260002,119.989998,117.722237,1354000,14030438.152499886,19400900,0.0402535251702982,-351790.14528335584,42.13006467574689,1476.7210184638147,-2806.9996355500384,48219.39169528241,739.5726711935929,125.77179828993887,9.848925589957378,135.4704994,165.47680561370282,105.46419318629718,44.299395582951284,0.2420458671295802,0.0,0.0,121.82466726666667,131.90066646666668,111.74866806666667,16.54180458862944,0.4089584451998234,0.0,0.0,104.559998,164.520004,134.540001,44.260563196831335,0.2573381997326686,21.770603516953173,-12.556888014963633,-11.407474176530583,-1.1494138384330501,124.92833325,143.73499938461538,125.9806133932902,138.53750140825383,49.42182810946296,10.28058854344995,34.38365324832997,0.6195504343898738,1.0096592444927164,-0.3901088101028426,-1.069441648914039,29.59127207358337,-78.71181290037737,0.21950259999999844,-251.1328647776216,-205.5116510115051,-45.62121376611648,119.875,140.279999,130.0774995,141.3499985,170.639999,167.605003,8.0,84.0,-76.0,105.38565823759998,,0.0,0.0,5.0068657830243344e-05,38.23656359440178,1.0,0.8594932452803032,0.8542385197824438,-32.28618483828865,47.127455042189766,32.963044197588836,25.452492813584865,-67.03695580241117,-34.03758844411763,133.46463787742047,-17.94994946834144,21.504456506764434,20.03318149510154,1.4712750116628932,4.657650158610549,4.552436255993264,-13.825054803754133
455,2020-03-25,119.839996,125.07,118.540001,119.360001,117.104141,1326700,13036936.978410883,18074200,0.014422932341472782,-420936.84165716276,49.8901861290904,1454.4461634130878,-2607.5908527570255,56098.860722122656,735.6896095059516,124.22789389422319,9.517032930961639,133.47299955,162.1551138902453,104.79088520975469,42.978152041156115,0.2539756242761129,0.0,0.0,120.27100063333333,130.32299933333334,110.21900193333333,16.71558172305432,0.4546856470776633,0.0,0.0,104.559998,158.970001,131.7649995,40.76480125826318,0.2720088620469292,21.94094119119974,-12.154888181980951,-11.556956977620658,-0.5979312043602931,123.56749983333333,141.5969226153846,124.96205764047632,137.11694582245727,49.021327660356725,12.712047667501746,32.53849021358587,0.6645057039216214,0.9838894803095061,-0.3193837763878846,-1.1019033525596118,29.66826080843082,-63.05405497283478,10.976997449999999,-256.67699698803045,-217.46017149519523,-39.21682549283523,117.7249985,140.279999,129.00249875,141.3499985,170.8875005,167.605003,4.0,80.0,-76.0,105.78614515284798,,0.0,0.0,2.5034328915121672e-05,37.944036050010936,0.9809160825933452,0.9153029560657057,0.8780964822087708,-30.974862698731997,50.489120772280366,35.187836556431535,29.481510933200884,-64.81216344356847,-30.656440744117646,133.00749190377337,-12.034785731670928,22.038020870621423,20.434149370205517,1.6038715004159059,-0.5250412621892075,-0.5264244474775026,-14.277508823703355
456,2020-03-26,120.480003,127.480003,117.019997,125.809998,123.432243,1468000,14036186.3218625,19542200,0.10121874747705224,991853.506579574,56.890038565489775,317.0774822886249,-2291.8720581681346,72362.32312306085,735.6896095059516,123.42992160203094,9.611330237865474,132.15599975,159.68242384300748,104.62957565699253,41.65747169266521,0.384728911235294,0.0,0.0,119.92100043333332,129.74799983333335,110.09400103333333,16.3891217793218,0.79963355684476,0.0,0.0,104.559998,156.160004,130.36000099999998,39.04476989134955,0.4118216575401174,21.77299063747705,-11.186884128424936,-11.482942407781515,0.29605827935657913,122.01416658333333,139.76115357692308,125.09251000347996,136.2793941319049,48.18703115421632,13.58714611323277,29.78151410224019,0.6926812912321314,0.9496729370932859,-0.2569916458611545,-1.1156296456181178,29.760301419540223,-45.348114098605976,2.713995249999982,-251.72236151192476,-227.53247195456373,-24.189889557361028,116.0200005,139.8150025,127.91750149999999,141.3499985,170.8875005,167.73999750000002,4.0,76.0,-72.0,106.17862232979103,,0.0,0.0,50.00001251716446,42.771366220806165,1.0,0.9936386941977818,0.9228116318479302,-28.326712499736356,50.28898525987925,53.19149335605706,40.44745803669249,-46.80850664394294,-28.45088179411765,132.9545176732907,-12.904118648060619,23.038652901454025,20.95505007645522,2.083602824998806,5.403817816657019,5.262867163258544,-9.645221572636398
457,2020-03-27,122.660004,134.190002,121.620003,131.179993,128.700729,860200,14484419.743058477,20402400,0.13802346927199807,1510055.8197824922,63.52705713946471,8263.587046035505,-1223.8241084592312,116044.28251245857,767.091323101074,122.93358712151901,9.907197114078926,131.31499939999998,157.86417916217178,104.76581963782816,40.43586777364264,0.4974574280409157,0.0,0.0,120.0306669,130.2216662,109.83966759999998,16.98065929849466,1.0470182938782073,1.0,0.0,104.559998,156.160004,130.36000099999998,39.29483016850244,0.5158913159816301,21.120049984702835,-9.872614865628321,-11.160876899350876,1.288262033722555,121.70666641666666,138.130384,126.02904584909842,135.90166071472675,46.2457233101238,17.5195017077186,26.838564155335543,0.793461896210695,0.9049975000625938,-0.11153560385189887,-1.1071665297752427,29.915401612331053,-11.492360637354908,-8.175000399999973,-245.99630670551642,-234.666512774078,-11.329793931438417,119.375,139.2200015,129.29750074999998,141.3499985,171.19250075,168.050003,4.0,72.0,-68.0,107.03067755659939,,0.0,0.0,75.00000625858223,46.50262204577795,1.0,0.9936386941977818,0.9675267814870899,-24.94651131506269,55.68334574550456,66.63328410262459,51.67087133837108,-33.36671589737542,-25.63279381764707,132.94649716104834,-2.7359695534948254,19.147724436426866,20.59358494844955,-1.4458605120226835,4.2683372429590305,4.179755603774282,-5.788574914228139
458,2020-03-30,132.449997,137.600006,127.480003,136.880005,134.29303,940900,15291436.592845973,21343300,0.14247812308990895,2060496.601356424,63.84847705575176,4985.251795621865,-1140.939983593273,77600.07273910401,767.091323101074,122.64105366696259,9.928477702671035,130.507,155.28695726396865,105.72704273603136,37.9749090301189,0.628591928793733,0.0,0.0,121.62366743333332,131.98166733333332,111.26566753333331,17.03286887920499,1.2364519074124865,1.0,0.0,104.559998,156.160004,130.36000099999998,39.53811366440114,0.6263566519740331,20.638312719951337,-8.27570648177766,-10.583842815836235,2.308136334058574,122.85166691666666,136.72769165384614,127.69842418000636,135.97413066178402,43.91491120376632,18.796062097474184,24.720570419350892,0.8135793172528605,0.9153309769993302,-0.10175165974646971,-1.0743323778409875,30.01032765791812,24.210288216789696,0.3430060000000026,-228.37022286459313,-238.48505621766896,10.114833353075824,121.08000200000001,137.5849995,129.33250075,141.3499985,171.389999,168.4150005,4.0,68.0,-64.0,108.66023702320342,,0.0,0.0,87.50000312929112,50.21320694719378,1.0,1.0000000000000002,0.995759129465188,-20.94913461269389,55.65429044305269,89.33112423112581,69.7186338966025,-10.668875768874187,-20.94176395294116,133.2216401027029,11.15803647196717,16.4728553718719,19.769439033134024,-3.2965836612621224,4.345183948896847,4.253429360848848,-1.6949151933741913
459,2020-03-31,138.710007,140.699997,135.199997,138.110001,135.499786,1064300,15353361.050009614,22407600,0.1682278723489182,1953152.050134078,68.95269946362862,2795.730409658928,-617.6179167129861,50447.575510568655,767.091323101074,123.24691276443315,9.485629932403931,129.94150015,153.45294306306496,106.43005723693503,36.18773507451302,0.6737133037773045,0.0,0.0,123.1083339,133.0973344,113.1193334,16.227984220977255,1.2509093177040094,1.0,0.0,104.559998,154.279999,129.4199985,38.263373089124684,0.6747788078282624,19.767241737316184,-6.8321380501934925,-9.833501862707687,3.001363812514194,123.45666649999998,135.52269161538462,129.30020522923616,136.13234327942965,41.29250069463802,20.454631013849504,23.62917846538745,0.8999998730769326,0.8923717454585836,0.007628127618349079,-1.0222890075337594,29.674762782489694,58.01543808206339,-14.24150315,-217.69070229745768,-239.03251708550047,21.341814788042797,125.209999,137.3450015,131.27750025,141.3499985,170.67250024999998,168.4150005,4.0,64.0,-60.0,110.97541854134715,,0.0,0.0,93.75000156464556,51.00296182520387,1.0,1.0000000000000002,0.9978795647325942,-17.507025805348302,60.44754331578867,92.83343643700714,82.93261492358586,-7.166563562992862,-15.992353144117686,133.41356244858565,5.548333715781414,15.12495864383806,18.84054295527483,-3.7155843114367713,0.8985943564219001,0.8945810218158989,-0.8115512492261057
460,2020-04-01,132.75,135.330002,130.740005,133.199997,130.682587,1031200,15427496.739945792,21376400,0.14470491463606427,950816.5965720647,69.05601498144908,-2187.72356672028,-73.0010747368918,-27096.864769267755,739.8201520235241,123.64272546902662,9.274066539163538,128.9065003,149.78291579520678,108.03008480479322,32.390012057765524,0.6028312715127218,0.0,0.0,125.14566756666666,134.09066796666667,116.20066716666668,14.295341698880442,0.9502140342740132,0.0,0.0,104.559998,151.369995,127.96499649999998,36.31313928394656,0.611835095823655,18.393283688156753,-6.014959249947282,-9.069793340155606,3.054834090208324,124.91499983333334,134.38269165384617,129.90017319396907,135.91513244391635,39.390496089997704,19.229508051611237,25.838473460448263,0.9246647197532024,0.8689100303983118,0.055754689354890585,-0.9635788077505245,29.260745045707896,35.37461321283306,-2.9465013000000084,-202.245696328666,-236.77969262600755,34.53399629734153,125.209999,134.540001,129.875,141.3499985,169.2275005,168.4150005,20.0,60.0,-40.0,113.94787638721243,,0.0,0.0,96.87500078232279,47.7469453970444,0.8663972418341122,0.9554657472780376,0.9851552490926795,-15.538617177985179,60.91491363850394,79.24737075947345,87.1373104758688,-20.75262924052654,-12.448264470588242,133.39344838746126,15.125324506274621,13.649023578995823,17.80223908001903,-4.153215501023208,-3.555140079971486,-3.6198740746676172,-4.337839545466837
461,2020-04-02,132.679993,138.339996,132.679993,136.380005,133.80249,971300,15726097.711941745,22347700,0.1829368259356922,1256234.478547486,68.73120460729936,1442.2378755248697,159.68592453615352,-13471.851952366578,757.4825698537289,124.08925553587372,8.912660185247187,128.31500020000001,147.5781986564378,109.05180174356224,30.02485824169102,0.7093371154909289,0.0,0.0,126.73066739999999,134.9066683,118.55466650000001,12.902955642447756,1.0901013049056785,1.0,0.0,104.559998,146.619995,125.58999649999998,32.778706257602444,0.7565384990398364,17.631185171846447,-5.052497053173795,-8.266334082759244,3.2138370295854486,125.78333366666668,133.50076884615385,130.8970703948969,135.9495674480707,37.172042985939605,20.831911216568972,24.618946014120738,0.939683687657207,0.8164053816618182,0.1232783059953888,-0.8965327715121919,28.76491609733869,66.80868344706838,-14.315000200000014,-185.41797874019863,-231.36868671858494,45.950707978386305,125.209999,131.7649995,128.48749924999998,141.3499985,168.157501,168.4150005,16.0,56.00000000000001,-40.00000000000001,116.62308844849119,,0.0,0.0,98.4375003911614,49.974427915255085,0.9577965989213454,0.941397946918486,0.9656212313988414,-13.246799443563903,59.50769970908457,88.0465076935946,86.70910496335841,-11.953492306405389,-8.621412408823517,133.58513030061977,8.272472279076483,11.886247691418133,16.619040802298855,-4.732793110880722,2.3873934471635216,2.359340817100719,-2.054007395360258
462,2020-04-03,135.020004,139.399994,135.020004,138.509995,135.892197,852300,16232028.817172583,23200000,0.18431654458061117,1336113.9068978443,74.14686221922781,873.6363616044761,753.911576371736,36500.01821034058,769.3129719640876,125.17466902614258,8.459393166722467,127.9284997,146.01163296291955,109.84536643708044,28.27068761898339,0.792579143950068,0.0,0.0,128.60533349999997,136.1583333,121.0523337,11.746013317558099,1.155677331012242,1.0,0.0,104.559998,144.509995,124.5349965,31.228379206889116,0.8498122540534859,16.041618244132238,-4.070939183300851,-7.427255102867565,3.356315919566714,127.82583325,132.97615349999998,132.06828956491276,136.1392287482136,34.953311974179734,20.959412138960683,23.687237049492303,1.0573088583433954,0.7928345147183775,0.26447434362501787,-0.8218128485763292,28.244041567351516,89.52779556542954,-4.568498700000006,-167.52824215268922,-222.9757080407442,55.44746588805498,128.4799995,130.36000099999998,129.42000025,141.3499985,164.60999675,165.1449965,12.0,52.0,-40.0,119.03077930364206,,0.0,0.0,99.2187501955807,51.4667948874071,1.0,0.941397946918486,0.9460872137050033,-10.917261061639117,65.81679310491229,93.94022672773181,87.07803506026664,-6.059773272268194,-5.658060064705893,134.47586622370042,21.499995614035093,9.445839369859806,15.184400515811047,-5.738561145951241,1.5618051927773324,1.549734533375613,-0.5242817967436864
463,2020-04-06,143.259995,145.949997,142.559998,143.960007,141.239227,1056600,16048142.649477541,24256600,0.18684622105980275,1967880.874369579,74.60298699479328,2260.319692409752,742.9966968190437,54885.757659141855,769.3129719640876,126.61445743846234,8.357454050050219,128.34199995,147.4644851558752,109.21951474412481,29.79926323935268,0.908367607082826,0.0,0.0,131.5333334,138.371333,124.6953338,10.397363806184808,1.408648312877936,1.0,0.0,104.559998,145.949997,125.2549975,32.24976937878862,0.9519209942479099,15.290235324553526,-2.8207611008271556,-6.505956302459483,3.685195201632327,129.54250041666668,132.82076915384616,133.89778455492618,136.71854565575333,32.93062296836929,25.302572650773797,22.153543347418253,1.0797919611195899,0.7883514450599117,0.29144051605967813,-0.7357706477359951,27.755286429669695,136.31991210633387,-11.861996950000005,-138.16355698188812,-210.42356273010716,72.26000574821904,131.484997,130.36000099999998,130.922499,141.3499985,161.32000325,161.855003,8.0,48.0,-40.0,121.19770107327786,,0.0,0.0,99.60937509779035,55.153329754879834,1.0,0.9859321996404485,0.9562426978258068,-7.823546263836032,64.19475143363947,95.19209942479098,92.39294461537249,-4.807900575209016,-2.427561391176482,136.86097319499325,16.699096816641557,9.034809773763511,13.95448236740154,-4.91967259363803,3.934742759899734,3.8593042746916773,3.3898318231172064
464,2020-04-07,148.039993,151.059998,145.759995,146.089996,143.328949,902100,15258379.907437587,25158700,0.11087881177548829,1961249.7604453564,80.8788850148214,2441.1381404497324,1905.1190856173907,54921.692497555305,780.695495499536,128.83499002066088,8.231707745045199,128.42399989999998,147.8339793808577,109.01402041914228,30.227962835562966,0.9550750843766317,0.0,0.0,134.37399963333334,141.22399953333334,127.52399973333334,10.195424589119341,1.3551822290294246,1.0,0.0,104.559998,151.059998,127.80999800000001,36.20818541410345,0.8931182365591399,13.630125936291616,-1.6392177701047217,-5.532608595988531,3.8933908258838095,132.00999983333335,132.55346157692307,135.77350939262985,137.41272716273457,31.663723879751046,28.214279920507213,20.77138108575842,1.2614424073287152,0.7011485620050177,0.5602938453236974,-0.6410250169173134,27.260644345520703,157.02851318900238,-13.773997899999983,-115.35080246031552,-194.7206522270277,79.36984976671218,134.0399975,130.36000099999998,132.19999925,141.3499985,161.32000325,161.855003,4.0,44.0,-40.0,124.1679765844845,,0.0,0.0,99.80468754889517,56.54266498488588,1.0,1.0,0.9757767155196447,-4.843401714160668,60.27937550820742,87.9777398145433,92.37002198902205,-12.022260185456696,0.43958565588232545,139.051788839676,25.420666412585874,7.387274228999281,12.64104073972109,-5.253766510721809,1.4795699475063318,1.4687310928594322,4.919556703549399
465,2020-04-08,145.809998,152.559998,145.139999,151.0,148.146149,571600,15589630.85704014,25730300,0.1442225738554164,2082008.1212960188,80.17933909209498,571.1711686490472,1488.445854475618,32558.360488546088,806.9342394973434,130.45026283138685,8.15053687054068,129.23050014999998,150.85850325642454,107.60249704357544,33.4719792639053,1.0032711467369224,1.0,0.0,137.23166613333336,144.17066603333336,130.29266623333334,10.112826136291499,1.4920978574064128,1.0,0.0,104.559998,152.559998,128.559998,37.14293448085832,0.9675000416666665,12.555984088848605,-0.3031454081984748,-4.48671595843052,4.183570550232045,135.03916633333333,132.6142308846154,138.11604640914834,138.4191918173468,30.657909076285282,27.689483587197543,19.4085569694266,1.2073963114406887,0.7194418632271193,0.48795444821356937,-0.536099093386508,26.937824826580716,153.98576285295624,-9.240502149999983,-82.16210101162012,-175.88062328254944,93.71852227092931,137.0900005,129.4199985,133.2549995,141.3499985,161.08750500000002,161.855003,100.0,40.0,60.0,127.93285958265668,,0.0,0.0,99.90234377444759,59.64615886823668,1.0,1.0,0.9953107332134827,-1.3583635239622116,57.48792031799248,96.35854783089736,93.17612902341057,-3.6414521691026422,4.338025964705878,142.3330359726888,31.705187410288925,3.258885472200581,10.764609686216989,-7.505724214016408,3.3609447152014305,3.305699405088358,8.445844999790108
466,2020-04-09,152.660004,155.279999,150.610001,151.520004,148.656357,573000,15239942.18137047,26303300,0.1795141157542483,1827144.4313965878,86.64500089693797,3337.4605261774886,1594.6759606019243,21184.420204011927,806.9342394973434,132.24232958922957,7.802482983486611,130.64950040000002,154.13698274821496,107.16201805178508,35.954951647430775,0.9442899262377976,0.0,0.0,140.1349996666667,146.49499876666667,133.77500056666668,9.076960238524654,1.3950476371398648,1.0,0.0,104.559998,155.279999,129.9199985,38.8214274411416,0.9258676079284777,10.74358322757782,0.7885713814226278,-3.431658490459891,4.220229871882519,137.66666683333332,132.5226928076923,140.17819373081784,139.3896223493952,30.030814631022686,28.990412145206353,18.582197443127438,1.239981333831603,0.6828720682997363,0.5571092655318667,-0.4267404602443402,26.70273285021156,146.53417499203798,-11.289499400000025,-53.386137002683434,-154.479493315568,101.09335631288457,141.380001,129.9199985,135.64999975,141.3499985,160.7900045,161.855003,100.0,36.0,64.0,131.8732017294316,,0.0,0.0,99.9511718872238,59.97219006225528,1.0,1.0,1.0,1.6078399621182997,56.05368590540466,91.74715723209646,92.02781495917905,-8.252842767903552,8.409880064705874,144.63198821854567,26.27719520422027,-0.17589583968841324,8.57650858103591,-8.752404420724323,0.3443735099337708,0.3437819021998578,8.819303762593233
467,2020-04-13,151.580002,152.770004,145.279999,146.630005,143.858749,470200,14939240.818874719,25833100,0.1106675211792685,1237655.579797076,88.51348755416305,-6244.323344319976,1556.1950549469238,-13201.485492283613,780.8920832140861,134.0221196466876,7.771235185137949,131.43850035,155.93827602914254,106.93872467085747,37.27945101915116,0.8100335457955444,0.0,0.0,142.058,147.90999970000001,136.2060003,8.238887919019003,0.8906361273395142,0.0,0.0,104.559998,155.279999,129.9199985,38.58838990473921,0.8294559576211367,8.349198027140547,1.2448330897420306,-2.496360174419507,3.7411932641615375,139.93916716666666,132.4619235,141.1707800799228,139.92594699018076,28.5857557435919,27.00449149611426,22.184021991375484,1.2446377797269566,0.6480194476538652,0.5966183320730913,-0.32493547125497796,26.57386023341322,104.00615033046277,-5.628502350000005,-29.69429755490663,-132.4043905033806,102.71009294847397,143.010002,129.9199985,136.46500025,141.3499985,159.97250350000002,161.855003,96.0,32.0,64.0,136.0864252381339,,0.0,0.0,99.97558594361189,55.436369893276044,0.7940898648857275,0.9313632882952426,0.9771210960984141,2.9885802845816785,54.10149189191081,77.83189475898732,88.64586660732705,-22.168105241012682,11.365233491176468,144.8494977050808,22.84685302574689,-4.0057184728658255,6.060063170255563,-10.065781643121388,-3.227295981327971,-3.28052147485014,5.3073827453539835
468,2020-04-14,150.089996,152.089996,148.960007,150.220001,147.380905,537700,14834448.905005371,26370800,0.14222582338085848,1336610.6182832068,87.97584626445979,873.160405430544,1513.0835825874044,-2010.0400956897593,780.8920832140861,136.30686809753075,7.540110766624155,133.16450055,157.84914268555258,108.47985841444746,37.07390788625994,0.8454678491254172,0.0,0.0,143.70166633333332,148.85466463333333,138.54866803333334,7.171800343702338,1.1324797998348524,1.0,0.0,104.559998,155.279999,129.9199985,38.08822981388789,0.9002366344590568,6.6231243435510665,1.874498404354199,-1.622188458664766,3.496686863018965,141.97333408333336,132.61500026923076,142.56296791378082,140.68846950942662,27.243915348120456,25.626365212409034,21.051899811292646,1.2127827819329555,0.6545954368475864,0.5581873450853692,-0.22693115651366727,26.281070626765928,105.98891186581116,-1.9845075500000178,-4.069543374901141,-108.66870617865209,104.59916280375094,143.010002,129.9199985,136.46500025,141.3499985,158.317501,160.3199995,92.0,28.000000000000004,64.0,139.5412685152698,,0.0,0.0,99.98779297180594,57.95076703854316,0.9082345700602733,0.900774811648667,0.9440460333146365,4.87662675106416,53.760837556487175,86.77470534371638,85.4512524449334,-13.225294656283623,13.075410820588218,145.36020386337162,19.402275962201355,-6.499512810340985,3.5481479741362536,-10.047660784477237,2.4483365461250406,2.4188451826347546,7.8856618828762715
469,2020-04-15,146.240005,147.279999,143.279999,145.399994,142.652008,451700,14861549.775755368,25919100,0.10075447339892171,834638.0782570343,83.23770819397346,-4644.677883551028,1077.4318649471109,-1328.6850678709943,755.8361300635034,138.38259875222175,7.480099889961738,134.13650030000002,159.13875849362128,109.13424210637876,37.27882886120185,0.725249527718132,0.0,0.0,144.43333289999998,149.43633119999998,139.43033459999998,6.927761340886432,0.5966081779400175,0.0,0.0,104.559998,155.279999,129.9199985,37.81222924898392,0.8052049525787666,4.5715204032095365,1.9619621419636815,-0.9053583385390767,2.867320480502758,143.15833416666666,132.98846150000003,142.99943346550685,141.03747132354317,25.45372556987586,23.95309168252858,25.02135084992861,1.1384287587875936,0.7095926169222976,0.42883614186529606,-0.14205248953263933,25.93473032245426,68.89624866905315,2.7435046999999884,15.117180168703692,-84.51727545672213,99.63445562542583,143.979996,129.9199985,136.94999725,141.3499985,152.06500225000002,155.470001,88.0,24.0,64.0,142.37424000252122,,0.0,0.0,99.99389648590298,53.57965801170638,0.6283589606246237,0.7768944651902082,0.8696775217113726,5.306186863784647,50.816172658741166,74.17667411517644,79.59442473929339,-25.823325884823557,12.938529099999982,145.36156100809308,10.840068424153673,-9.438115747239504,0.9508952298611022,-10.389010977100606,-3.208631985031074,-3.2612369080825765,4.424008028439808
470,2020-04-16,145.600006,147.220001,143.119995,146.830002,144.054962,496400,15263513.08293102,26415500,0.1110943274619401,816812.0629631734,82.03497908715738,-90.85510878445737,1048.2938227276047,-9611.299888953794,755.8361300635034,140.75604553504027,7.1420905009655655,135.7780004,159.5574893070917,111.99851149290829,35.02701297270204,0.7323851795802051,0.0,0.0,145.69666603333332,150.65066523333334,140.74266683333332,6.800429048756144,0.6143859658542814,0.0,0.0,109.720001,155.279999,132.5,33.554771660932495,0.8145303474332901,3.112736516694272,2.1222040316353343,-0.29984586450419454,2.4220498961395287,143.98750058333334,133.08000015384616,143.5887517015827,141.46654766994737,23.81445936660867,22.99771592946615,24.179020815652514,1.1617129747006296,0.7160674676887556,0.445645507011874,-0.06744284090074415,25.596317389854878,65.20121446544763,2.332000600000015,39.34325089526512,-59.54380549722615,98.88705639249127,145.1500015,129.9199985,137.535,141.3499985,150.6775015,155.470001,84.0,20.0,64.0,,155.279999,0.0,1.0,99.99694824295149,54.67203895647429,0.6065091991593708,0.714367576614756,0.7973456178178772,5.962336871777059,50.21986070107296,74.89602494308082,78.61580146732456,-25.103975056919182,12.508117220588247,145.50528140787878,7.2691383960717975,-11.327659741105837,-1.5048157643322857,-9.822843976773552,0.9834993528266667,0.9786944762097072,5.4510174715951765
471,2020-04-17,150.270004,153.630005,150.149994,152.729996,149.84346,550500,15529269.756257625,26966000,0.07461383055554581,1164117.0106827195,81.70712625191013,4248.079771120192,761.471874519368,27002.54745677083,755.8361300635034,142.32234090758817,7.1078817508690095,137.24650015,161.4016407160223,113.09135958397769,35.19964522173254,0.8205010504426492,0.0,0.0,147.33366606666667,152.06966606666668,142.59766606666668,6.428944757075443,1.0697138865427909,1.0,0.0,109.720001,155.279999,132.5,33.195744846102734,0.9440297824420448,1.9133867245541518,2.6942198023851063,0.29896726887366565,2.3952525335114405,145.2058335,133.76692326923077,144.9950969782623,142.3008771758772,22.846913445702512,27.737120744949795,22.571065434792793,1.1621893066233537,0.7293532561955319,0.4328360504278218,0.0054250985502824305,25.094000144132096,97.05029882393822,-4.046503150000007,59.657943594971066,-34.30089596970834,93.95883956467941,148.91999850000002,129.9199985,139.41999850000002,141.3499985,149.97500225,155.470001,100.0,16.0,84.0,,155.03679892,0.0,0.0,99.99847412147574,58.96286224004705,0.9174390492911402,0.7174357363583783,0.7362325927211142,7.763143572563075,55.71030889587728,90.82732601832028,79.96667502552584,-9.17267398167972,12.205499532352974,146.33923608326955,10.585761273001502,-12.172704066444796,-3.638393424754788,-8.534310641690007,4.018248259643831,3.939616179630523,9.688301145924271
472,2020-04-20,150.570007,153.089996,148.289993,151.580002,148.715179,389100,15673562.13201239,26576900,0.12955264802631905,933891.342670903,76.71238692980816,-1480.3463377062342,299.6434364245038,19190.69383872936,750.1449951370269,143.45304462688378,6.8770938757821085,139.0015001,161.9359957505891,116.06700444941089,32.99891819022046,0.7742266952723882,0.0,0.0,148.66799933333334,153.44600063333334,143.8899980333333,6.427746820332334,0.8047302087032366,0.0,0.0,109.720001,155.279999,132.5,32.77662325026952,0.918788473168941,1.9239399607577674,3.019939533857041,0.8431617218703408,2.1767778119867005,146.73750058333334,134.86076953846154,146.00815928929887,142.98821975544183,21.65327547713029,26.402384296516246,23.349610884442555,1.0816400904268884,0.7588396023403697,0.3228004880865186,0.07226534835311281,24.662758891923893,82.07614649415794,-2.6214950999999758,78.89120732377494,-10.183699935745782,89.07490725952071,149.199997,129.9199985,139.55999774999998,141.3499985,144.81500225,150.310001,96.0,12.0,84.0,,154.79846284159999,0.0,0.0,99.99923706073787,57.814082493131686,0.8234712164685853,0.7824731549730322,0.7380921559820556,8.948060337550563,52.89946963080961,84.92258392565216,83.5486449623511,-15.07741607434784,12.551880764705913,146.78221758074457,13.798802863336409,-14.726447650694235,-5.856004269942678,-8.870443380751556,-0.7529588359316053,-0.7558078814109415,8.862393390462753
473,2020-04-21,148.080002,150.350006,146.699997,148.630005,145.820953,457400,15699879.108710257,26119500,0.13876754815008646,607717.06117506,70.28817535943733,-1727.6440609831789,-23.454740049932347,-11831.52170378894,750.1449951370269,144.32684601565154,6.677384988203899,140.70050025,161.0570032425842,120.34399725741582,28.93593548909103,0.6947658876597985,0.0,0.0,149.10833286666667,153.91233516666665,144.30433056666666,6.4436402817215495,0.45021569133442685,0.0,0.0,116.260002,155.279999,135.7700005,27.73266401375144,0.8295747178043096,2.0533597740881,3.0053903943110356,1.2756074563584798,1.7297829379525558,147.75833391666666,135.54461565384617,146.41152016786828,143.40612977355724,20.29204588358261,25.08096158273428,23.811678733731274,0.9575202194429218,0.8116199487601437,0.1459002706827781,0.12777873950549828,24.272655965434645,59.89237690961823,-2.190505250000001,88.8806376122971,12.508682294544508,76.37195531775258,149.199997,129.9199985,139.55999774999998,141.3499985,144.55500024999998,150.04999899999999,92.0,8.0,84.0,,154.564893484768,0.0,0.0,99.99961853036893,54.861277203321414,0.5819377853861787,0.7742826837153015,0.758063858348904,9.161618543438001,54.20697455855129,72.90140331737656,82.88377108711636,-27.098596682623437,12.2684985294118,146.8246862758227,8.982255133367973,-15.90053616593827,-7.864910649141796,-8.035625516796474,-1.9461650356753513,-1.9653521776849203,6.743751553298227
474,2020-04-22,151.710007,152.490005,147.589996,151.660004,148.793701,415800,15974816.340580646,26535300,0.12636499565092357,700882.27875005,79.3542923863057,1785.355636120969,260.33663158158544,-425.18253046824066,765.437590902735,145.95839912306081,6.499647389383507,142.28400055,160.79330861611865,123.77469248388134,26.01741305357,0.7532780646501528,0.0,0.0,149.40266673333332,154.16666963333333,144.6386638333333,6.377400088183445,0.7369160256668466,0.0,0.0,117.019997,155.279999,136.149998,26.889883509112504,0.9053843489082929,1.8299062607207492,3.201451354560618,1.6607762359989076,1.5406751185617102,148.854168,136.92769284615386,147.21897921896547,144.01752786440485,19.34887937647482,26.03552628954961,22.5891480571696,1.0553391469115796,0.748293634348423,0.3070455125631566,0.17722520781890344,23.944180835987748,69.6782791332047,1.6760064499999885,100.37658558078859,32.790758582589916,67.58582699819867,149.199997,129.9199985,139.55999774999998,141.3499985,140.6100005,146.5750005,88.0,4.0,84.0,,154.33599551507263,0.0,0.0,99.99980926518447,57.27500760591423,0.7302213818769103,0.711876794577225,0.7562108777551861,10.002720377824941,61.92187571545697,83.98232726132898,80.60210483478592,-16.017672738671024,13.280498873529439,146.95723914271696,9.493906197888451,-17.308474066716485,-9.753623332656733,-7.554850734059752,2.038618649040602,2.0181169846187785,8.919849579149307
475,2020-04-23,151.5,155.369995,151.320007,152.360001,149.480453,536400,15713900.011939675,27071700,0.1833950847471547,654396.0090429019,78.51070397548405,2495.3788898198945,335.56098974551577,10952.366800951952,765.437590902735,147.61113375622216,6.254681450445155,143.93400055,159.64729718140362,128.2207039185964,21.834030279655988,0.7681168900344033,0.0,0.0,149.74766693333333,154.17466873333333,145.32066513333334,5.912615389154438,0.7950455166594552,0.0,0.0,117.019997,155.369995,136.194996,26.64415485809964,0.9215125382796636,1.8001869479209778,3.374416809405062,2.0035043506801387,1.3709124587249235,149.55416749999998,137.94307753846152,148.00990564681695,144.63548883741188,18.888839739426366,28.005431916593658,21.601950091916603,1.0787025690615513,0.7448714404944871,0.3338311285670642,0.22100685099827158,23.52060058160045,86.44681648963746,2.155995450000006,108.56474115573124,50.785300600191555,57.779440555539686,149.244995,129.96499649999998,139.60499575,141.3499985,139.8824995,146.5750005,84.0,12.0,72.0,143.119995,,1.0,0.0,99.99990463259223,57.83595245636764,0.7488373482980739,0.6869988385203878,0.7243861056043048,10.85531742241891,58.432522205290546,85.20886815134229,80.69753291001597,-14.791131848657718,14.806087679411746,147.0037412235144,5.834949702385067,-16.70019816616114,-11.142938299357615,-5.557259866803525,0.46155675955279474,0.46049485262313894,9.422576507376611
476,2020-04-24,146.369995,154.210007,143.630005,152.720001,149.833649,772500,16268814.11072718,27844200,0.16060683889625935,600639.4363224858,68.96320393771589,-6060.382647247878,-159.7260823153666,4301.072672567121,765.437590902735,148.8927815755531,6.687213505400638,145.2795007,159.04209767538492,131.51690372461508,18.94637152395572,0.7703159989828844,0.0,0.0,149.5193339,154.5373361,144.5013317,6.712178377354312,0.8189184632083253,0.0,0.0,121.620003,155.369995,138.494999,23.23107653687028,0.9214816406475003,1.8001877975731535,3.5001941109566133,2.3028423027354337,1.1973518082211796,150.10666791666668,139.43230834615386,148.7345357011528,145.23434159019618,17.84867330894142,24.939208711017944,27.19479128440622,0.9572900169784133,0.7887567683824653,0.16853324859594798,0.25907294633971495,23.309625819732943,57.52377122740433,5.7204993,116.05452364372233,66.97961406670589,49.07490957701644,149.244995,132.544998,140.8949965,141.3499985,133.46999749999998,141.3499985,80.0,8.0,72.0,143.364995,,0.0,0.0,99.99995231629612,58.14033860653734,0.7134388312436158,0.7308325204728668,0.7099027178568265,11.651208322105509,66.65935854111346,79.31307868378114,82.83475803215082,-20.686921316218857,14.083853435294145,147.04962025535636,4.538301856069585,-12.899751347030303,-11.494300908892154,-1.4054504381381498,0.2362824872913949,0.23600377916173088,9.68112289280656
477,2020-04-27,154.770004,157.300003,153.020004,156.289993,153.336166,543300,16555694.22231132,28387500,0.1524756137050009,791916.181647846,67.1334791027326,4915.734043806834,29.946371355853508,14525.495944680837,783.3305064221765,150.01616943349376,6.476492354860573,146.5350007,159.48069184292746,133.58930955707257,17.6690771229886,0.8767659907956863,0.0,0.0,150.25033363333336,154.94733523333332,145.55333203333333,6.2522345028030655,1.1429271140408694,1.0,0.0,127.480003,157.300003,142.390003,20.350086912716687,0.9661297786720324,1.8001877975731533,3.843635015466134,2.611000845281574,1.2326341701845602,150.54750066666668,140.6988465,149.89691374712928,146.05327873166314,16.72645821253857,27.00449506574318,25.874128837951783,1.022681615247386,0.7921690083720183,0.2305126068753678,0.29604880146635804,23.10415831623128,112.68238991703743,4.985003299999988,125.59467536803936,81.38674948258817,44.20792588545119,150.20999899999998,133.510002,141.86000049999998,141.3499985,132.9424975,141.3499985,100.0,4.0,96.0,143.605095,,0.0,0.0,99.99997615814806,61.136555887013046,1.0,0.8207587265138967,0.7461966951690505,13.147529479089584,65.70143129662829,92.8772254571366,85.79972409742003,-7.122774542863397,14.438149397058822,147.75369368465755,3.5033066225165626,-12.769860241586612,-11.749412775431047,-1.0204474661555647,2.3376060611733473,2.310702510014373,12.245035469511812
478,2020-04-28,158.5,162.119995,155.979996,157.779999,154.798019,496000,16350509.086613417,28883500,0.08060280482879312,784362.8665552961,65.49868721250678,4815.432860888692,199.53885138720779,17428.87845043068,790.7984647485428,150.89990824146656,6.442843019374516,147.58000040000002,160.61338179686183,134.5466190031382,17.662801682526368,0.8913028510949564,0.0,0.0,151.07066650000002,156.06866910000002,146.0726639,6.616774408683774,1.1712013815278908,1.0,0.0,130.740005,162.119995,146.43,21.263036939251823,0.8616954307506157,1.8001877975731535,4.187771416258897,2.926354959477039,1.2614164567818582,151.06916691666666,142.2873078846154,151.10969609372478,146.92192467746588,16.34338710188626,30.37850359826341,24.178894082665042,1.041782653044417,0.8149981429781709,0.22678451006624611,0.332054808851667,22.965542190376812,144.20181859436983,-0.9499954000000059,130.17700174209162,94.1711741018535,36.005827640238124,152.619995,135.919998,144.2699965,140.529999,132.53249775,141.3499985,100.0,8.0,92.0,143.630005,,0.0,0.0,99.99998807907403,62.34791275926204,1.0,0.9044796104145387,0.8186902858004341,14.750343173581854,60.68419185493286,77.15791578947376,83.11607331013052,-22.842084210526238,16.004324682352944,148.34934287567842,4.131464384069052,-13.182543265813177,-12.036038873507474,-1.1465043923057028,0.9533598225959228,0.9488440263437425,13.315134540536677
479,2020-04-29,160.0,161.649994,156.850006,157.880005,154.896164,470500,16081932.312046481,29354000,0.05807384756702485,679032.8603331115,65.15589697651677,204.04233792689146,173.31536347848237,5026.882639319207,791.2996980592721,151.52499569983476,6.278557517437063,148.56850060000002,161.57781807937857,135.55918312062147,17.512887895940104,0.8578782828061474,0.0,0.0,152.41800026666667,157.4960016666667,147.33999886666666,6.663256821524592,1.037810479269788,1.0,0.0,130.740005,162.119995,146.43,21.121563368594693,0.8648823661193016,1.8001877975731533,4.417647748318672,3.224613517245366,1.1930342310733058,152.00666691666666,143.9500003076923,152.1512820793056,147.73363433098692,15.987678213423402,28.790436336604387,22.914917732032798,1.0617287434626672,0.8335203288000961,0.22820841466257114,0.36518975066494913,22.926871854490084,138.76657566644977,1.6515003999999749,137.05125199345716,105.02761866831926,32.023633325137894,152.875,139.1899985,146.03249925,140.279999,131.46500025,141.3499985,100.0,4.0,96.0,144.7394044,,0.0,0.0,99.99999403953701,62.43255073220178,1.0,1.0000000000000002,0.9084127789761451,16.126329108204555,55.85513010683808,77.68426315789486,82.57313480150175,-22.315736842105146,17.20235408235297,150.09441933888536,7.672372376990644,-13.756996652137904,-12.380230429233562,-1.376766222904342,0.06338319218774924,0.06336311352637125,13.386957290040336
480,2020-04-30,156.220001,156.25,152.970001,153.630005,150.726471,660300,15687364.491355078,28693700,0.02134489978474097,181131.73742838134,56.35026951136509,-2304.8907648039562,-229.70972873447798,-17476.51549300853,791.2996980592721,151.7015794124102,6.141702165693358,149.590001,160.67846679956227,138.50153520043773,14.825143024849998,0.6821714596513204,0.0,0.0,153.27400053333335,158.27000123333332,148.27799983333335,6.519045216561009,0.535628944834483,0.0,0.0,132.679993,162.119995,147.399994,19.68046112921678,0.711617207091223,1.9386277746168779,4.208375384566978,3.4213658907096884,0.7870094938572891,152.29083391666666,145.24384673076923,152.37877791325857,148.1704025286916,15.013912493832,27.222744147287255,25.970075511297352,0.9399481340341049,0.9147082630491381,0.025239870984966828,0.3882316587604501,22.88177699613256,74.70729785074126,-4.1900070000000085,138.85961602098033,113.82780449343142,25.03181152754891,152.875,139.569996,146.222498,140.279999,130.0774995,141.3499985,96.0,4.0,92.0,145.782239836,,0.0,0.0,99.9999970197685,56.60874012354999,0.3421573272689684,0.7807191090896562,0.8950662398347317,15.863592338817176,54.05037612602827,55.31584210526328,70.05267368421065,-44.68415789473672,16.69726580588238,150.29596273669958,2.270006641792004,-11.470615453132387,-12.198307434013328,0.727691980880941,-2.691917827086465,-2.728813577597311,10.334673573158826
481,2020-05-01,151.630005,153.029999,149.699997,151.289993,148.430649,362400,15671039.088547515,28331300,-0.004760468224786035,34110.01082432682,57.12179184721805,-2981.750776767389,3.3311689478496516,-23294.62094203492,779.2470343295855,151.91206470811392,5.920532749124024,150.3355004,159.63110108325162,141.03989971674838,12.366474529992812,0.5513410930893239,0.0,0.0,153.19100033333333,158.1720001333333,148.21000053333333,6.502992720410039,0.309174120692264,0.0,0.0,135.020004,162.119995,148.5699995,18.026341700991864,0.6003687971704499,2.0636869851021893,3.809789237643969,3.4990505600965447,0.3107386775474241,152.78166716666667,146.47192334615386,152.21127254198802,148.40148330434405,14.273338832866205,26.00229281947969,28.536080892536898,0.956160016110314,0.9121892269820182,0.04397078912829577,0.39948565751423615,22.76270704251997,20.328856378810023,-3.5054983999999934,135.54196961088277,120.1223336364434,15.419635974439373,152.875,139.569996,146.222498,140.279999,129.00249875,141.3499985,92.0,4.0,88.0,146.76250514584,,0.0,0.0,99.99999850988425,53.64177046032923,0.007016062498876905,0.44972446325594856,0.7434811907818683,14.842203658615805,52.01152771183889,42.99998947368432,58.666698245614164,-57.00001052631568,16.452734823529426,150.30755742940724,4.050893564686129,-13.674043408694386,-12.493454628949541,-1.1805887797448449,-1.523147773118927,-1.5348668200307891,8.654113449651213
482,2020-05-04,150.0,150.770004,147.429993,150.630005,147.783142,406300,16043278.36617265,27925000,-0.016974266713423943,-9070.437064862632,50.60232456624424,-1861.9550196885345,-192.03421856065597,-7292.3320853194655,779.2470343295855,151.8928257050671,5.714479474211623,150.9415009,158.49054564998414,143.39245615001585,10.0026098918752,0.47936852209012026,0.0,0.0,153.05333403333333,157.88833463333333,148.21833343333336,6.318059819522751,0.24939723551085616,0.0,0.0,142.559998,162.119995,152.33999649999998,12.958660728409374,0.4125771082684732,2.3900758046861297,3.401441626947644,3.4795287734667646,-0.07808714651912041,153.09833408333336,147.426539,151.9680006124514,148.56655898550375,13.916991074797943,24.825072778967368,29.906620546635747,0.9002261577747175,0.9553605134602131,-0.05513435568549563,0.4006846451919413,22.56233853368405,-28.285377769508308,1.7884951000000058,133.62101613014377,125.09348680509304,8.527529325050736,152.875,141.869999,147.3724995,139.8150025,127.91750149999999,141.3499985,88.0,12.0,76.0,,162.119995,0.0,1.0,99.99999925494213,52.80119633571731,0.0,0.11639112992261526,0.44894490075607335,13.75499220542949,55.48802222191101,39.52636842105275,45.94740000000013,-60.47363157894725,14.36235152941174,150.3104021521286,2.588028977892409,-14.768408958203855,-12.948445494800406,-1.8199634634034485,-0.4362403533193393,-0.4371946579345476,8.180120361242448
483,2020-05-05,152.759995,153.869995,151.490005,151.779999,148.911407,346700,15781066.889065607,28271700,-0.0256559390975834,49182.89963011736,56.24178550224231,2457.562091140744,315.26863677447056,874.457831541049,785.1962435458822,152.3473494011096,5.467030526790458,151.33250049999998,158.1712809677482,144.49372003225176,9.038085599792522,0.5327177120329006,0.0,0.0,153.43533373333335,158.14333243333334,148.72733503333333,6.136785557076943,0.3241997461327536,0.0,0.0,143.119995,162.119995,152.619995,12.555135174020338,0.4557896842105271,2.369274863088597,3.134485708288736,3.410520160431159,-0.27603445214242317,153.01916766666668,148.2188469230769,151.93907728745887,148.80459157917014,13.064918951132768,27.610756368436284,28.73081632215147,1.0132740939930327,0.8917144300405055,0.12155966395252715,0.39591930898984945,22.326339954516023,27.190766264205767,0.2475015000000269,133.86513868630158,128.81443715014998,5.050701536151593,152.875,144.79999899999999,148.83749949999998,139.2200015,129.29750074999998,141.3499985,84.0,8.0,76.0,,161.82619495999998,0.0,0.0,99.99999962747106,54.14942006117355,0.13998277604117199,0.04899961284668311,0.20503840200841564,13.150857723780756,48.90226718262213,45.57896842105271,42.701775438596606,-54.42103157894729,12.178793635294113,150.35386956599498,-0.6220107541939542,-16.47628868479964,-13.654014132800254,-2.822274551999387,0.7634561254910688,0.7605565478641552,9.006028116703968
484,2020-05-06,152.380005,153.089996,150.25,151.699997,148.832901,512400,15791891.895579696,27759300,0.05324364664798213,36300.624711528624,49.11257091679978,-559.7973536284102,281.77276214275963,2376.820524710363,785.1962435458822,152.77312702962118,5.204327074111413,151.61300054999998,158.01490942336363,145.21109167663633,8.445065858652914,0.5067945710975347,0.0,0.0,153.54533333333333,158.04733073333335,149.04333593333334,5.86406281749582,0.29505359850570473,0.0,0.0,143.119995,162.119995,152.619995,12.531906849066052,0.4515790526315793,2.454294870470192,2.883229649985708,3.305062058342069,-0.42183240835636093,153.02916725,148.7888466153846,151.90229570477288,149.01906605478717,12.469431277314305,26.622707032230704,29.26513536817549,0.9981514150825526,0.900014246907164,0.09813716817538853,0.3864944879024649,22.167014296874058,5.3455898147921435,-2.98299554999997,133.38943793645097,131.57273679245222,1.8167011439987562,152.875,146.43,149.6525,137.5849995,129.33250075,141.3499985,80.0,4.0,76.0,,161.5382709208,0.0,0.0,99.99999981373553,54.033785854560975,0.12797675883399878,0.0893198449583904,0.08490352924256293,12.608217743598763,45.35065738137392,43.64519396711407,42.91684360307318,-56.354806032885925,9.498234382352962,150.35976075499053,0.07916281726925214,-15.159268556062274,-13.955065017452661,-1.2042035386096135,-0.052709184693044975,-0.052723080867078664,8.94857192801739
485,2020-05-07,154.100006,155.210007,152.889999,153.399994,150.500793,448200,15540742.732473362,28207500,-0.004939791100838225,139963.20052416713,48.38895791445667,1231.9568585542086,66.3354112451894,4752.585708285463,793.9953950609562,152.8915326759372,5.034895366700271,151.73300025,158.1743007936837,145.2916997063163,8.490309336888888,0.6293988487802075,0.0,0.0,153.62699990000002,157.9559993,149.2980005,5.635727317226612,0.473780788696805,0.0,0.0,143.119995,162.119995,152.619995,12.521995853700258,0.5410525789473686,2.568794725650714,2.789131591201482,3.2018759649139517,-0.41274437371246986,153.42666633333332,149.37692326923076,152.13271082711552,149.34357923591404,11.607242122303235,28.15831352270275,27.93462436210874,0.9643392441456733,0.9034616440786843,0.060877600066988946,0.3759201517354597,22.05823430566854,55.186954779741505,-0.07299625000001697,132.39828796070609,133.3887106054504,-0.9904226447443136,154.774994,146.43,150.602497,137.3450015,131.27750025,141.3499985,76.0,4.0,72.0,,161.25610536238398,0.0,0.0,99.99999990686777,56.17540584640921,0.3503359311462487,0.20609848867380665,0.11480598215962673,12.650235970658978,45.93621693828811,52.83934171949251,47.354501369219776,-47.16065828050749,8.333146529411778,150.3928996033551,3.2093042047599885,-14.959969246827773,-14.156045863327684,-0.8039233835000896,1.1206308725240088,1.1143983241113098,10.169483260216783
486,2020-05-08,155.820007,157.970001,153.619995,154.699997,151.77623,479500,15299339.39670785,28687000,0.006058900098679255,209018.6630921435,54.71102805723115,1583.0529134452609,285.1496434702962,9086.236429071221,793.9953950609562,153.1750392692406,4.988406530030244,151.8919999,158.46016323548872,145.32383656451128,8.648465146041861,0.7137581662158116,0.0,0.0,154.15133256666667,157.85733236666667,150.44533276666667,4.808261775352797,0.5740238077364884,0.0,0.0,143.119995,162.119995,152.619995,12.50888790226535,0.6094737894736846,2.6168672001464275,2.787327008493577,3.1189661736298766,-0.33163916513629976,153.67999908333334,150.20384634615385,152.5276779306362,149.74035092214262,11.263569851273692,30.090081205528968,26.260585507103862,0.9997007336786063,0.8504266536395684,0.14927408003903797,0.36603742529917527,22.04628521611964,86.97891761800524,0.4680011000000093,129.83352572707395,133.85969397867646,-4.026168251602513,154.774994,147.399994,151.087494,134.540001,129.875,141.3499985,72.0,4.0,68.0,,160.9795831151363,0.0,0.0,99.99999995343389,57.79479265572822,0.5184729078013804,0.33226186592720947,0.20922673318646887,13.086088794304349,45.43805714956178,59.87018922130297,52.118241635969866,-40.12981077869702,8.169440808823538,150.4727583966465,2.00447904511463,-14.16434087066318,-14.157704864794784,-0.006636005868395856,0.8474596159371517,0.8438888366922193,11.103125139933745
487,2020-05-11,153.089996,153.899994,150.860001,153.559998,150.657776,491900,15681210.174666882,28195100,0.07551850949538588,99049.49577898096,54.34135976171532,-2110.50571559187,257.80238242681827,438.71094649509314,793.9953950609562,153.45064605734493,4.873565477027219,152.23849955,158.37684191896673,146.10015718103327,8.064113068784817,0.6076429409249826,0.0,0.0,153.874999,157.4569982,150.29299980000002,4.655726041629393,0.45603000134673444,0.0,0.0,143.119995,162.119995,152.619995,12.480417276944976,0.5494738421052642,2.6206958327693677,2.6632086601213416,3.0278146709281697,-0.3646060108068281,153.77999883333334,150.8646153076923,152.68649640284602,150.02328774272468,10.467104867795417,28.542297680988526,28.6069106230897,0.9884411709268622,0.8748289714802884,0.11361219944657386,0.354759975706566,22.075334400122067,18.07157617368519,0.4815014499999961,125.94507021835213,133.38947936492764,-7.444409146575509,154.53999349999998,148.5699995,151.5549965,133.33999649999998,128.48749924999998,141.3499985,68.0,4.0,64.0,,160.7085913128336,0.0,0.0,99.99999997671694,55.845982953322476,0.3161327568546892,0.39498053193410626,0.3111136288450408,12.985977615115118,51.558822762736604,53.704696433043004,55.47140912461284,-46.295303566956996,7.725734844117653,150.57300731291707,0.7876063219505992,-13.190389287881235,-13.964241749412075,0.77385246153084,-0.7369095165528639,-0.739638107827556,10.284395637589938
488,2020-05-12,153.960007,153.960007,148.0,148.070007,145.27153,347500,15341873.73303183,27847600,0.05266583925213413,-187639.2711180165,48.945587988958835,-2401.1436086210147,-41.23327791189485,-16048.483187693588,765.6089166180084,153.45035380031229,4.982209629324496,152.13099985000002,158.47870975556935,145.7832899444307,8.345057761834372,0.1801214209208742,0.0,0.0,153.01333313333333,156.57733313333333,149.4493331333333,4.658417573185463,-0.19350815563037388,0.0,1.0,143.119995,162.119995,152.619995,12.48923626265117,0.26052694736842186,3.096892470520994,2.097666983645979,2.841785133471732,-0.744118149825753,153.39249933333335,151.2323080769231,151.97626726394662,149.87860028030065,10.207931715052457,26.282573521353807,30.141216367260203,0.9324952372023005,0.907947773145387,0.02454746405691355,0.3349698126148343,22.273065131632478,-51.2677032712355,4.158993149999986,117.45800162655901,131.2124515463834,-13.754449919824381,152.699997,152.33999649999998,152.51999675,133.33999649999998,129.42000025,141.3499985,64.0,24.0,40.0,,160.44301934657693,0.0,0.0,49.99999998835847,47.5334740233665,0.0,0.27820188821869,0.3351480953600019,10.5850490328442,44.21583315408293,24.013003792863046,45.86262981573636,-75.98699620713695,6.440735499999988,150.2008489332118,-3.0447838983447837,-14.626631065256337,-14.096719612580928,-0.5299114526754085,-3.5751439642503824,-3.6406174912808176,6.341569723442642
489,2020-05-13,147.669998,148.839996,144.309998,146.800003,144.025528,573800,15398875.278198073,27273800,0.055071334383124546,-264937.70312972844,41.08360173921486,-3477.6351751458624,-467.87713969516324,-17345.137133333497,765.6089166180084,152.9194241138088,4.936988466392046,152.20100029999998,158.27524414805686,146.1267564519431,7.981871125792965,0.05541813638847221,0.0,0.0,151.79899953333333,155.33600053333333,148.26199853333333,4.660111082251657,-0.20667163132457708,0.0,1.0,143.119995,162.119995,152.619995,12.483492199492465,0.19368463157894816,3.6200225883654875,1.5293628783317104,2.5793006824437277,-1.0499378041120173,152.60166683333335,151.3415386923077,151.17991891564714,149.65055603731543,10.536563574814883,24.683013288678058,33.26430249637813,0.8227076124393924,1.0274928192532355,-0.20478520681384316,0.3080600794380155,22.480151692978026,-141.2747154522338,5.578998700000028,109.9842170947656,128.0040738879151,-18.0198567931495,151.1399995,152.619995,151.87999724999997,133.33999649999998,130.922499,141.3499985,60.0,20.0,40.0,,160.1827588196454,0.0,0.0,24.999999994179234,45.83388093101656,0.0,0.10537758561822985,0.2595200019236754,8.061668601462443,42.69610704811696,17.144400835262736,31.620700353722942,-82.85559916473726,4.693205991176512,149.63256405066528,-6.072039429933307,-11.938684232444611,-13.665112536553666,1.7264283041090547,-0.8577050989131085,-0.8614045579181884,5.429472657660428
490,2020-05-14,144.419998,149.240005,141.860001,149.029999,146.713074,752900,16108926.109715238,28026700,0.08442816893205334,12762.538517375564,51.807616192153404,-1004.7097649058353,-106.75764809930305,6515.572298354467,765.6089166180084,152.54737913506102,5.18129001975284,152.31100015,158.06335303893653,146.5586472610635,7.553430656054311,0.21481225045230187,0.0,0.0,151.04166616666666,154.9886676666667,147.09466466666666,5.226374417301119,0.2451651378056656,0.0,0.0,141.860001,162.119995,151.989998,13.301727373628552,0.3538993150738347,3.917777955299606,1.2445731561814455,2.312355177191271,-1.0677820210098257,151.87250016666667,151.45461573076923,150.84916200554758,149.60458884936614,11.192500019325433,22.301712808001408,33.25788407723251,0.8956155397013598,1.004524808227129,-0.10890926852576921,0.2799917288083963,22.74505891262831,-143.75177437259606,5.569004849999999,103.99537630846962,124.49889685431364,-20.503520545844026,149.91500100000002,151.989998,150.95249950000002,133.33999649999998,132.19999925,141.3499985,56.00000000000001,16.0,40.00000000000001,,159.54784838685958,0.0,0.0,12.499999997089617,49.26426713984388,0.2066663322974457,0.068888777432482,0.15082275042313395,6.774416184822497,50.49440459286465,35.38993150738347,25.515778711836433,-64.61006849261653,2.3079117852940954,149.6023101765614,-5.545696574633645,-6.943783514155716,-12.320846732074077,5.377063217918361,1.5190708136429754,1.5076484634260368,7.0310210057806355
491,2020-05-15,148.139999,152.889999,147.929993,148.419998,146.112564,2239500,14311911.944409791,25787200,-0.1040263374904148,-184217.42977082447,61.0915986243259,1076.3828729608354,-380.99701744544575,2270.49186801199,765.6089166180084,151.6279130311368,5.1591616177775546,152.09550025000001,158.0868833101168,146.10411718988323,7.878448803901137,0.19326763010138961,0.0,0.0,150.88233286666667,154.99233476666666,146.77233096666666,5.4479564597294114,0.20044601844750173,0.0,0.0,141.860001,162.119995,151.989998,13.320574222576303,0.32379066844738397,4.232430954693569,0.9586030871898572,2.0416047591909883,-1.083001672001131,151.08416625,151.35538488461538,150.47544446623257,149.51684137904272,11.077650346492906,25.649193314441288,31.087147218882738,0.8493872647427572,1.000465332619058,-0.15107806787630085,0.2510276099097242,23.002957366457736,-57.95276561430846,1.5345047499999964,95.18928905593404,120.22870495717923,-25.039415901245192,149.91500100000002,151.989998,150.95249950000002,133.33999649999998,133.2549995,141.3499985,52.0,12.0,40.0,,158.486577543648,0.0,0.0,6.2499999985448085,48.36200906394315,0.15230908037860172,0.11965847089201591,0.09797494464757593,5.445106372443986,45.31825076871508,32.3790668447384,28.30446639579488,-67.6209331552616,0.5689998117647406,149.56606720449514,-5.991896820626538,14.61164168707377,-6.934349048244508,21.545990735318277,-0.4093142347803447,-0.41015421839283306,6.592927801173221
492,2020-05-18,152.460007,155.630005,152.460007,154.630005,152.226044,452700,14478996.622255016,26239900,-0.10152690037033571,243709.37003929447,60.825220653121576,2545.3886525248736,-543.1430323285757,9774.724291952884,797.642583209624,151.36003790371308,5.364246155999801,152.2480004,158.33365903045714,146.16234176954285,7.994402047275948,0.6957063930663724,0.0,0.0,151.34533336666667,155.43833396666668,147.25233276666665,5.408822999628056,0.9012547216989582,0.0,0.0,141.860001,162.119995,151.989998,13.307231587128271,0.6303064058163104,4.268038457270229,1.2190133854193448,1.8770864844366597,-0.6580730990173149,151.16749958333335,151.4750003076923,151.11460762527372,149.89559423985438,10.469612781234417,26.7944269502286,28.205236762112428,0.8141594736443554,0.9705519929570966,-0.15639251931274123,0.23047939154701264,23.11681210720404,50.5367036406244,-0.9580073999999854,90.65700591623971,115.42780131606122,-24.77079539982151,149.91500100000002,151.989998,150.95249950000002,133.33999649999998,135.64999975,141.3499985,48.0,8.0,40.0,,157.48898295102913,0.0,0.0,3.413425949965221,56.99669940550055,0.672512834352962,0.34382941567633657,0.17745888800027818,6.729283280120575,51.617783301140165,64.52758219772998,44.09886018328397,-35.47241780227,0.2695014676470464,149.7269401041972,0.6509145137370789,9.885681188173852,-3.570343000960836,13.456024189134688,4.184077000189701,4.098911975587605,11.052857977130937
493,2020-05-19,154.210007,155.399994,150.929993,151.149994,148.800125,445600,14077259.00420974,25794300,-0.13804598394620768,-12633.811623463029,55.33769661069692,-882.7775482523622,-620.7730241985224,8912.90778817565,779.6913132498389,151.00880808781608,5.2748216403998205,152.37399985,158.25574134286245,146.49225835713753,7.720137948275379,0.3959486870100175,0.0,0.0,151.3566661,155.65866780000002,147.0546644,5.6845883446688905,0.4759795422674961,0.0,0.0,141.860001,162.119995,151.989998,13.296227715978,0.4585387833777242,4.311877971797274,1.1315389423180306,1.727976976012934,-0.5964380336949033,151.155833,151.64884603846153,151.12005168292393,149.9885127406059,10.163146645765371,25.232649712189964,28.556316679923405,0.776414531542799,0.966722713256061,-0.19030818171326191,0.21135321010199212,23.286226667018415,2.588486585868394,-1.7439948499999787,79.86768455509328,109.48093982924371,-29.613255274150433,149.91500100000002,151.989998,150.95249950000002,133.33999649999998,136.46500025,141.3499985,44.0,4.0,40.0,,156.55124403396738,0.0,0.0,2.830389112890864,51.772171840785234,0.496474771024349,0.4404322285853044,0.301306705051219,6.251307183645947,49.40274308906942,57.66600248292979,51.52421717513274,-42.33399751707021,0.2589995705882018,149.73619673972325,-0.09253685404031799,5.833283714957105,-1.689617657777248,7.522901372734353,-2.2505405726398475,-2.2762517292790996,8.553568351279495
494,2020-05-20,152.929993,154.75,152.009995,152.369995,150.00116,402200,13780746.402590396,26196500,-0.1868788595123117,59268.79035131719,62.06725247294625,146.47241049726998,-445.67565453414903,-6782.067927124466,785.9845598235445,150.8461415792542,5.107340076359839,152.40949940000002,158.2821382710409,146.53686052895912,7.706394803683596,0.49663657166160596,0.0,0.0,151.49299933333333,155.78500193333335,147.20099673333334,5.666271865878392,0.6021662552891561,0.0,0.0,141.860001,162.119995,151.989998,13.293130729881511,0.5187560272722681,4.270447666986012,1.1474318208874195,1.6118679449878313,-0.4644361241004118,151.30083216666665,151.7315381153846,151.31235065478177,150.16491883389435,9.878570948544114,24.01842403883063,27.182152125473486,0.842722827261005,0.903755781921625,-0.061032954660619976,0.1952002048839467,23.404457068593725,14.330219848565699,-0.629500400000012,71.72167552023926,102.73909400252518,-31.01741848228592,149.91500100000002,151.989998,150.95249950000002,133.33999649999998,136.46500025,141.3499985,40.0,80.0,-40.0,,155.66976945192934,0.0,0.0,7.487250680215501,53.385355979120426,0.6313461065432207,0.600111237306844,0.461457627189495,6.3359268626749845,47.973065370577665,65.2389447548106,62.477509811823474,-34.761055245189404,1.0216174941176348,149.75342713813757,1.1551416996898973,1.9197653331084197,-0.9677410596001146,2.8875063927085343,0.8071459136147929,0.8039059136605076,9.42975404230988
495,2020-05-21,151.940002,152.509995,149.690002,151.559998,149.203766,376800,13903674.233687852,25819700,-0.15630997135409905,7200.838929701458,61.96052503635134,-1706.3644426770263,-354.5766306705517,1243.2767468497188,781.8062756705301,150.84305509569438,4.878605368723856,152.36949925000002,158.25382824904997,146.48517025095006,7.723762338281695,0.4312155005158016,0.0,0.0,151.23499916666668,155.57700026666666,146.89299806666668,5.742058549839963,0.5374250058726769,0.0,0.0,141.860001,162.119995,151.989998,13.296620452075139,0.47877590684380295,4.157704892054282,1.0821922149701777,1.5059327989843008,-0.42374058401412307,151.28249875,151.96846134615384,151.35045024635383,150.26825803138365,10.02467653230106,23.081446740940212,29.331150592665374,0.8646281707725499,0.8960025988843036,-0.031374428111753616,0.18027478682623888,23.4866046572671,-31.730244946329414,-0.6695022500000221,60.56345513680829,95.04241949249565,-34.47896435568737,148.745003,151.989998,150.3675005,133.33999649999998,136.94999725,141.3499985,36.0,76.0,-40.0,,155.399994,0.0,0.0,13.34501024838259,52.138397972465995,0.5270933509545165,0.5516380761740288,0.5307271806887258,6.0477966957715505,53.99087797805296,60.21103041589078,61.03865921787707,-39.78896958410922,1.673087064705868,149.77574497048764,-0.14494729308833132,-1.671734241839292,-1.10853969604795,-0.5631945457913419,-0.5315987573537573,-0.5330167712098266,8.848026829645693
496,2020-05-22,151.550003,151.940002,148.820007,150.449997,148.111023,383200,13920867.290728007,25436500,-0.20979358095724254,-54592.47851739935,62.11736306509391,-586.2154697364278,-263.45237710254406,-4809.559161341803,781.8062756705301,150.8833426796439,4.702744331851469,152.25599904999999,158.1962116783207,146.31578642167926,7.802927523886913,0.3479850669494856,0.0,0.0,150.73233293333334,154.95133293333333,146.51333293333332,5.5980026552975986,0.4665399462747893,0.0,0.0,141.860001,162.119995,151.989998,13.306532502109631,0.4239880821287506,4.039724176935959,0.9301988004769157,1.3907859992828238,-0.46058719880590804,151.17833208333334,152.1076919230769,151.211918977684,150.2817201772071,10.312163794363821,22.05625096893082,29.26689551032232,0.8939564818162177,0.8759063656002927,0.018050116215925005,0.1650009802417685,23.571830826474468,-55.16535074857561,1.1439949500000068,52.48860464264169,86.88058998408339,-34.391985341441696,148.745003,151.989998,150.3675005,133.33999649999998,137.535,141.3499985,32.0,72.0,-40.0,,154.75,0.0,0.0,15.024045907407052,50.40102254117098,0.38183891957989685,0.5134261256925448,0.5550584797244725,5.316264867899209,53.249724848885414,53.32089385474856,59.59028967514999,-46.67910614525144,1.279735661764704,149.79594618380622,-0.8239947427289667,-4.558061701509267,-1.7984440971402136,-2.7596176043690535,-0.7323838840378016,-0.7350789818431736,8.050841423052235
497,2020-05-26,154.199997,157.029999,153.699997,155.089996,152.678879,398900,13854982.466754932,25835400,-0.24446803794197558,217620.1042850872,62.39244912672911,4161.453578587878,-141.7458422848916,9495.90201856189,781.8062756705301,151.03171840427368,4.890470098666323,152.19599920000002,157.9945690621691,146.39742933783094,7.619871603259691,0.7495440141957208,0.0,0.0,150.98233290000002,155.2303338,146.734332,5.62714963851245,0.9834819008630628,0.0,0.0,141.860001,162.119995,151.989998,13.311778303302454,0.6530108054326185,3.905518445920588,1.1706574552132167,1.3467602904689024,-0.1761028352556857,151.31916558333333,152.19846115384615,151.80854621188647,150.63788875667325,9.647206906516432,27.123598346887572,26.585025792099625,0.875362891724102,0.8470710243464032,0.02829186737769873,0.15592700876384244,23.627371755116176,77.39532476369993,2.503997799999979,45.16599307052012,78.84814458896795,-33.68215151844783,149.445,151.989998,150.717499,133.33999649999998,139.41999850000002,141.3499985,28.000000000000004,68.0,-40.0,141.860001,,1.0,0.0,40.605305572442454,56.87076442013397,0.9227460032427817,0.6105594245923984,0.5585412088196574,6.585937575753754,50.72862399309683,82.12287399130985,65.21826608731641,-17.877126008690166,1.2169693411764229,149.84736222830492,1.1016962621263342,-6.686003614639985,-2.775956000640168,-3.910047613999817,3.0840804868876193,3.037478464401122,11.383216339298485
498,2020-05-27,157.389999,159.320007,155.490005,159.210007,156.734833,509000,14334744.884111369,26344400,-0.1822522176163437,486115.1749586445,68.65621729374439,1535.0166444039323,7.883729003132852,25824.130591673893,781.8062756705301,151.41935871832678,4.824424188799689,152.2674996,158.36717283289263,146.16782636710738,8.011786164370202,1.0690884687529123,1.0,0.0,151.78199973333335,155.81700013333335,147.74699933333335,5.316836524870032,1.4204469058623437,1.0,0.0,141.860001,161.649994,151.7549975,12.996859508422624,0.8767060200577128,3.7627948002229266,1.6743720085796951,1.412282634091061,0.2620893744886341,151.69499975,152.49192288461538,152.94723248698085,151.27286047840116,9.454746152839464,28.73509800299897,24.99909077771901,0.9173402748482808,0.7982923431181382,0.11904793173014261,0.15646456153132376,23.7160808078754,154.5606595432814,1.2924983999999995,41.24917026500923,71.21091716343946,-29.961746898430235,150.59000400000002,151.989998,151.29000100000002,133.33999649999998,139.55999774999998,141.3499985,100.0,64.0,36.0,142.16340096000002,,0.0,0.0,70.30265278622123,61.653781635804435,1.0,0.7681949742742263,0.6307268415197231,9.222572566509545,58.727951161270184,99.3699887617449,78.27125220260112,-0.6300112382550939,1.800412738235309,150.83949431156856,2.915326494802708,-6.746918598197239,-3.5701485201515823,-3.176770078045657,2.6565291806442293,2.6218561695114495,14.342143983692047
499,2020-05-28,160.679993,160.979996,156.990005,157.470001,155.021896,657700,13835287.531375486,25686700,-0.1997461463143805,253184.1576502673,69.51199467799681,958.5166238481826,-11.647716333011877,6333.730917306692,781.8062756705301,151.8378473905442,4.740980869919721,152.2469994,158.2733990968058,146.22059970319418,7.916608827176415,0.9333434440772627,0.0,0.0,152.9649999,156.9459996,148.98400020000003,5.205111891743261,1.0658127906917458,1.0,0.0,141.860001,160.979996,151.41999850000002,12.558536506697148,0.8164228076419473,3.6971337707471665,1.9111351029998502,1.5120531278728189,0.39908197512703136,152.02083333333334,152.83192273076924,153.64304302744534,151.7319079244455,9.573890081995392,29.470369961366732,23.570734585455465,0.9186735794206676,0.8242637855734337,0.09440979384723391,0.16078394905295448,23.792306248075036,169.13051790742313,-4.176992399999989,38.879070950981145,63.975772123718535,-25.09670117273739,154.4549945,151.989998,153.22249625,133.33999649999998,139.55999774999998,141.3499985,96.0,60.0,36.0,142.8496652016,,0.0,0.0,85.15132639311062,58.69334287128243,0.8128661601759594,0.9118707211395805,0.7635417066687351,10.503316017996497,50.29343110624141,81.64228076419474,87.71171450574984,-18.35771923580527,2.6233250441176494,151.47678414912005,2.5462379857545905,-4.570595982741029,-3.7702380126694717,-0.8003579700715573,-1.0928998954192637,-1.0989159192265952,13.092498811674137
500,2020-05-29,156.929993,159.660004,155.759995,159.369995,156.892334,538100,14293360.104310574,26224800,-0.12530038624077583,363070.24532879994,63.22476610145133,-924.0875998901673,-190.72918157125676,-695.4213909403888,791.2393564065642,152.0403161590352,4.656883682927747,152.53399889999997,159.2980872213672,145.76991057863273,8.868958225899158,1.0053154080207398,1.0,0.0,154.12033286666667,157.75333306666667,150.48733266666667,4.714498252664685,1.2224968131481688,1.0,0.0,141.860001,160.979996,151.41999850000002,12.534907061956002,0.9157949047580811,3.6577334926464165,2.2264204094201716,1.6549265841822893,0.5714938252378823,152.962499,153.12846084615384,154.52411256168452,152.29769215226435,9.410469698812031,27.798465313580103,24.022767822645196,0.891725196202807,0.8870696491393474,0.0046555470634596086,0.16958679055804532,23.88022893222014,145.0628867960458,-5.733995899999968,36.43162567962936,57.44714285968468,-21.01551718005532,154.9000015,151.989998,153.44499975000002,133.33999649999998,139.55999774999998,141.3499985,100.0,56.00000000000001,43.99999999999999,143.937485049504,,0.0,0.0,92.57566319655531,60.90107965985062,0.9524205625559958,0.9217622409106517,0.8672759787748195,12.24771004539629,58.94438711868213,91.57949047580813,90.8639200005826,-8.420509524191884,3.805178199999972,152.21331096720627,7.6315171647151905,-4.525662352049648,-3.921322880545507,-0.6043394715041406,1.2065752130147045,1.199354121527385,14.457044870114721
501,2020-06-01,159.509995,160.460007,157.009995,158.119995,155.661758,361100,14164619.296104688,25863700,-0.13542069331560827,246720.92456754285,68.56034829192986,979.3042024419808,29.971526859732574,3660.33541486181,785.0333626402457,152.27527936244817,4.536196514634971,152.875499,160.03214359757862,145.71885440242136,9.36270971397272,0.8664074643146602,0.0,0.0,154.9986664333333,158.48066723333335,151.51666563333333,4.492942913799399,0.9482090536375868,0.0,0.0,141.860001,160.979996,151.41999850000002,12.506906028153006,0.8504183186240366,3.590008650885168,2.348351399813083,1.7936115473084482,0.554739852504635,153.90583166666667,153.34999907692307,155.07732524450228,152.7289738446892,9.415097487301397,27.56208469406963,22.79099966833773,0.9637458689225605,0.8249239479334471,0.1388219209891134,0.17900808845251612,23.748924875091863,130.1298149703923,-3.845499999999987,35.29866543696247,51.29621613976499,-15.997550702802513,154.9000015,151.989998,153.44499975000002,133.33999649999998,139.60499575,141.3499985,96.0,52.0,44.0,144.96003570653377,,0.0,0.0,96.28783159827765,58.679035535352035,0.8119617716973346,0.8590828314764299,0.897571931175554,13.044083015245702,58.31059838087701,85.04183186240367,86.08786770080219,-14.958168137596337,5.190589279411768,152.69339160541455,7.711166054948912,-7.045714127851975,-4.546201130006801,-2.499512997845174,-0.7843383567904372,-0.7874304691076972,13.55931436514959
502,2020-06-02,158.779999,159.919998,157.649994,159.899994,157.414108,475800,14632033.493084077,26339500,-0.12607717631559154,332464.15308646555,73.11066488846093,23.852217313995364,203.185514426519,2523.961826952782,785.0333626402457,152.74933125928044,4.309577263171475,153.33899845000002,161.03435369038016,145.64364320961988,10.037049045796916,0.9262958203392746,0.0,0.0,155.49033206666667,158.88233346666667,152.09833066666664,4.362974025350576,1.1500088610419388,1.0,0.0,141.860001,160.979996,151.41999850000002,12.469101267956004,0.9435145249776473,3.182830189113036,2.5591137609492307,1.9467119900366048,0.6124017709126259,154.81166458333334,153.62615265384616,155.81927428380962,153.2601605228604,9.419394719470093,26.595790153805716,21.99197380396217,1.0175967735358475,0.8241879196395959,0.19340885389625162,0.19037460549699428,23.626367962557975,125.63315372816595,-4.919000450000027,34.56890451539871,46.2630183575767,-11.694113842177991,154.9000015,151.989998,153.44499975000002,135.919998,140.8949965,141.3499985,100.0,48.0,52.0,145.92123332414175,,0.0,0.0,98.14391579913882,60.86855113484094,0.9503643849846767,0.9049155730793359,0.8952535484888058,14.359727215616056,61.65727874879532,94.35145249776473,90.32425827865886,-5.648547502235267,5.631647864705883,153.00647165094458,7.2938301502639,-7.302271347542168,-5.097415173513875,-2.2048561740282926,1.1257266988909276,1.1194375509524512,14.837681886035558
503,2020-06-03,161.449997,166.210007,161.160004,165.860001,163.281448,657700,15198565.64775805,26997200,-0.05063246914751244,844954.5032026864,79.90901242499541,3762.36318610742,720.3282545160392,29870.88399972749,785.0333626402457,154.04036849249042,4.509620836854327,154.04299855000002,163.42942666866395,144.6565704313361,12.186763704962853,1.1294728037443293,1.0,0.0,156.68199976666665,160.13200136666666,153.23199816666664,4.403826355468791,1.8301444894015908,1.0,0.0,141.860001,166.210007,154.03500400000001,15.807278635968864,0.9856260405028245,2.571457856360857,3.1705194312303036,2.1914734782753444,0.9790459529549591,156.26499816666666,153.9942298846154,157.36400147091584,154.19348203968553,10.568975194498098,33.53778199436094,19.903124815244205,1.1095033611264349,0.6705549819572406,0.43894837916919427,0.20988389645133612,23.57652518769062,194.4944004460632,0.5870064499999899,42.01261112781619,42.962011202863025,-0.9494000750468317,157.515007,154.03500400000001,155.77500550000002,137.965004,141.86000049999998,141.3499985,100.0,44.0,56.0,146.82475908469326,,0.0,0.0,99.07195789956941,67.1459315303392,1.0,0.9207753855606704,0.8949245967054787,17.609870235678393,67.33925927093274,98.56260405028246,92.65196280348363,-1.4373959497175461,6.346324044117637,155.33480997377586,11.750440125999745,-4.692816759160027,-5.016495490643106,0.3236787314830787,3.7273340985866543,3.659548273578306,19.11806596100023
504,2020-06-04,164.399994,164.399994,162.320007,163.960007,161.411026,484400,15478031.960384041,26512800,-0.027348053430545593,592767.1322308726,73.33897393544126,-139.55536229045745,782.1249975599948,18965.67667961432,776.0404850939813,155.24885072102467,4.412658153168895,154.65599905,164.91140905846163,144.40058904153835,13.262220762798972,0.9536146259546597,0.0,0.0,157.73366703333335,161.11766683333332,154.34966723333332,4.290776805797418,1.4199675435363022,1.0,0.0,141.860001,166.210007,154.03500400000001,15.744624294934507,0.9075975587028602,2.112274841524533,3.4618432192712305,2.445547426474522,1.0162957927967087,157.04249833333333,154.2319225,158.3787715523134,154.91692833304216,11.636442778452674,31.71765828911547,18.8229654507765,1.152025861221871,0.6620346049706761,0.4899912562511949,0.23103517274139676,23.487641221550863,150.65536671336514,-3.506005049999999,48.533892334737196,41.62539311374402,6.908499220993178,157.515007,154.03500400000001,155.77500550000002,137.965004,144.2699965,140.529999,96.0,40.0,56.0,148.3755789179178,,0.0,0.0,99.5359789497847,63.64099909435251,0.8134078522599887,0.9212574124148886,0.9156494570182984,19.196806826528572,63.80956343947418,87.69147550981087,93.53517735261937,-12.308524490189125,6.686323970588234,156.3398042206309,6.033759101281785,-5.169273331356375,-5.04705105878576,-0.1222222725706148,-1.145540810650314,-1.1521526722763298,17.7535199025596
505,2020-06-05,167.389999,167.800003,163.75,167.289993,164.689224,469600,15829360.099350853,26982400,0.025101746134293095,731480.6027121779,66.76973678479659,2082.785625000644,854.0109084199811,3988.45675891501,791.8016697760249,157.89559275616986,4.376392637852005,155.350499,166.96308547365243,143.7379125263476,14.950175954893345,1.01407556908572,1.0,0.0,159.23633373333334,162.74333453333332,155.7293329333333,4.404774611142514,1.6482260378535794,1.0,0.0,141.860001,167.800003,154.830002,16.697726860858033,0.9803388604210596,1.3773951237465403,3.9162770564055904,2.7396933524607356,1.1765837039448548,158.38749825,154.59384511538462,159.7497286981113,155.83345164170572,13.159522322343557,34.99136852159421,17.64323627234319,1.076418674283412,0.6610677846190932,0.4153508896643189,0.25615353320609086,23.508538520486532,163.49861979341924,-2.9805040000000247,54.72959249552819,41.87439176406474,12.855200731463448,160.75,154.830002,157.79000100000002,142.0300025,146.03249925,140.279999,100.0,36.0,64.0,149.8023331644844,,0.0,0.0,99.76798947489235,66.90190185361935,0.9854266346339832,0.9329448289646574,0.9249925423134054,21.59711055137378,64.61188116698563,97.31290775825245,94.52232910611527,-2.6870922417475436,7.890941958823532,158.1455842634974,10.678134065953069,-5.7233187445442155,-5.182304595937451,-0.5410141486067648,2.0309745412489644,2.0106253170207644,20.14506391320512
506,2020-06-08,167.160004,169.179993,165.440002,166.860001,164.2659,545800,15698018.558849825,26436600,0.03447529116946896,593456.2832390098,67.43747962075449,1051.8269008860348,747.3279261600641,8134.565397703244,791.8016697760249,158.8964124852692,4.312752474066805,155.9584992,168.5990136010223,143.3179847989777,16.21010007901166,0.9312127439654808,0.0,0.0,160.91200006666668,164.48100046666667,157.34299966666669,4.435965494831135,1.3332866722757084,1.0,0.0,141.860001,169.179993,155.519997,17.517475572116805,0.9150807950456213,1.2646168870407952,4.1933836689023,3.0304314157490486,1.162952253153251,159.59499875,155.10269111538463,160.84361674455573,156.65023307565343,14.774287018876608,35.10324817547477,16.608062764668123,1.1025497670100914,0.7364008130904168,0.3661489539196746,0.28167735345123723,23.586493330239716,146.91876263358375,-4.398501199999998,61.60976081128307,43.70147706859396,17.908283742689107,162.33499899999998,155.519997,158.92749799999999,143.099995,146.222498,140.279999,96.0,32.0,64.0,151.60210014803596,,0.0,0.0,99.88399473744617,66.07779392232271,0.9362112025387876,0.9116818964775866,0.9219613792857109,23.271106090249656,65.74281155412673,88.60513951237498,91.2031742601461,-11.39486048762502,9.117117641176463,159.7554834104111,9.509750262838837,-4.948443573640565,-5.135532391478074,0.18708881783750897,-0.2570339039944858,-0.25736480327065436,19.83625036497234
507,2020-06-09,165.070007,165.910004,161.880005,162.110001,159.589737,501500,15253760.753699005,25935100,-0.03693250453333211,168373.24277629418,66.56637803280137,-2744.2509222346753,614.3655423041845,-15679.080582484756,769.2614689556011,159.6449728837637,4.379476826660125,156.38599935000002,169.24948301840226,143.52251568159778,16.45094026558361,0.7224903376703615,0.0,0.0,161.71466733333335,165.35366743333333,158.07566723333332,4.500519538526629,0.5543189964005066,0.0,0.0,141.860001,169.179993,155.519997,17.469589422040535,0.7412154439869533,1.3812886125493353,3.983784762238429,3.2211020850469247,0.7626826771915041,160.47416566666666,155.51884526923078,161.03844509154715,157.05466032930872,15.263313509960023,32.379030190540796,20.866908042665145,1.0489569993082362,0.775715314345947,0.2732416849622892,0.2996041727039952,23.713090189752613,86.36211453463622,-5.936002350000024,62.12827497580001,46.02137759201515,16.10689738378486,162.46999399999999,155.519997,158.9949955,143.099995,146.222498,140.279999,92.0,28.000000000000004,64.0,153.71144729027165,,0.0,0.0,99.9419973687231,57.63222459969017,0.43184481105253164,0.784494216075101,0.8763736471724483,22.085148318480154,57.11259338963974,65.27506453098745,83.73103726720497,-34.72493546901254,9.687060429411787,159.86960077877964,6.960941633161016,-4.9543644043271415,-5.099298794047888,0.14493438972074646,-2.8466978134562004,-2.888002014484403,16.424874446104788
508,2020-06-10,162.509995,163.300003,159.720001,160.179993,157.689743,416200,14944515.258417157,25518900,-0.03412999567229327,29567.161008251278,60.556701776814215,-2051.492964921916,457.36801548852833,-19231.277589784313,760.1029915019117,160.1241619542932,4.299529343994113,156.99149864999998,169.36285372081755,144.6201435791824,15.76054140154241,0.6288660107057011,0.0,0.0,162.02066659999997,165.63466669999997,158.4066665,4.461159401253796,0.24534123560206927,0.0,0.0,141.860001,169.179993,155.519997,17.402211097371413,0.6705709137835764,1.7424601140422604,3.6202090859378018,3.3009234852251006,0.3192856007127012,161.28499866666667,155.8861525,160.90637553900143,157.28616645306363,15.163684806711311,30.54393539934233,23.103793815459888,1.006895029874107,0.8254946745418171,0.18140035533228993,0.30857604461908533,23.88166111604844,53.09672525318413,-1.9015026499999692,62.90808819688986,48.69126839711612,14.216819799773738,162.46999399999999,155.519997,158.9949955,145.39999799999998,147.3724995,139.8150025,88.0,24.0,64.0,155.56767277543906,,0.0,0.0,93.23543236483732,54.579729617627976,0.2495508980765483,0.5392023038892892,0.7451261388139923,20.14467563077164,55.34068759648918,55.7956474036868,69.89195048234976,-44.2043525963132,8.914706744117609,159.87199939552696,6.467262342318292,-6.227773045768826,-5.324993644392076,-0.9027794013767503,-1.1905545543732465,-1.1976984127433532,15.03877280096335
509,2020-06-11,156.149994,156.270004,151.029999,151.119995,148.770599,656400,14310662.326368425,24862500,-0.09281054761406303,-824225.6744500711,58.2321770759696,-6274.595051798061,131.06582912274013,-42081.96373945762,760.1029915019117,159.9171325169799,4.784575809594701,157.20749825000001,168.99670506322715,145.41829143677288,14.99827545691147,0.24181879466352102,0.0,0.0,161.4533331333333,165.19233463333333,157.7143316333333,4.631680780367945,-0.8818312366728507,0.0,1.0,141.860001,169.179993,155.519997,17.37830084704626,0.3389457068655065,3.06844720449441,2.5713655209052604,3.1550118923611326,-0.5836463714558722,160.95416525,155.86076773076923,159.40077853300122,156.82941301209596,14.850044001940955,26.422152738745098,32.802225334364074,0.9524563493121648,0.857051732073788,0.09540461723837679,0.29897742812226163,24.131120719779098,-60.0051092339806,2.0025087499999756,59.52582842814884,51.257290924729396,8.268537503419445,160.104996,155.519997,157.8124965,148.329998,148.83749949999998,139.2200015,84.0,20.0,64.0,,169.179993,0.0,1.0,46.61771618241866,43.05215072562742,0.0,0.2271319030430267,0.5169428076691389,14.126882815945645,42.8243529972239,11.296608946587614,44.12244029375396,-88.70339105341239,6.963736341176485,159.57911994529306,-2.559804695591084,-3.470871575034231,-4.954169230520508,1.4832976554862767,-5.656135844630739,-5.822394908773454,8.532023537344745
510,2020-06-12,155.509995,155.509995,149.229996,152.589996,150.217758,592800,14352196.185338788,25455300,-0.15190055550163895,-581991.0648429161,56.59036695675475,-1356.0115384605274,76.08039564244736,-31360.48724032374,767.4967990361881,159.8091099919844,4.934118128635231,157.3854981,168.77622363034448,145.99477256965554,14.4749365956284,0.28949970802013647,0.0,0.0,160.8713329,164.8483334,156.8943324,4.944324670290592,-0.5411536156457586,0.0,1.0,147.929993,169.179993,158.554993,13.501879306883865,0.21929425882353024,3.7936176993453277,1.837583713305321,2.8915262565499704,-1.0539425432446494,160.40249766666668,155.89499846153848,158.3529658356164,156.51538212231108,14.852295423391501,24.025746535236472,32.42676278400176,0.9406506017613525,0.8667675972427014,0.07388300451865115,0.2787784693493043,24.48466084872186,-73.61006299055612,0.08450289999998972,57.08048875016425,53.677493515085146,3.4029952350791035,159.2049945,155.519997,157.36249575,149.95999899999998,149.6525,137.5849995,80.0,16.0,64.0,,168.81699312,0.0,0.0,23.30885809120933,45.078990626594894,0.08412294929532625,0.11122461579062493,0.2925196075743136,10.095058407036706,38.590679045010354,16.842107795805756,27.978121382026732,-83.15789220419424,4.181264861764703,159.3197054233988,-4.158037000777204,-2.2619423940222863,-4.4157238632208635,2.1537814691985773,0.9727375917396142,0.9680369582642179,9.587755329368175
511,2020-06-15,149.259995,154.020004,148.449997,152.720001,150.345734,456100,14595394.704855908,25911400,0.028981226020907996,-490378.72979392926,50.93674024358961,-1386.0842128842412,-320.1723037484183,6154.980632405475,768.1506978760484,159.55296301561003,4.9977070157717085,157.60049825000002,168.45596056530664,146.7450359346934,13.775923852837977,0.2752054630083176,0.0,0.0,160.1913330666667,164.38033306666665,156.00233306666667,5.22999580539936,-0.391779907694757,0.0,1.0,148.449997,169.179993,158.814995,13.153509176802364,0.2059819017813607,4.450806754645552,1.2521130809885506,2.5636436214376865,-1.311530540449136,160.00666433333333,155.86884488461538,157.4863558609062,156.23424277991765,14.982291698325026,22.110309387475194,30.95798443392303,0.9026750389060418,0.9617158055871622,-0.05904076668112035,0.252061393771168,24.780451723133133,-87.534017062294,1.7694967499999734,55.9002157507827,56.04763920790559,-0.1474234571228905,158.814995,155.519997,157.167496,149.95999899999998,150.602497,137.3450015,76.0,12.0,64.0,,168.03351323520002,0.0,0.0,11.654429045604665,45.264530848694925,0.09182370093758184,0.05864888341096944,0.13233513408154035,7.016960600867328,41.945594300087684,20.59819017813607,16.245635640176488,-79.40180982186394,1.0817067264705997,159.12831379142594,-3.0164475581606176,-3.3278063603643657,-4.198140362649564,0.8703340022851984,0.08519890124381035,0.08516262758169191,9.68112289280656
512,2020-06-16,157.270004,158.559998,152.910004,154.990005,152.580444,351100,14502804.13021105,26262500,0.002459453301242912,-306467.710623368,49.82727594798658,7241.5197450860405,87.43506058601803,5607.282597041547,779.5683585973931,159.46354545758834,5.081936014194539,157.61849825,168.4553767235754,146.78161977642458,13.750769857465523,0.3787246135310414,0.0,0.0,159.82433376666665,164.35133276666667,155.29733476666667,5.664968397877552,-0.0339440948260281,0.0,1.0,148.449997,169.179993,158.814995,13.152007048766562,0.31548525142021255,4.865290405414113,0.9602248638629476,2.242959869922739,-1.2827350060597915,159.64166516666668,155.87999903846153,157.10230188230523,156.14207701844228,14.1320818231621,26.704432834715714,28.401334169942675,0.948236873535746,0.9320332455454016,0.01620362799034447,0.22458198040683935,25.077391652985593,-32.90180087309345,0.5014967500000012,51.870611831821435,57.14297261946173,-5.272360787640295,158.814995,155.519997,157.167496,150.929993,151.087494,134.540001,72.0,8.0,64.0,,166.858502261088,0.0,0.0,5.827214522802333,48.53395741325934,0.2275195716298662,0.13448874062092483,0.10145407994083973,5.450469773544374,37.94363136253635,31.548525142021255,22.996274371987706,-68.45147485797874,-0.4527941352941127,159.0234477459824,-2.7483153274868286,-5.79453037625446,-4.517418365370544,-1.2771120108839167,1.4863829132635953,1.475444500368095,11.311404362560884
513,2020-06-17,155.770004,156.490005,154.149994,154.679993,152.275253,322000,14326666.417183205,25940500,0.026098469399927143,-276947.161105744,42.73435564718602,-301.5863587007787,-2.572295310336354,4574.6239475376815,778.0090609769723,159.35282899735427,4.807743512775085,157.7949982,168.31507326133124,147.27492313866878,13.333851112311399,0.3519494784096229,0.0,0.0,158.8939997666667,163.14999956666665,154.63799996666665,5.357030229272176,0.004933392305768103,0.0,0.0,148.449997,169.179993,158.814995,13.137296008410488,0.3005304969668108,5.257775488383616,0.695864478777537,1.9335407916936989,-1.2376763129161619,159.35499833333333,155.9230757692308,156.72963897733518,156.03377449855765,13.342601224796526,25.785540062288653,27.424051452216542,0.9429227511764912,0.9876922675976524,-0.044769516421161226,0.19696656613793165,25.123222698200262,-42.01534438210496,2.1049957999999833,44.08264313112392,56.64838937461581,-12.565746243491887,158.814995,155.519997,157.167496,152.0999985,151.5549965,133.33999649999998,68.0,4.0,64.0,,165.7539919454227,0.0,0.0,2.9136072614011663,48.111302017069896,0.20997747644708,0.1764402496715094,0.12319262456780122,4.066062809750574,37.543941499765154,30.05304969668108,27.399921672279476,-69.94695030331891,-1.5752063852941092,158.55703767793742,-2.175564197304707,-8.269285019192894,-5.267791696135014,-3.00149332305788,-0.20002064004063236,-0.200220948472829,11.088758579116686
514,2020-06-18,153.889999,155.119995,152.320007,153.110001,150.72966,308100,14192422.27042258,25632400,0.043506955796390044,-306485.35740492283,44.27492611111295,-1454.0657578766538,-40.42787802365682,-3771.261683909627,770.1123189486651,159.1691744929177,4.606967961497575,157.8319985,168.28045345832,147.38354354167998,13.239970421232439,0.27403369594660015,0.0,0.0,157.88966626666667,162.21766616666667,153.56166636666666,5.482309263597104,-0.052179456689294836,0.0,1.0,148.449997,169.179993,158.814995,13.134216253366393,0.22479521944915065,5.725047765474613,0.3555729123570188,1.6179472158263628,-1.262374303469344,158.78916558333336,156.1169216923077,156.1727715962067,155.81719868384968,12.967083696002133,24.690731010111527,29.03461652473542,0.9325508723308352,0.988263147560334,-0.05571227522949873,0.16809764768913255,25.08040213445015,-67.71508240327121,8.028002500000014,35.523983906731594,54.51443286474952,-18.99044895801793,158.814995,155.519997,157.167496,155.519997,152.51999675,133.33999649999998,64.0,8.0,56.0,,164.71575224869736,0.0,0.0,1.4568036307005832,45.929880240182634,0.11943868577041444,0.18564524461578694,0.16552474496940706,2.267595923046222,38.49598936696617,22.479521944915064,28.027032261205807,-77.52047805508494,-1.535030029411729,157.9878309037893,-4.246399784105046,-10.50576043817702,-6.315385444543416,-4.190374993633604,-1.0149935809733224,-1.020179763612017,9.9612148103557
515,2020-06-19,156.229996,156.229996,151.789993,153.240005,150.857635,552700,14000722.761818642,26185100,0.010069154835009487,-252436.99051850647,45.708557709319024,232.96037814013656,-93.73815118807427,-2657.903796352849,770.1123189486651,158.76233371594356,4.590271465347817,157.91599885,168.18691261593386,147.64508508406612,13.008072444502503,0.2723671935836354,0.0,0.0,156.63699953333332,161.00399943333332,152.26999963333336,5.575949377235942,0.11106084141044342,0.0,0.0,148.449997,169.179993,158.814995,13.12722976200204,0.2310665182955173,6.145773271248486,0.09528128724284102,1.3134140301096586,-1.2181327428668176,157.73749925,156.3646140769231,155.7215767352518,155.62629544800896,12.366410843110929,24.711639298336795,27.071752162320962,0.9061486544568141,0.9836649257615981,-0.077516271304784,0.13948797947617825,24.937730774102548,-68.17134658273162,6.044008149999996,25.737303744555433,50.52860430177979,-24.791300557224353,157.1800005,155.519997,156.34999875,155.519997,151.87999724999997,133.33999649999998,60.0,4.0,56.0,,163.73980693377553,0.0,0.0,0.7284018153502916,46.14762182521636,0.128475938445642,0.15263070022104555,0.17157206483611395,0.8521834825101019,39.39325224099027,23.10665182955173,25.213074490382635,-76.89334817044826,-1.284824244117658,157.03407759315064,-7.6088242637837755,-7.965147887635017,-6.645337933161737,-1.3198099544732802,0.08490888847945133,0.08487286127483173,10.054581655609685
516,2020-06-22,151.759995,154.580002,150.630005,153.440002,151.054535,392900,14166834.741473306,26578000,0.025494403004311644,-205149.0174015772,39.25418214491937,-1412.4994235243005,-196.33469696223827,982.0741121916401,771.117409972075,158.38998128364122,4.526244018813035,158.0654991,167.97816479211585,148.15283340788417,12.542478590909454,0.26668752666202766,0.0,0.0,155.20933329999997,159.5973338,150.8213328,5.654299785591573,0.2983898019154735,0.0,0.0,148.449997,169.179993,158.814995,13.114813870220463,0.2407142287919398,6.531953152740006,-0.09378254767275962,1.031974714553175,-1.1257572622259346,156.86083216666665,156.53422957692308,155.37056523752074,155.4643477851935,12.050181132072078,23.208434258132968,27.211359985553756,0.8814781193839655,1.000751119179143,-0.11927299979517747,0.1122720171682643,24.81272312399142,-87.16044543687778,9.224493899999999,17.845324498237577,45.608276470939515,-27.762951972701938,155.875,158.554993,157.21499649999998,155.519997,150.95249950000002,133.33999649999998,56.00000000000001,20.0,36.00000000000001,,162.82241833774899,0.0,0.0,0.3642009076751458,46.504526742902634,0.14328909378141547,0.1304012393324907,0.15622572805644105,-0.23484561365126425,48.043825126102895,24.071422879193978,23.219198884553602,-75.92857712080603,-1.1139120264705866,156.35443369444678,-6.416201848539808,-8.623823304007042,-7.041035007330798,-1.5827882966762434,0.13051226407883032,0.13042717085349764,10.1982163818509
517,2020-06-23,155.009995,155.949997,154.190002,154.300003,151.901184,447500,13775272.908911288,27025500,-0.00822044633049504,-120863.37955849405,36.948221080815,969.4705329653592,-395.8270293295283,3020.932076100785,771.117409972075,157.5342273934473,4.324619116931731,158.02599945,167.99192984662886,148.06006905337114,12.613026250509012,0.3130632915487562,0.0,0.0,154.36066636666666,158.52166646666666,150.19966626666667,5.391269936754484,0.4927104824310555,0.0,0.0,148.449997,169.179993,158.814995,13.118092005207691,0.2822000544524952,6.853696964646203,-0.1722366685020802,0.791132437942124,-0.9633691064442041,155.778333,156.7603836153846,155.20586335482523,155.3781000233273,11.424085641473338,24.46221970771419,26.123894787948466,0.8832243637750572,1.0477937724909467,-0.16456940871588954,0.0880247538861158,24.680980584029818,-53.96824926572825,8.83400155000001,12.084649217922363,39.96122769549868,-27.876578477576317,153.5049975,158.814995,156.15999625,155.519997,150.95249950000002,133.33999649999998,52.0,16.0,36.0,,161.96007305748404,0.0,0.0,0.1821004538375729,48.09745585698237,0.2115453995422781,0.16110347725644528,0.1480451389366605,-0.7572346863250081,45.09176776110548,28.22000544524952,25.13269338466509,-71.77999455475049,-1.3172064294117547,156.13502119751215,-7.764953400410511,-8.115817507244664,-7.2559915073135715,-0.8598259999310924,0.5604803107341016,0.5589154642220429,10.815855687451315
518,2020-06-24,152.809998,152.809998,148.419998,148.759995,146.447296,426100,13415174.148865731,26599400,-0.09565310968270345,-440825.3837358521,37.50947619958225,-4589.874814597522,-713.7069902086043,-12790.602151290854,743.4311070743066,156.5820870184817,4.480157705238559,157.50349885,168.23285736205673,146.77414033794327,13.62427957524289,0.09254302854290891,0.0,0.0,153.25366616666668,157.49566606666667,149.01166626666665,5.5359196371677575,-0.02966422355015228,0.0,1.0,148.419998,169.179993,158.7999955,13.180656399113385,0.016377508761442908,7.4594258312183594,-0.6736787213626201,0.49817020608117524,-1.1718489274437953,154.26999916666668,156.534614,154.21419130023673,154.88787002159935,11.972793468225339,22.22177894931526,32.71870522785302,0.8229150188140097,1.0660421255184378,-0.24312710670442805,0.059669390255636764,24.60565706898163,-116.2009404815573,4.606502150000011,0.6642091734283623,33.42104777830752,-32.75683860487916,153.489998,158.7999955,156.14499675000002,155.519997,150.95249950000002,133.33999649999998,48.0,100.0,-52.0,,161.149468494035,0.0,0.0,0.09105022691878645,39.862833285539274,0.0,0.11827816444123125,0.1365942936767224,-3.6773334136383293,35.05158177511091,1.6377508761442907,17.976393066862602,-98.3622491238557,-2.2271773176470617,155.04887830656344,-10.84742052710404,-8.003330176952405,-7.4054592412413385,-0.5978709357110663,-3.5904134104261853,-3.656454336607684,6.837108343970555
519,2020-06-25,148.699997,152.300003,145.850006,152.190002,149.823975,559300,13955397.067341506,27158700,0.012622912389231956,-103792.76961644553,37.871408073554925,-1775.96164044689,-989.3317948834283,-2402.79174362891,743.4311070743066,155.33032762576906,4.677141634714703,157.2394989,168.21614572494823,146.26285207505177,13.961691434706339,0.2699890968285835,0.0,0.0,152.98433326666665,157.34733236666668,148.62133416666668,5.703850854315732,0.4089695816500754,0.0,0.0,145.850006,169.179993,157.5149995,14.837230570695992,0.27175308756065697,7.820751857222357,-0.7852503841865257,0.24148608802763505,-1.0267364722141608,153.44333258333333,156.57461430769231,153.9027775617388,154.6880279459253,12.902710630453223,20.052242048530097,33.41443919837831,0.7699601519668597,1.1216117343950704,-0.3516515824282107,0.03398165491718252,24.715463047159794,-101.3106186254818,2.940494099999995,-3.205737214031364,26.722578226730224,-29.928315440761587,152.205002,157.5149995,154.86000074999998,155.519997,150.95249950000002,133.33999649999998,44.0,96.0,-52.0,,160.1311108545122,0.0,0.0,0.045525113459393224,46.02436453660166,0.23503873747637263,0.148861379006217,0.1427476735679645,-4.400866610189177,44.264630097271485,27.175308756065693,19.011021692486512,-72.82469124393431,-3.00985313235293,155.017351434683,-6.119301054103391,-5.515133241751539,-7.0273940413433795,1.5122607995918402,2.305732129125171,2.279551794249368,9.300485876885745
520,2020-06-26,151.600006,155.580002,151.5,154.759995,152.354004,1808600,15037004.943219997,28967300,0.06894729492841647,575047.5317287637,47.552840493552246,1007.2539339817,-992.5155782337378,43437.31782906178,743.4311070743066,154.18043922802357,4.617427671243233,157.0089989,167.99062171774634,146.02737608225365,13.988526638196841,0.3976014776083188,0.0,0.0,153.13466693333334,157.27766633333334,148.99166753333333,5.410922925510588,0.6961535484010286,0.0,0.0,145.850006,169.179993,157.5149995,14.859012644784139,0.38191144298537333,7.913771813546166,-0.6587016711945921,0.06144853618318963,-0.7201502073777817,152.99166608333334,156.6665373846154,154.03465716762514,154.69335883881973,12.95456457366141,23.815065895456563,31.330697744277717,0.829476857867914,1.092999228459758,-0.263522370591844,0.014336275145376418,24.84405342388278,-42.95077452041789,-5.889003900000006,-7.444255145911765,19.684303682653063,-27.128558828564827,152.205002,157.5149995,154.86000074999998,155.519997,150.95249950000002,133.33999649999998,40.0,92.0,-52.0,,158.703000369061,0.0,0.0,0.022762556729696612,50.145980200077815,0.5787000090627425,0.2712462488463718,0.17946193076460668,-3.7549299078107863,48.48072576038796,44.416699343639046,24.40991965861635,-55.58330065636095,-3.037528391176437,155.0122106956843,-3.3836922442617365,13.929861645201456,-2.835942904034413,16.765804549235867,1.6886740036970327,1.674574413604546,11.146214767803265
521,2020-06-29,155.839996,156.050003,153.490005,154.389999,151.989792,412000,14914690.73828702,28555300,0.06921649245910456,471120.9769103681,53.66897875945984,764.273111649029,-741.9067186706161,29556.359601522538,741.6537321403447,153.61138419334443,4.41168470411891,156.82249910000002,167.84891649814182,145.7960817018582,14.062290119622,0.3896967159791195,0.0,0.0,153.42600043333334,157.26799893333333,149.58400193333335,5.008275636657052,0.6254553543769797,0.0,0.0,145.850006,169.179993,157.5149995,14.876683596990317,0.3660521971143827,7.929452813636398,-0.581562597811228,-0.0671536906156939,-0.5144089071955341,153.26416641666665,156.77538357692308,154.08932514183667,154.6708877396479,12.890427484979728,23.594471804520495,30.063867460850872,0.9225126793911564,1.0537980172549302,-0.13128533786377372,-0.0009203931967648145,24.910815817106368,-30.536758855872815,-4.232503100000002,-11.763040637383911,12.613897852741356,-24.37693849012527,151.1700055,157.5149995,154.3425025,155.519997,150.3675005,133.33999649999998,36.0,88.0,-52.0,,157.4177009321549,0.0,0.0,0.011381278364848306,49.55924227942855,0.6588623562392867,0.49086703425946737,0.3036582207040187,-3.4013161812763966,49.83614905814794,48.939796379334524,40.17726815967976,-51.060203620665476,-2.6748225999999704,155.00282613654628,2.1638460218318563,9.600379201385472,-0.3486784829504359,9.949057684335909,-0.23907728867529343,-0.23936353474898198,10.880489411071181
522,2020-06-30,153.860001,159.029999,153.429993,158.039993,155.582993,411100,15180436.7988091,28966400,0.05091054556067388,618176.9135517452,59.24693769715294,1988.80174165702,-453.31423962926357,8733.976524469475,759.1874564095564,153.38033102598084,4.53051683370702,156.72949905000002,167.68164714561337,145.77735095438666,13.97586052657437,0.5598281697142538,0.0,0.0,153.56066636666668,157.39766606666666,149.72366666666667,4.997373078387328,1.0837017179507926,1.0,0.0,145.850006,169.179993,157.5149995,14.885511113997262,0.5225029486728822,7.847673523474079,-0.2233308953278481,-0.09838913155812476,-0.12494176376972335,153.71833283333333,157.06730650000003,154.69712019693873,154.92045109226657,12.140028392942439,26.1704822940233,27.449226666538394,0.9559673381166393,0.9693107037703591,-0.013343365653719852,-0.008003665502052493,25.047250836522853,2.051581739045477,-4.009498050000019,-12.572194162061676,6.318915931276291,-18.891110093337968,152.4400025,157.5149995,154.977501,155.519997,150.3675005,133.33999649999998,32.0,84.0,-52.0,145.850006,,1.0,0.0,16.839416661883725,55.13604628208227,1.0,0.745854121767343,0.502655801624394,-1.3770796505283676,56.18374609912162,92.48856960697934,61.94835510998431,-7.5114303930206505,-2.5972348441176223,155.08361615536785,3.571660752910693,5.964250211443717,0.9139072559283946,5.050342955515322,2.364138884410516,2.3366259073872797,13.50185817646301
523,2020-07-01,158.25,158.470001,155.279999,155.839996,153.417221,264100,15009061.00882527,28702300,-0.018259699462607457,446863.1819443533,62.361672348934746,779.0852139371434,50.52006506610826,6042.568769080955,748.619181286065,153.5457629501579,4.396465350336317,156.22849879999998,166.34929782328118,146.1076997767188,12.956405650722663,0.4808067130319314,0.0,0.0,153.70299983333334,157.62499863333335,149.78100103333333,5.103347110014509,0.7724371265318427,0.0,0.0,145.850006,169.179993,157.5149995,14.933246609420783,0.42820383911915644,7.4196307480859245,-0.11561828631295157,-0.10183496250909013,-0.013783323803861436,153.97833241666666,157.09615265384616,154.87294724356352,154.98856552987647,11.44322923605067,24.844943783963565,26.05891957899325,1.0744836473998123,0.9247031310307058,0.1497805163691065,-0.01205559983241678,25.108482237294805,3.797507108704325,-1.2384937999999863,-13.88715973916359,0.828788859510159,-14.715948598673748,152.4400025,157.5149995,154.977501,155.519997,150.717499,133.33999649999998,28.000000000000004,80.0,-52.0,146.11360586,,0.0,0.0,58.41970833094186,51.44411109412005,0.7582738361078403,0.805712064115709,0.6808110733808398,-0.7700558852308821,54.174902097703914,75.7966259921383,72.40833065948406,-24.203374007861697,-1.6481757088235156,155.09096307867785,2.0429511390587387,0.838092462847612,0.8987442973122381,-0.060651834464626186,-1.3920508083039462,-1.401830702373097,11.921854642277573
524,2020-07-02,157.449997,160.0,156.880005,157.889999,155.435349,347200,14886649.777268805,29049500,-0.057745963140212894,484705.7333237302,69.45435071508328,1406.3363983258928,247.83063197942397,890.8490762357396,748.619181286065,153.87006015066774,4.372819215302684,155.9249984,165.44650015508236,146.40349664491762,12.212925256098472,0.6031875354615737,0.0,0.0,154.17699986666668,158.13099936666669,150.22300036666667,5.129169076346607,0.9695244818990625,0.0,0.0,145.850006,169.179993,157.5149995,14.962313445180058,0.5160737123428311,7.0382026817422485,0.13362252458267676,-0.054743465090736756,0.1883659896734135,154.21999858333334,157.0453831153846,155.33710905224606,155.2034865276634,10.812994120708568,25.63745463957721,24.328380916077098,1.1168940306092576,0.8659252081673828,0.2509688224418748,-0.011305213710035275,25.108737743187028,39.851857690679005,-1.2450053999999966,-10.61195542311264,-3.2100177146751827,-7.401937708437457,152.925003,157.5149995,155.22000125,155.519997,151.29000100000002,133.33999649999998,24.0,76.0,-52.0,146.3719337228,,0.0,0.0,79.20985416547093,54.50138082161901,0.9584458449831799,0.9055732270303402,0.8190464709711307,0.6728587309602061,54.5526664457397,85.08832583250556,84.45784047720774,-14.911674167494434,-0.154293741176474,155.2046971124381,1.8710845257408646,-2.214562776979097,0.27608288245397117,-2.490645659433068,1.3154537041954129,1.3068767473400023,13.394134824973602
525,2020-07-06,160.350006,160.690002,158.240005,160.029999,157.542084,350200,15048169.504925616,29399700,-0.07717978150164835,522523.1999917695,75.5263844107243,717.0900556816016,398.0573654484128,9313.775019953882,748.619181286065,154.30173385511083,4.2155375937724155,155.5619987,163.78814640575095,147.33585099424906,10.576037559937761,0.7715730655356696,0.0,0.0,154.76700026666668,158.5219991666667,151.01200136666665,4.852454196993001,1.2007989713836278,1.0,0.0,145.850006,169.179993,157.5149995,14.997227597333504,0.6078011530825115,6.642149612201718,0.4980861510726129,0.05582245814193317,0.44226369293067974,154.66583241666666,157.1438445769231,156.0590921211313,155.5610059700587,10.389079780299506,25.591779046334572,23.211081162582197,1.1542401372098743,0.8146639661252347,0.33957617108463956,-0.004658901325492994,25.04472620621043,80.10167628639543,-2.4519976999999926,-7.548233150696762,-6.031524120112331,-1.5167090305844315,153.270004,157.5149995,155.39250175,155.519997,153.22249625,133.33999649999998,20.0,72.0,-52.0,146.91705637388802,,0.0,0.0,89.60492708273546,57.509064117136155,1.0,0.9055732270303402,0.8722861727254632,2.8148746885625324,61.16053679099758,95.55253923249042,85.47916368571144,-4.447460767509571,0.7643830088235006,155.48776285985662,3.458757591229014,-4.669768554797788,-0.7130874049963807,-3.956681149801407,1.3553740031374772,1.346270970879626,14.931049449473965
526,2020-07-07,158.899994,160.619995,157.619995,158.330002,155.86853,229400,14927353.24212562,29170300,-0.07859681159415856,392165.6983072312,71.65004107515753,-451.1880993897199,-151.42176629985588,2309.6059663428427,740.6666075793767,154.39379238741364,4.093983834395174,155.13549874999998,161.68876469203485,148.5822328079651,8.448441517044945,0.74373368014179,0.0,0.0,155.36433303333337,159.02433223333333,151.70433383333335,4.711505052082624,0.9051461222541632,0.0,0.0,145.850006,165.910004,155.88000499999998,12.930630424134296,0.6221334618278632,6.351172108849506,0.6423460846351077,0.17312718344056807,0.4692189011945396,155.1008325,157.10384484615386,156.4084628717265,155.7661167870914,9.831024847576701,24.303886398759865,23.083051633326317,1.0714281661884328,0.894158931626707,0.17726923456172583,0.003527042060813392,24.98122543379751,85.95167193213805,-1.8954937499999858,-6.0838316997995525,-8.050244222081433,1.966412522281881,153.270004,157.5149995,155.39250175,155.519997,153.44499975000002,133.33999649999998,16.0,68.0,-52.0,147.74343311145475,,0.0,0.0,94.80246354136773,54.430855078579896,0.8255599698353431,0.9280019382728412,0.9130494641111738,3.707288802661461,53.44756641566015,84.09703075391674,88.24596527297092,-15.902969246083272,1.4851168264705734,155.58467229001897,3.4093141962686,-8.727949761535392,-2.316059876304183,-6.411889885231209,-1.0622989505861269,-1.0679816263882813,13.710138117274573
527,2020-07-08,158.410004,159.100006,156.690002,157.809998,155.356598,180000,14914655.271499846,28990300,-0.035756287795942227,322770.4956919125,73.1430306292808,-1640.1295610911059,-247.03199504202212,-3028.0886730693323,738.2340326173191,154.45292846811276,3.9255858509556583,154.9204986,160.79095404822834,149.05004315177166,7.578668415450532,0.7461052149601131,0.0,0.0,155.6696665,159.3946666,151.94466640000002,4.785775140078416,0.7872928110793888,0.0,0.0,145.850006,163.300003,154.5750045,11.263839942224402,0.6853864788630051,6.034598420073186,0.7065682652366547,0.2798153997997854,0.4267528654368693,155.48166525000002,157.0919218846154,156.62408366069167,155.917515395455,9.19565844199107,23.289909234383295,23.729965975116492,1.0310235161788204,0.8840791280639695,0.1469443881148509,0.011731597757470354,24.944473290979186,77.52809104289724,-1.4804966000000093,-5.257378199389596,-8.708198374616762,3.4508201752271663,153.270004,157.5149995,155.39250175,155.519997,153.44499975000002,133.33999649999998,12.0,64.0,-52.0,148.52022724476745,,0.0,0.0,97.40123177068386,53.48775156296354,0.7721149296668975,0.8658916331674136,0.8998222661568649,4.171107035422619,51.00972288827956,80.59295972856066,86.74750990498927,-19.407040271439346,1.679000470588221,155.63605991720274,2.9822453999528458,-13.065099449526926,-4.465867790948732,-8.599231658578194,-0.3284304891248646,-0.3289710058614226,13.336679354471448
528,2020-07-09,156.940002,158.389999,155.160004,157.190002,154.746231,315100,14995625.463435128,28675200,0.005447281168317452,248751.7477930672,72.9914965496703,-1148.0807600722128,-225.1759237702763,-1829.123946237451,738.2340326173191,154.6117851407216,3.8560267658600926,154.77099905,160.23639195221935,149.30560614778065,7.062554271493345,0.7213018344040463,0.0,0.0,156.36133363333335,159.97033323333332,152.75233403333334,4.616230261201377,0.6148058268926747,0.0,0.0,145.850006,160.690002,153.270004,9.588357050797228,0.7641508798250347,5.613320680597214,0.699374358126903,0.36372719146520893,0.33564716666169403,155.79416525,156.9876914230769,156.71114802058526,156.01177366245835,9.010381072866608,21.967109403052348,25.07256285529126,1.0363063877742293,0.8728340840181548,0.16347230375607458,0.018792596561865917,24.84216391997644,63.11982504667926,-0.47099604999999656,-1.0299625242871258,-8.466445631311847,7.4364831070247215,156.095001,157.5149995,156.80500024999998,155.519997,153.44499975000002,135.919998,8.0,60.0,-52.0,149.25041373008142,,0.0,0.0,98.70061588534193,52.32368080120073,0.7061478246872633,0.7679409080631681,0.853944826501141,4.237124412742635,53.24150012074635,76.41508798250348,80.36835948832696,-23.584912017496524,1.5591477117646662,155.80345493344547,2.4439520015126175,-14.025702468549655,-6.377834726468917,-7.647867742080738,-0.3928749812163401,-0.393648762297083,12.891407896746344
529,2020-07-10,157.240005,157.699997,155.820007,156.940002,154.500137,252300,15043938.486376738,28422900,0.08166932038495026,204205.06953691476,67.75547356716368,-11.17673801227769,-242.6142892097345,-1639.2150445484249,737.0599216318486,154.7730785728082,3.6584230892740828,155.06199940000002,160.3352093716991,149.78878942830093,6.801421356751947,0.6780701517746371,0.0,0.0,157.03200013333336,160.18399903333335,153.88000123333333,4.01446698421175,0.4854063823858968,0.0,0.0,145.850006,160.690002,153.270004,9.570362859644632,0.7473045140982515,5.17081991811342,0.6658250080195671,0.4241467547760806,0.24167825324348652,156.01416516666666,156.64461453846155,156.7463563251106,156.08053131709104,8.838337801536749,21.211938804688863,24.210635054662852,1.06112189791574,0.9013535551780874,0.1597683427376526,0.024431679673881056,24.766892012088285,54.307541530386835,-6.3020044000000155,2.9710224546186943,-7.309192564586239,10.280215019204933,157.0599975,157.5149995,157.2874985,155.519997,155.77500550000002,137.965004,4.0,56.00000000000001,-52.00000000000001,149.93678902627653,,0.0,0.0,99.35030794267097,51.83381846778429,0.678387656632604,0.7188834703289216,0.7842386705198344,4.1621153980991235,49.84015326725254,74.73045140982515,77.24616637362976,-25.269548590174846,1.0566769205882167,155.8702916151869,1.7109520082122025,-15.987663252746644,-8.299800431724464,-7.687862821022181,-0.159043194108488,-0.15916980205519238,12.711861795753299
530,2020-07-13,157.990005,161.550003,157.990005,159.440002,156.961258,345600,14979866.151954077,28768500,0.07188652067426661,298461.4881744984,73.69362765290899,3100.57902198959,79.74845689840053,5104.022596448571,737.0599216318486,155.15606682564385,3.753580880346676,155.4044997,160.87704378614717,149.93195561385284,7.042967348708201,0.8687044121047094,0.0,0.0,157.6033339,160.7033324,154.5033354,3.933925029742024,0.7962369336630322,0.0,0.0,145.850006,161.550003,153.7000045,10.102665643728459,0.865605006166561,4.674527207039116,0.831382354710172,0.505593874762899,0.325788479947273,156.90416575,156.4707681923077,157.1607633520167,156.32938099730652,8.824625297186744,26.397168961546775,22.195656965930905,1.1038958134493568,0.7885789232781161,0.31531689017124076,0.03196472347287479,24.703849436357814,123.37557904173696,-3.2144977000000097,7.692466038529432,-5.147469600595868,12.8399356391253,157.489998,157.5149995,157.50249875,155.519997,155.77500550000002,137.965004,4.0,52.0,-48.0,150.58198180469995,,0.0,0.0,99.67515397133548,56.24530634546865,0.9283836994014237,0.7709730602404304,0.75259914621084,5.314762033798861,52.65168689083782,86.5605006166561,79.23534666966158,-13.439499383343906,0.8415005647058535,156.07701457635744,7.1793542343154755,-15.5380647962263,-9.747453304624832,-5.790611491601467,1.5929654442084162,1.580410900539242,14.507322805683609
531,2020-07-14,159.080002,163.289993,159.029999,162.789993,160.259171,373100,15265383.868974335,29141600,0.07746972435576868,434378.6530209995,73.45247968483207,1587.0698418783265,123.86269324932677,13344.485931064948,737.0599216318486,155.56985624691458,3.8042221923120088,155.9079993,162.10497331873128,149.71102528126872,7.9495267036388455,1.0552704980848842,1.0,0.0,158.30933316666668,161.57933126666666,155.03933506666664,4.1311501155239965,1.1851165805468433,1.0,0.0,145.850006,163.289993,154.5699995,11.186075812852794,0.9713302538585608,4.188610093543971,1.2188538331177767,0.6482458664338746,0.5706079666839021,157.78749833333333,156.29769126923077,158.02679868247566,156.80794484935788,9.236601248638953,27.502260676914393,20.49793376672836,1.0678244674214656,0.8024394233517015,0.26538504406976415,0.04457923056160107,24.69931404895629,159.33548806397454,-1.1480042999999966,14.531173509798684,-2.1359843037224957,16.66715781352118,159.2249985,157.5149995,158.369999,155.519997,157.79000100000002,142.0300025,100.0,48.0,52.0,151.45942350032396,,0.0,0.0,99.83757698566774,61.35322991755848,1.0,0.8689237853446761,0.786260105304676,7.876066359424233,57.79871175037149,97.13302538585607,86.14132580411244,-2.866974614143921,1.0790596470587843,156.81254246262293,6.964971982850764,-14.452212124307176,-10.688405068561302,-3.7638070557458736,2.1010981924097116,2.0793295171790405,16.913234095330587
532,2020-07-15,164.330002,168.470001,163.309998,168.119995,166.016205,600000,15783987.172111947,29741600,0.1439968352085352,829181.8740179979,80.71325823569641,4067.8053750017375,742.2684210778453,27484.146907540053,737.0599216318486,156.96762647183624,3.9918007730808065,156.5644988,164.70922382318062,148.41977377681937,10.404306321811733,1.209385287232657,1.0,0.0,159.28933346666665,162.51533126666666,156.06333566666666,4.050488164890317,1.868671350819477,1.0,0.0,145.850006,168.470001,157.16000350000002,14.447716547092467,0.9845266986133283,2.9632498616506067,1.9337236257947552,0.9053414183060507,1.0283822074887046,158.90083166666668,156.34615257692306,159.57959811594094,157.64587449014618,10.672379739924969,33.80561483039668,18.46942496439647,1.2212943074535851,0.6661102084132661,0.5551840990403191,0.06664118781052923,24.76112440554714,234.25695331252598,-2.1744998000000066,21.398415505222744,1.7846351678759862,19.613780337346757,161.8150025,157.16000350000002,159.487503,155.519997,158.92749799999999,143.099995,100.0,44.0,56.0,152.64248045029157,,0.0,0.0,99.91878849283387,67.7950771471321,1.0,0.9761278998004747,0.8720082484618604,12.393811824333499,64.13945969983466,98.45266986133284,94.04873195461501,-1.5473301386671736,2.4285001147058836,158.26422255075494,8.632721912403774,-8.852255574870117,-10.321175169823064,1.468919594952947,3.274158258609905,3.2216996776020856,20.741158404870784
533,2020-07-16,167.759995,169.149994,167.0,168.460007,166.351974,332900,15903215.25274845,30074500,0.17697726090178115,726897.3198439983,80.16525512898605,1411.1539546455306,969.9195350130184,20318.218634257224,738.5505784574921,158.18499355213024,3.8076200957727253,157.2534995,166.84662247899007,147.66037652100994,12.20083878513631,1.0840906826975636,1.0,0.0,160.45666696666666,163.57866396666665,157.3346699666667,3.8913895683107316,1.7817661313148876,1.0,0.0,145.850006,169.149994,157.5,14.816832740819216,0.9703868087829057,1.805470537497942,2.4988935246067,1.2240518395661808,1.2748416850405193,160.07333233333335,156.59038357692307,160.94581486733466,158.44692134272796,12.125857054670757,33.72116256783664,17.75325233221373,1.3666593556408109,0.6131830757270093,0.7534762799138016,0.09434687669665047,24.743147637072965,216.8661907709934,0.786493500000006,30.102431444549122,6.308455930949516,23.793975513599605,162.15499899999998,157.5,159.8274995,155.519997,158.9949955,143.099995,100.0,40.0,60.0,154.54178291625658,,0.0,0.0,99.95939424641693,68.15968509241766,1.0,1.0,0.9483505617150502,16.09624052653248,65.95833008428482,96.09072388353219,97.2254730435737,-3.909276116467815,4.421146376470574,160.50427721720447,9.113289779864564,-9.662660275034892,-10.18947219086543,0.5268119158305389,0.2022436415133111,0.20203940438534573,20.985349720434154
534,2020-07-17,169.679993,170.330002,168.160004,169.570007,167.44809,327200,16001225.765937865,30401700,0.20261484385147663,674939.4170091421,74.35369842590431,775.9506968178565,953.3978752156008,2829.2229286641145,743.4169628099979,160.57301979742064,3.6438578861954545,158.0764998,168.8572347448187,147.2957648551813,13.639895820642032,1.033057683860592,1.0,0.0,161.5663339333333,164.59333123333334,158.53933663333333,3.747064411635442,1.8220482665555484,1.0,0.0,145.850006,170.330002,158.09000400000002,15.486170323212079,0.9689544475415762,1.3384244941665357,3.001760043338493,1.5795934803206433,1.4221665630178495,161.03416683333333,156.95153796153846,162.2726136569755,159.270853613637,13.68554144275802,34.55659642236961,17.035259879610706,1.2872113597826846,0.6417191179278271,0.6454922418548575,0.1257999651292738,24.602754585123805,194.5386449513427,-2.23650379999998,36.187083744061056,11.167935585922606,25.01914815813845,162.745003,158.09000400000002,160.4175035,156.09500150000002,158.9949955,145.39999799999998,100.0,36.0,64.0,156.58693246798066,,0.0,0.0,99.97969712320847,69.3785161558388,1.0,1.0,0.9920426332668248,19.530324604831875,66.77069814893645,95.50299056053755,96.68212810180087,-4.497009439462446,6.5788817676470615,162.40849928002123,7.295630543339744,-10.351868221421414,-10.221951396976628,-0.12991682444478592,0.6589100996535091,0.6567487759814306,21.782534408843212
535,2020-07-20,169.199997,170.25,167.130005,168.979996,166.865448,343000,16064987.259465897,30058700,0.23679275232257263,549608.9612935502,66.49139691949941,-504.8392959176288,862.7469889608395,962.5012032295115,743.4169628099979,161.6991353249843,3.591471597575908,158.86349934999998,170.38936948072026,147.3376292192797,14.510406956763639,0.9388604302870023,0.0,0.0,162.4796671,165.5736642,159.38567,3.808472968000063,1.5504743039351925,1.0,0.0,145.850006,170.330002,158.09000400000002,15.409452832249979,0.9448526870674322,0.9309932110675648,3.314469286865233,1.9265686416295615,1.3879006452356712,162.12916683333333,157.63846107692308,163.30451863282542,159.9900493459602,14.765171694806515,32.520146679102304,17.976832403703924,1.2213008356362416,0.6572731857364092,0.5640276498998323,0.15736203063658,24.394826773268626,154.4696984720677,-0.9735003499999948,40.793245554458096,16.37649972528457,24.416745829173525,162.745003,158.09000400000002,160.4175035,156.09500150000002,157.8124965,148.329998,96.0,32.0,64.0,158.78582359310374,,0.0,0.0,99.98984856160422,67.89087099640534,0.9170507661495358,0.9723502553831787,0.9907834184610596,21.938809478200294,67.20752291170213,92.01180307063738,94.53517250490239,-7.988196929362622,8.070087305882339,163.4335144615651,8.431725062415932,-10.490612188837614,-10.275683555348827,-0.2149286334887872,-0.34794537692034444,-0.34855211466640057,21.358797710471222
536,2020-07-21,169.460007,171.880005,169.009995,170.149994,168.020813,417200,15979219.960257877,30475900,0.20732165991198404,540825.2761944712,66.78141386936929,1207.3011445290074,806.92551773741,1695.1920320038846,743.4169628099979,162.89813528128764,3.5223253378183186,159.69899894999998,171.93205137119196,147.465946528808,15.320136634071227,0.9271621950992046,0.0,0.0,163.62866716666667,166.70966526666666,160.54766906666666,3.765841466962266,1.5583139978783707,1.0,0.0,145.850006,171.880005,158.8650055,16.299412752204987,0.9335377999822428,0.9309932110675648,3.6150308504618067,2.2642610833960104,1.3507697670657963,163.15083308333334,158.3138456153846,164.3576686893138,160.742637838852,16.08103453579483,33.839577888902554,16.97546261348308,1.2763384729810232,0.6659349648332941,0.6104035081477291,0.18872392246710662,24.174190939230357,149.55017707336154,0.3310000500000285,46.78185146174827,22.158636354299887,24.62321510744838,163.5200045,158.8650055,161.19250499999998,156.870003,157.36249575,149.95999899999998,100.0,28.000000000000004,72.0,160.63289213820715,,0.0,0.0,99.99492428080211,69.29681328561767,0.9954443501225743,0.9708317054240369,0.9810606536024052,24.38376034747319,64.6643150574336,89.65304487721015,92.38927950279503,-10.346955122789863,9.584146811764697,165.21874080406354,7.764896496072563,-8.960657895592657,-10.012678423397594,1.0520205278049364,0.6923884647269007,0.6900024630652979,22.19907202674978
537,2020-07-22,170.149994,171.729996,169.279999,169.339996,167.220963,467100,15534997.211699413,30008800,0.20084737805034847,409514.5130524053,63.59929960581132,31.469427319093555,753.5243901218352,665.0179975456304,743.4169628099979,163.9336452886093,3.415092504036487,160.4509986,173.105858971226,147.79613822877397,15.774112322945708,0.8512088296213592,0.0,0.0,164.8536666666667,167.93866406666666,161.76866926666668,3.742710080252981,1.2271204399286295,1.0,0.0,145.850006,171.880005,158.8650055,16.2230208768548,0.9024199347837087,0.8628563276701402,3.7447013991433096,2.5603491465454704,1.1843522525978392,163.92666616666665,158.95307619230772,165.12418058326554,161.37947918412223,17.30290717385541,32.20732708999119,16.15665179664265,1.2456488167155404,0.6512718922395164,0.594376924476024,0.21714407942368483,23.93245915713902,123.23754362077938,-2.120996599999984,52.672298297247586,28.1255542233593,24.546744073888288,163.850006,158.8650055,161.35750575,156.870003,157.167496,149.95999899999998,96.0,24.0,72.0,162.65737245332986,,0.0,0.0,99.99746214040105,67.10610519043203,0.8704787619706916,0.9276579594142674,0.9569466400738277,25.846504376815467,62.77349906975182,84.8085595210192,88.82446915628891,-15.191440478980796,10.306558411764712,166.23488704038857,5.817657350607126,-6.654415656282462,-9.341025869974567,2.686610213692105,-0.47604938499143934,-0.47718610908971115,21.617344095901192
538,2020-07-23,170.320007,172.360001,169.639999,170.910004,168.771317,511200,15501169.328337558,30520000,0.23579625838987062,465667.8811306312,65.01830197905294,263.38180555653486,671.8847763525953,2515.8802824192326,743.4169628099979,165.03747173126104,3.3755837536328377,161.55849905,173.7970246059902,149.3199734940098,15.150580907789399,0.8820519435620596,0.0,0.0,166.2593333,169.2933314,163.2253352,3.649717630619183,1.2664261061996025,1.0,0.0,145.850006,172.360001,159.1050035,16.408913895514434,0.9453037618452955,0.862483411591136,3.9288632774648136,2.834051972729339,1.0948113047354746,164.97499966666666,159.56538384615385,166.01430726276317,162.08544398529835,18.565766481887028,31.524536339191854,15.18438395288857,1.2406130880103388,0.6797162719325528,0.560896816077786,0.2438280722688272,23.822272902403064,115.75952155690871,-3.7485010499999873,60.57374923859149,34.525857199356274,26.047892039235215,165.175003,159.1050035,162.14000325,157.110001,157.167496,150.929993,100.0,20.0,80.0,164.3174463117305,,0.0,0.0,99.99873107020053,69.14237951491575,0.9865408543868028,0.9508213221600229,0.9497703289994424,27.686750043560203,59.26524901392747,91.56978341333418,88.67712927052118,-8.430216586665814,10.666853144117653,167.6486752746804,7.945431592933333,-3.939606183621579,-8.26074193270397,4.321135749082391,0.9271335993181307,0.9228620971530432,22.744899355612635
539,2020-07-24,170.339996,170.339996,165.039993,167.669998,165.571854,622200,15496474.303712096,29897800,0.17297011463837397,111153.65051197022,55.0975723064014,-2819.517692063075,419.26993722797545,-7055.775270809795,743.4169628099979,165.70180161466934,3.6250264782695516,162.33249885,174.05007289546785,150.61492480453217,14.436510407315573,0.7277561519683522,0.0,0.0,167.345666,170.7216654,163.96966659999998,4.034761677066691,0.5480349611436538,0.0,0.0,151.5,172.360001,161.9300005,12.850169342415697,0.7751676521971396,1.0002895901699094,3.7699142615917083,3.021224430501813,0.7486898310898953,165.79666633333332,160.06499942307693,166.26902891464576,162.49911465305405,18.056301667753253,27.99778984792014,22.252539502694002,1.0926196771632168,0.7540109999142036,0.3386086772490132,0.2636232343751664,23.913653034189053,67.10917045585616,-5.142496850000015,65.53430318755386,40.95272799369232,24.58157519386154,165.695,159.1050035,162.40000175,157.110001,157.167496,152.0999985,96.0,16.0,80.0,,172.360001,0.0,1.0,99.99936553510027,60.78033106138118,0.5099268595370681,0.788982158631521,0.8891538134019371,26.896596749331753,50.772344432938,72.73253594172131,83.03695962535824,-27.267464058278684,10.299528120588235,167.65187549347786,6.248019849794298,0.20303465808752635,-6.567986614545672,6.771021272633198,-1.8957380634079146,-1.913937554301981,20.41797757763655
540,2020-07-27,168.539993,171.029999,167.110001,169.559998,167.438202,503300,15622298.854336867,30401100,0.07696982077231972,231165.55758168982,61.37132708537621,1074.8298827715028,528.2712216680628,-6122.013241757167,751.7968642620806,166.30065212936927,3.6545236304425956,163.072499,174.6522194847102,151.49277851528979,14.201929271606009,0.7801232986826439,0.0,0.0,168.30299893333333,171.71499833333334,164.89099953333334,4.05459132828825,0.684202709218921,0.0,0.0,153.429993,172.360001,162.894997,11.60833869357703,0.8520865390019908,0.9821100259832537,3.7531888017299764,3.167617304747446,0.5855714969825305,166.82749933333335,160.6976916153846,166.7753318508541,163.0221430491241,17.75662982927369,27.223680390356698,20.59551191131479,1.1472621805593088,0.7428152662642185,0.4044469142950904,0.27973912053692,23.996926623268763,76.47338744281961,-6.132497000000001,69.24607352532163,47.032161328750426,22.213912196571208,167.8349995,159.1050035,163.47000150000002,157.110001,157.167496,155.519997,92.0,12.0,80.0,,172.360001,0.0,0.0,99.99968276755013,63.54963671510912,0.6677697419261702,0.7214124852833471,0.8204053220249636,27.030503700268977,52.06407832508952,83.7209099513215,82.67440976879233,-16.279090048678494,10.323762841176489,167.92542103942705,7.869454699797012,1.2049852565972021,-5.013392240317097,6.218377496914299,1.127214184138059,1.1209084667677338,21.775346101143867
541,2020-07-28,169.220001,169.520004,165.350006,165.380005,163.310516,282500,15343863.468996156,30118600,0.05741671648482716,29449.331855734345,60.16176291630711,-2413.4250902690274,473.03582672678266,-1290.920893448123,733.2635682777445,166.58962910149842,3.710070467398336,163.62199930000003,174.524745730291,152.71925286970907,13.326748819760887,0.5806221492557022,0.0,0.0,168.8076666,172.21066639999998,165.40466680000003,4.0318071667486395,-0.0036235382676217693,0.0,1.0,153.429993,172.360001,162.894997,11.569353803880583,0.6312734785954663,1.2549435021368285,3.3638666915621798,3.206867182110393,0.15699950945178687,167.53083291666667,161.16461469230768,166.5606661814919,163.19679948992973,16.908884158727115,25.06495592701453,22.277350750392277,1.1243176392991585,0.7511625786358108,0.3731550606633477,0.28694304675686794,24.101404229290626,40.53348260062259,-4.181997300000035,69.5041841449971,52.377246733169805,17.126937411827292,168.699997,159.1050035,163.90250025,157.110001,156.34999875,155.519997,88.0,8.0,80.0,,172.21360084,0.0,0.0,49.99984138377506,54.400713215984126,0.146306011869759,0.44133420444433247,0.6505762827864001,24.202994924875867,45.336281871088985,59.418620828829276,71.95735557395737,-40.581379171170724,9.617646179411793,167.87437802692267,5.377853251206164,-1.9971371936947164,-4.410141230992621,2.4130040372979042,-2.4651999583061968,-2.4960948161779406,18.77334031983122
542,2020-07-29,166.380005,167.800003,165.910004,166.600006,164.515259,266700,15271897.4698078,30385300,0.012477070651774605,71724.32254777216,65.19315481427483,-411.0244675660017,525.6827047629406,-4996.75574953375,738.6728212679257,167.13834308652977,3.581063220658502,164.04999994999997,174.71203950216918,153.38796039783077,12.998524297980904,0.6195834079175421,0.0,0.0,168.82133389999998,171.8973333,165.74533449999998,3.6440884915908307,0.13892582358761502,0.0,0.0,155.160004,172.360001,163.76000249999998,10.484606525597275,0.6651165113575314,1.3431937363462143,3.1178296002163393,3.1890596657315826,-0.07123006551524336,168.12749991666666,161.67076869230772,166.56671846126238,163.44888886104604,16.121691750362434,23.892155467157462,21.23498357924963,1.158446169018943,0.7568846808229931,0.40156148819594983,0.2888198891143464,24.19384271502322,36.02413392128967,-1.260006949999962,68.7119620534142,56.66719457859926,12.04476747481494,168.699997,159.1050035,163.90250025,159.1050035,157.21499649999998,155.519997,84.0,4.0,80.0,,172.0701286832,0.0,0.0,24.99992069188753,56.3747888213295,0.2588229466408521,0.35763290014559385,0.5067931966244245,22.4935824604796,44.37738524642132,65.17535012406896,69.43829363473992,-34.82464987593104,8.730441452941164,167.855629140428,4.490719963739097,-4.940915778838666,-4.51629614056183,-0.4246196382768357,0.737695587807008,0.7349879219725075,19.649526010861607
543,2020-07-30,164.940002,165.649994,162.600006,164.600006,162.540283,332700,15375527.055366827,30052600,0.049529801259857495,-33579.152101909574,64.16667064655712,-2502.6985016404997,347.71686450378195,-2026.5633225169015,738.6728212679257,167.42717156254474,3.622956898592652,164.48800045000002,174.46253693142222,154.5134639685778,12.127980708786353,0.505614574181397,0.0,0.0,168.42933406666666,171.59533286666667,165.26333526666664,3.7594387195604124,-0.10475829407557483,0.0,1.0,155.160004,172.360001,163.76000249999998,10.456687997267233,0.548837421308853,1.5847694174296443,2.729990516111002,3.097245835807467,-0.36725531969646497,168.27833433333333,162.06692265384615,166.26414731337584,163.53415679726484,15.551654132376836,22.05520303633858,25.96457221990911,1.0651830641985043,0.777077707758961,0.28810535643954327,0.2840305468261731,24.226947227484256,-2.315313698960555,3.6319945499999733,67.02953467225464,60.094133570620755,6.935401101633886,167.4800035,159.1050035,163.2925035,159.1050035,156.15999625,155.519997,80.0,4.0,76.0,,171.929525969536,0.0,0.0,12.499960345943766,52.372028211622016,0.0,0.13504298617020377,0.31133669692004334,19.792934692477353,45.26910471763153,45.99862797456593,56.86419964248805,-54.00137202543407,7.04735326176467,167.73152706239085,1.111869941538727,-5.999789648165765,-4.812994842082618,-1.1867948060831477,-1.2004801488422534,-1.207744105217401,18.213157202917387
544,2020-07-31,164.300003,165.119995,162.779999,164.820007,162.757538,302800,15600689.002652211,30355400,0.0970887518367541,-19265.515687351224,58.74355483342652,-135.23986789564276,116.58694379769392,-3589.2811710444576,739.6601162462246,167.7297565942789,3.4946608087333857,164.83450084999998,174.33852362740478,155.33047807259518,11.531594087882725,0.4992374886750883,0.0,0.0,167.91800033333334,171.10099893333333,164.73500173333332,3.7911344747810807,0.013353016659618376,0.0,0.0,155.160004,172.360001,163.76000249999998,10.43470687950946,0.5616281793537524,1.846269149893394,2.412566920118394,2.9603100526696524,-0.5477431325512585,168.00333533333335,162.6846154230769,166.0419718805488,163.6294049604304,15.022333487104493,21.036257741179394,24.765014969825895,1.048855787348567,0.866625383078272,0.18223040427029513,0.274724457071525,24.1030591683312,-7.843384612165608,3.6255061500000068,64.95072997633531,62.7782985063849,2.1724314699504106,167.4800035,159.1050035,163.2925035,159.1050035,156.14499675000002,155.519997,76.0,8.0,68.0,,171.55634517075455,0.0,0.0,6.249980172971883,52.76929155362265,0.02335951686813313,0.09406082116966182,0.19557890249515317,17.73671076075471,50.21945044481322,43.435912462728794,51.53663018712123,-56.564087537271206,5.958765482352931,167.5722950300226,-1.9628765751509718,-7.420356185776107,-5.334467110821316,-2.0858890749547916,0.13365795381563572,0.13356871108376467,18.371158489975635
545,2020-08-03,165.580002,167.570007,165.360001,166.289993,164.209122,350800,15545129.100280905,30706200,0.06756666739477239,57153.99923941351,58.658703041885325,1584.4300342195002,116.39838610777774,3533.4085963679827,739.6601162462246,168.04502985643273,3.4201947278600473,165.14750055,174.40717751947574,155.88782358052424,11.213826353578137,0.5616918092157109,0.0,0.0,167.68000033333334,170.77200003333334,164.58800063333334,3.6879767340808374,0.27522518302098664,0.0,0.0,155.160004,172.360001,163.76000249999998,10.414930254904197,0.647092496585901,1.9825873747642606,2.2536434198948996,2.818976726114702,-0.5653333062198023,167.82250083333335,163.22692276923075,166.080128975849,163.8264855559541,14.15662271562512,24.795701733471894,23.396966086552478,1.0717022963467606,0.8459573224264417,0.2257449739203189,0.26407263477988674,23.969782390073554,21.951810848071307,4.422506450000014,63.60516256652468,64.6475552958045,-1.0423927292798112,167.4800035,161.9300005,164.705002,159.1050035,154.86000074999998,155.519997,72.0,4.0,68.0,,171.19809160392438,0.0,0.0,3.1249900864859415,55.443531623114794,0.18060774344283542,0.06798908677032293,0.09903096470339617,16.757937104694896,49.461466427702774,37.80726322093403,42.41393455274292,-62.19273677906597,4.989825002941188,167.54122118950102,-1.288147874765303,-7.494106851362519,-5.7663950589295565,-1.7277117924329621,0.8918735211557172,0.8879198198876281,19.426879509233007
546,2020-08-04,165.440002,166.029999,164.330002,165.050003,162.98465,225500,15510641.467361553,30480700,0.07934598776198919,9043.750062354251,51.5468381382432,-968.73707094878,-243.35464574583065,1447.185566345314,734.1446241170971,168.08120391467835,3.2741743550740425,165.4835006,174.20108497316437,156.76591622683566,10.535895532251455,0.47513659854360224,0.0,0.0,167.15900066666669,170.1339990666667,164.18400226666668,3.5594833519404387,0.1455464200137589,0.0,0.0,155.160004,172.360001,163.76000249999998,10.39378363259015,0.5750000421511703,2.184117349682572,2.004531578752335,2.6560876966422287,-0.6515561178898936,167.44583383333332,163.62269230769232,165.9216480564876,163.91711647773528,13.262939513635043,23.787120327710376,24.582834077968872,0.961183465317363,0.9930686434634559,-0.03188517814609293,0.25095580772816467,23.865681496093075,-4.693579927136954,3.4964953999999864,60.03131968164392,65.4652243385152,-5.433904656871277,167.4800035,162.894997,165.18750025,159.1050035,154.86000074999998,155.519997,68.0,8.0,60.0,,170.8541681797674,0.0,0.0,1.5624950432429707,52.73125662621059,0.02112302174128377,0.07503009401741752,0.07902666731913409,15.142430179957056,47.83199236333964,25.10244113854562,35.44853894073616,-74.89755886145439,4.261029999999977,167.40169853247636,-2.6655680918854947,-10.208920959890836,-6.654900239121813,-3.5540207207690235,-0.7456792664607304,-0.7484733529175003,18.536338030151622
547,2020-08-05,165.960007,167.360001,165.820007,166.149994,164.070847,332400,15320693.553278765,30813100,0.05411246358800053,59985.644110588815,51.51031360847059,653.2481738805695,-297.4907729433279,533.8037767245899,734.1446241170971,167.97048882667247,3.1777567195666387,165.9005004,173.8762784956121,157.9247223043879,9.61513446479285,0.5156407059605416,0.0,0.0,166.7916677,169.6756658,163.90766960000002,3.4582040455249734,0.3887527526457081,0.0,0.0,155.160004,172.360001,163.76000249999998,10.367658300324226,0.6389530184220376,2.307471213791819,1.8742633889255274,2.4997228350988885,-0.6254594461733611,167.21000033333334,164.0749998076923,165.95677820164337,164.08251481271785,12.61842119657671,25.445895291686654,23.376001592675074,0.8929562319400278,0.9604050995594212,-0.0674488676193934,0.23761304356361845,23.65163467845288,12.92975139940598,4.249493599999994,56.78631890453014,65.04439874584172,-8.258079841311577,166.8150025,162.894997,164.85499975,159.1050035,154.3425025,155.519997,64.0,4.0,60.0,,170.52400169257672,0.0,0.0,0.7812475216214854,54.84171089750529,0.14522002979004905,0.11565026499138949,0.08622314859304332,14.368553714252158,45.36814525742442,36.37284650248267,33.094183620654114,-63.62715349751733,3.8765593794117876,167.36532584904555,-1.6747556320216788,-9.953338845032704,-7.3145879603039905,-2.6387508847287133,0.6664592426575133,0.6642482213143452,19.326334410861314
548,2020-08-06,166.070007,166.619995,164.580002,166.520004,164.436234,201300,15502259.967624307,31014400,0.0685586219098189,62056.696809076355,46.41903583567649,-1003.2808196530059,-424.5787384055323,2663.5983088693697,735.7795375217257,167.8022457665691,3.0639803476099727,166.3670005,173.2695179627846,159.4644830372154,8.297940627696299,0.5110831664552057,0.0,0.0,166.28533426666667,169.10133146666666,163.4693370666667,3.386945953374404,0.5416672526047471,0.0,0.0,155.820007,172.360001,164.09000400000002,9.941871855771065,0.6469166191958711,2.4074237940634924,1.7803587571361277,2.3558500195063363,-0.5754912623702086,166.90750116666666,164.40115407692306,166.04342832446747,164.26306956733134,11.823308382004011,24.31084063411716,25.0446791288882,0.8372202316495954,1.0046181500463784,-0.16739791839678309,0.22467867000572675,23.494239380510773,-9.320032111442314,2.9729955000000245,53.57161979916671,63.71521170268758,-10.143591903520871,166.8150025,163.76000249999998,165.2875025,159.1050035,154.977501,155.519997,60.0,24.0,36.0,,170.20704186487364,0.0,0.0,0.3906237608107427,55.56046511747419,0.18838862011613333,0.11824389054915546,0.10297474985265416,13.921084647719518,54.837394515270034,40.16393451021226,33.87974071708019,-59.83606548978774,3.822147388235294,167.32416799605488,-2.1334058936258278,-12.702550505612326,-8.392180469365659,-4.310370036246667,0.22269636675400495,0.22244876592569796,19.592069822175027
549,2020-08-07,166.660004,167.559998,165.710007,167.539993,165.443466,365700,15860050.925364101,31380100,0.10876858393583612,106478.59402206595,53.2772896187737,523.5843819972707,-351.1199042687537,2688.3188236279707,735.7795375217257,167.6759866466978,2.9425814128489773,166.89700005,172.2842694296816,161.50973067031842,6.455801336234485,0.5596770742915784,0.0,0.0,166.21066796666668,168.6816639666667,163.73967196666666,2.973330208257834,0.7689856708253121,0.0,0.0,157.990005,172.360001,165.175003,8.610098441371004,0.6645783339118538,2.462672723374231,1.7678644073622536,2.23825289707752,-0.47038848971526637,166.7575009166667,164.85115396153847,166.27366904378016,164.5058046364179,11.18373845733113,25.417102125727155,23.999186023397325,0.8836825061211376,0.9804949236535079,-0.09681241753237024,0.21336581918600406,23.369770681692888,5.122829753476653,4.013003949999984,52.153901330930395,61.81608145886634,-9.662180127935947,166.060005,163.76000249999998,164.91000375,159.1050035,154.977501,155.519997,56.00000000000001,20.0,36.00000000000001,,169.9027604302787,0.0,0.0,0.19531188040537134,57.56552995379611,0.30685776625628924,0.2134888053874906,0.14912765364267852,14.080449223466434,58.56832679471596,50.614646831273994,42.38380928132298,-49.385353168726006,3.9878247235294566,167.32522064536437,-1.0629520742400418,-10.928005309866988,-8.899345437465925,-2.0286598724010627,0.6125324138233967,0.6106640596682311,20.324610014198164
550,2020-08-10,167.220001,171.25,167.220001,171.210007,169.067566,461000,16311901.15981825,31841100,0.1748398666243374,332964.00259034097,53.664074585771324,2272.882720173971,-275.0069345798278,12338.37486383178,735.7795375217257,167.65837797754472,3.05132317156408,167.48550029999998,171.9839870454358,162.98701355456416,5.371792468456241,0.9139732882150756,0.0,0.0,166.2766683,168.7586644,163.79467219999998,2.985381082476264,1.4938248291365164,1.0,0.0,159.029999,172.360001,165.695,7.958899114325306,0.9137288951644553,2.462672723374231,2.0306934335238793,2.196741004366792,-0.16604757084291277,166.78250116666666,165.36346196153846,167.03310565242936,165.00241221890548,11.655434747795786,31.317147711260745,21.85853102252934,0.8788513839331229,0.9339820929683803,-0.05513070903525741,0.20762290885487034,23.43293967554432,91.45607216492343,0.18449770000000854,52.60017625209703,59.93785835965522,-7.337682107558194,166.925003,163.76000249999998,165.34250275,159.1050035,155.22000125,155.519997,100.0,16.0,84.0,162.600006,,1.0,0.0,5.722002321784641,63.88033002865574,0.6862290245985171,0.39382513699031335,0.24185261097565314,16.120830226150986,66.63432031162768,88.21726855392835,59.665283298471536,-11.782731446071647,4.052706464705864,167.38569543889287,0.17553273241980838,-7.231858998711271,-8.565848149714995,1.333989151003724,2.190530114203826,2.1668827157593107,22.960356831357487
551,2020-08-11,172.0,175.960007,171.440002,174.020004,171.842392,499400,16382612.475535823,32340500,0.1442534579609151,485870.9310488644,63.044052105580306,4041.217542054457,11.403645044126733,18294.78354626777,735.7795375217257,168.0239875429323,3.221190854407672,168.04700085,172.85383364181322,163.24016805818675,5.7208194939508035,1.1213034037893872,1.0,0.0,166.9823349,169.4993317,164.4653381,3.014686315779863,1.8980290121942147,1.0,0.0,162.600006,175.960007,169.2800065,7.950157356229893,0.8547902054797756,2.4593839846794623,2.437631110049125,2.244919025503259,0.19271208454586608,167.31166833333333,165.90153907692306,168.10801309051715,165.67038198046802,13.117107467720611,38.2169087376615,19.635408202719447,0.9667917103621707,0.8337364711814661,0.1330552391807046,0.20879295474715517,23.621293604236207,200.51454165326848,1.512997150000018,55.32665347985769,58.45060185148228,-3.123948371624593,169.2800065,165.5600055,167.420006,160.9050065,155.39250175,155.519997,100.0,12.0,88.0,162.77300588,,0.0,0.0,23.951690573880082,67.82800698934628,0.921625224075579,0.6382373383101285,0.41518376022931086,19.170284333212283,64.7432133989315,85.47902054797756,74.77031197772665,-14.520979452022441,5.208765941176495,168.49333355937654,3.787204673313116,-3.5111842414743584,-7.554915368066868,4.04373112659251,1.6412574529011126,1.62793440215534,24.978452851965937
552,2020-08-12,175.210007,177.619995,174.259995,176.979996,174.76535,407000,16634565.09875011,32747500,0.11263098381045385,588563.1900418838,62.377483700906275,1849.230486486482,124.67855082483727,15119.303277474297,748.2947742460508,168.38432097090538,3.259070868966904,168.49000089999998,174.6770244292948,162.30297737070518,7.344083917438931,1.18611304448746,1.0,0.0,167.9340006666667,170.59799756666666,165.27000376666666,3.1726712749347117,2.1978239226429532,1.0,0.0,162.600006,177.619995,170.1100005,8.914469060341718,0.9573901818436759,2.4593839846794623,2.9648023710298617,2.3888956946085798,0.5759066764212819,167.9300015,166.61884653846153,169.4729335381299,166.50813116710003,14.775270097662597,38.82196870021456,18.13038882666862,1.021933244759963,0.8147670623282665,0.2071661824316965,0.21763083519498316,23.839269225665294,225.38209228571702,-3.109995899999973,57.79104801040476,57.424103333498955,0.3669446769058027,170.199997,166.3899995,168.29499825,161.7350005,155.39250175,155.519997,100.0,8.0,92.0,163.3004859248,,0.0,0.0,52.12053241995818,71.37683427103846,1.0,0.869284749558032,0.633782408286158,22.99889937193153,68.07887714033977,95.7390181843676,89.81176909542451,-4.2609818156324195,6.333911288235271,170.10096111982003,4.376030955131287,-2.5754578404389985,-6.559023862541294,3.9835660221022957,1.7009492770727608,1.6866451114038838,27.104272942248176
553,2020-08-13,175.850006,175.850006,173.639999,174.860001,172.67186,276700,16663361.464508232,32470800,0.10141097052440522,420682.3605359009,66.67832117161453,-954.4422804291715,257.89822308440176,3608.349885191802,739.3311556689109,168.8433177008819,3.2671634820702153,168.8100006,175.5912144476853,162.0287867523147,8.034137579033109,0.9460853569796444,0.0,0.0,168.98400066666665,171.56399946666664,166.40400186666668,3.0535420984489785,1.6387602841779205,1.0,0.0,162.600006,177.619995,170.1100005,8.897570609925099,0.8162452715511322,2.427830458619048,3.1749249558890824,2.5461015468646804,0.628823409024402,168.72000116666666,167.2746158846154,170.30171314764837,167.1267881917593,16.07784257774882,36.06036343872533,18.161146394566035,1.1017936282270941,0.7853865115267616,0.3164071167003325,0.22818088991995775,23.96872115380455,152.81449771199308,-2.2099945999999875,59.08461800427738,56.77231311438142,2.3123048898959624,170.9749985,166.3899995,168.682499,161.7350005,155.39250175,155.519997,96.0,4.0,92.0,164.159656469312,,0.0,0.0,76.06026620997909,65.78015080560877,0.7055122031799602,0.8757124757518465,0.794411521206669,24.427363141041624,66.55238224033391,81.62452715511323,87.61418862915279,-18.37547284488678,7.407912147058795,170.97420951896063,5.732250401129205,-4.589316455211232,-6.165082381075282,1.57576592586405,-1.197872668050004,-1.205104976617477,25.581725596749315
554,2020-08-14,173.820007,177.080002,173.440002,176.699997,174.488861,429300,17003026.219178557,32900100,0.13185401737880667,473429.2065736285,66.27407643263828,436.6639133473129,212.3149395541025,1202.8732558060337,739.3311556689109,169.42729913690198,3.304447133863195,169.1665001,176.76987963589266,161.56312056410735,8.989226036358314,0.9954045016717383,0.0,0.0,170.13400066666665,172.84399986666665,167.42400146666668,3.1857232409523166,1.711438795504694,1.0,0.0,162.600006,177.619995,170.1100005,8.878819973884404,0.9387484238503774,2.4190043659050953,3.4501497394011267,2.7269111853719696,0.723238554029157,169.56166708333333,168.02500030769232,171.28606450954862,167.8359147701475,17.524020722237577,35.885505619022304,16.76174213419599,1.0499549190001292,0.771508502808954,0.27844641619117516,0.2411238935386853,24.17935307315807,149.48570084203078,-4.5664941,60.3595946005272,56.4116944514928,3.9479001490344032,170.9749985,166.720001,168.84749975,161.7350005,156.80500024999998,155.519997,92.0,4.0,88.0,164.9672767811533,,0.0,0.0,88.03013310498955,68.11684299214897,0.8284649015255677,0.8446590349018427,0.8632187534039071,26.365569848147512,70.48455128272818,93.87484238503774,90.41279590817287,-6.1251576149622595,8.494088488235292,172.12913056316435,6.062419349492694,-2.850803107818558,-5.502226526423938,2.6514234186053796,1.0522680941766671,1.0467702876116647,26.903182027320383
555,2020-08-17,176.660004,177.119995,174.169998,174.860001,172.67186,295500,16845760.859078195,32604600,0.10340961281171629,328122.34592025366,65.88642336126317,384.3426802086196,412.15549458822017,1440.313769097138,731.6324211346587,169.9574127097764,3.2690021204768756,169.46050035000002,177.45686636980096,161.46413433019907,9.437439407160282,0.837622154653096,0.0,0.0,171.0316671,173.8156654,168.24766879999999,3.2555354773829572,1.1875603875189162,1.0,0.0,162.600006,177.619995,170.1100005,8.863415939984847,0.8162452715511322,2.281725679918223,3.479683438854721,2.87746563606852,0.6022178027862011,170.41666666666666,168.71423103846155,171.835900892695,168.3562174538403,18.874763378225065,33.70964017763738,15.705515755885319,1.1117207830947675,0.7286811030341612,0.3830396800606063,0.2523805775846701,24.317805338098736,121.31119628506681,-4.640493350000014,60.17594635653046,56.42776408203575,3.7481822744947095,171.0999985,167.805,169.45249925000002,161.7350005,157.2874985,155.519997,88.0,4.0,84.0,165.7264398742841,,0.0,0.0,94.01506655249477,63.45083538228765,0.5829476573467236,0.7056415873507506,0.8086710326681467,26.51183814392079,66.7191111657765,81.62452715511323,85.70796556508806,-18.37547284488678,9.162117320588209,172.4384412455337,6.23328956622274,-4.337908748099896,-5.269362970759129,0.9314542226592328,-1.0413107137743682,-1.0467702876116647,25.581725596749315
556,2020-08-18,174.809998,177.179993,174.809998,176.559998,174.350586,377200,17025608.44778619,32981800,0.13932712242231576,372853.2777030744,66.79114843606817,219.9087698846825,457.22215440612615,590.0826496314862,731.6324211346587,170.6159056359157,3.179101408429187,169.78100055000002,178.35517579241366,161.20682530758637,10.100276491053632,0.8953148412728087,0.0,0.0,172.13633326666667,174.98733136666667,169.28533516666667,3.3124884745666647,1.2758098353929703,1.0,0.0,162.600006,177.619995,170.1100005,8.84668422929728,0.9294275781427015,2.1808367109723683,3.598780161345644,3.021728541123945,0.5770516202216989,171.39499924999998,169.37269242307696,172.56268506304963,168.96390490170398,20.141670621793395,32.09772109673184,14.893534207498856,1.1264021123994712,0.6985459175861608,0.4278561948133104,0.26351015417263907,24.3379995997374,119.91713375472119,-3.491007550000006,62.96411019324061,57.114185336336924,5.849924856903684,171.0999985,168.324997,169.71249775,161.7350005,157.50249875,155.519997,84.0,48.0,36.0,166.44005318182704,,0.0,0.0,97.00753327624739,65.78294780797641,0.7056593766032984,0.70569064515853,0.7519970891370411,27.36116611922154,66.1188042641,92.94275781427015,89.48070911814038,-7.057242185729848,9.039792005882362,173.1697140611086,7.122916212471707,-3.6918628277740555,-4.9538629421621145,1.262000114388059,0.972204615279626,0.9675091149281556,26.802636928948687
557,2020-08-19,177.220001,177.570007,175.380005,175.789993,173.590225,300900,16837370.800788607,32680900,0.1773360369669802,286489.308816921,73.33413846507469,349.35990529112973,660.9406120440997,2354.885152261674,728.4416608898846,171.40362558935516,3.0801914675862676,170.1035004,179.0635873150263,161.1434134849737,10.534864825187682,0.8173235178368423,0.0,0.0,173.1166667,176.0326656,170.2006678,3.3688251461694825,0.958389456182581,0.0,0.0,162.600006,177.619995,170.1100005,8.829911768235418,0.8781622276820588,1.9531280699616225,3.589652919293286,3.1353134167578136,0.4543395025354724,172.1866659166667,169.8726924230769,173.0591939764266,169.4695410571333,21.404679045151575,31.39854636298954,14.164772848585153,1.239532476984642,0.6453144881785746,0.5942179888060675,0.2725926973256049,24.229799727527705,105.49039252241803,-5.053497399999998,65.6682080705928,58.458250699828696,7.209957370764101,171.665001,170.1100005,170.88750075000002,161.7350005,158.369999,155.519997,80.0,44.0,36.0,167.1108496909174,,0.0,0.0,98.5037666381237,63.797290333700964,0.5934937451809116,0.627366926376978,0.6795663862954195,27.455166246839617,59.854143595562725,87.66844681090224,87.41191059342854,-12.331553189097766,8.57032344117647,173.52539028101833,5.712911419750917,-4.825735004183807,-4.928237354566454,0.10250235038264677,-0.4361152065713081,-0.4370689629328517,26.249631346968137
558,2020-08-20,174.490005,176.309998,173.580002,176.279999,174.074097,370400,17199630.400875933,33051300,0.23578930108955334,271490.582185932,72.00799062140598,-1127.6755561490281,590.0523485974293,-279.79878884850405,728.4416608898846,172.1486949085515,3.0451719208276407,170.37200015000002,179.7258510383573,161.01814926164275,10.980502524031992,0.8158056997334469,0.0,0.0,174.06499996666668,177.04999916666665,171.08000076666664,3.4297523345550562,0.8710217130599822,0.0,0.0,162.600006,177.619995,170.1100005,8.815996165318236,0.9107858201494031,1.7084960948439598,3.5806830183201726,3.2243873370702856,0.356295681249887,173.12249891666667,170.18653873076923,173.55470244159176,169.97401942327159,21.722907963141807,29.463154145745097,17.355821422122737,1.188349652369356,0.6667496503945327,0.5216000019748233,0.27992123180195516,24.213086954803792,81.95815174809142,-4.222006150000027,68.85099891570576,60.31348376480375,8.53751515090201,172.419998,170.1100005,171.26499925000002,161.7350005,159.487503,155.519997,76.0,40.0,36.0,167.74139840946236,,0.0,0.0,99.25188331906185,64.53101364486837,0.6328448087491101,0.6439993101777733,0.6590189605710938,27.743052233392746,63.228121326244654,89.91725578786996,90.17615347101412,-10.082744212130036,8.124881838235268,173.9030893272708,6.803996241066411,-4.127491777317311,-4.768088239116626,0.6405964617993147,0.2787451046772471,0.27835733094345727,26.601546014020894
559,2020-08-21,176.380005,179.580002,175.839996,178.850006,176.611954,637100,17588024.676018808,33688400,0.2897606567159009,466613.5646879421,73.72619146519524,1623.1537984608374,592.8183317575248,10320.828283587729,728.4416608898846,173.2684210763602,3.114655328744876,170.93100055,180.888899634025,160.973101465975,11.651366986659813,0.8976243072549365,0.0,0.0,175.1803335,178.35433419999998,172.00633280000002,3.623695236314845,1.0780831270768196,1.0,0.0,162.600006,179.580002,171.09000400000002,9.933830578048413,0.9570084704378022,1.5482299510636313,3.737864617064048,3.3270827930690383,0.4107818239950096,174.18083325,170.58615407692312,174.36936452750072,170.63149991043667,22.787203505461687,34.29548493833932,15.909053833089839,1.1891573330824736,0.656386021228552,0.5327713118539216,0.28820606504053164,24.312936345344678,107.98716087160277,-4.410996549999993,73.13319266119527,62.594930032481315,10.538262628713952,175.510002,171.09000400000002,173.300003,162.71500400000002,159.8274995,155.519997,100.0,36.0,64.0,168.33411420489463,,0.0,0.0,99.62594165953092,68.17425098994045,0.8282389882414619,0.6848591807238279,0.6520751390928597,29.08918325746173,63.66451796382552,95.21314098360655,90.93294786079292,-4.786859016393442,8.078263723529432,174.6648382652893,7.643702954331744,2.074241714580233,-3.399622248377254,5.473863962957487,1.45791185306281,1.4473864951698445,28.44728495952009
560,2020-08-24,179.020004,181.130005,178.869995,180.589996,178.33017,337700,17764343.9393849,34026100,0.30372417052548534,483896.5730182364,78.44288288052839,1532.5511282232833,771.4817745555293,12573.760963179771,735.5284999338363,174.05710094715525,3.0311896958703892,171.48250045000003,182.2633378307895,160.70166306921055,12.573688105198697,0.9223927710025918,0.0,0.0,176.21066643333333,179.20766823333332,173.21366463333334,3.4016122413723044,1.2306184411812322,1.0,0.0,162.600006,181.130005,171.8650055,10.805766740847638,0.9708575807262592,1.2479182997138538,3.957218466597709,3.4531099277747725,0.5041085388229365,175.35333258333333,171.0099998076923,175.32638475403908,171.36916628744137,24.087806410231117,36.04341750249976,15.083576829992948,1.2905316704720262,0.5908659557908753,0.6996657146811509,0.298195731135149,24.356295463775304,120.16642707196384,-3.942507450000022,76.04302404550803,64.89674898422025,11.146275061287781,177.28500350000002,171.8650055,174.5750045,163.4900055,160.4175035,156.09500150000002,100.0,32.0,68.0,169.23378522850305,,0.0,0.0,99.81297082976546,70.39167932619333,0.9404204660231313,0.8005014210045678,0.7097866373020563,30.907985453660253,67.33828178744257,96.73710633164237,93.9558343677063,-3.262893668357629,8.335146629411781,175.4512482320571,8.4494304960502,0.6593559453883238,-2.5878266096241385,3.2471825550124622,0.9728766796910371,0.9681747061939028,29.696918640587544
561,2020-08-25,180.899994,181.089996,179.110001,179.699997,177.451309,480600,17570160.902660053,33545500,0.3070458622841798,353663.7026727729,70.06513929516171,41.19777986007587,727.7638892683514,916.8706923183004,735.5284999338363,175.0444446834749,2.9260702262833505,172.19850004999998,183.1635897755163,161.23341032448366,12.735406780352292,0.8420627253301746,0.0,0.0,176.8266658,179.5696666,174.08366500000002,3.1024741518368777,1.0237569015656123,1.0,0.0,162.600006,181.130005,171.8650055,10.760836473383675,0.9228274108379598,1.0102444482182382,4.0129833177525995,3.5650846057703385,0.44789871198226106,176.36666625,171.42230753846155,175.9992481764946,171.986264858742,25.295509107517017,34.375319760548386,14.385505387435755,1.2812735591629028,0.6391908876462912,0.6420826715166116,0.30719443030665244,24.357344158399204,105.13251297885614,-0.9884930499999882,78.44773227875928,67.19193612514853,11.255796153610746,177.28500350000002,171.8650055,174.5750045,163.4900055,160.4175035,156.09500150000002,96.0,28.000000000000004,68.0,170.42340720565275,,0.0,0.0,99.90648541488272,67.78994070788735,0.7732163729661817,0.8472919424102585,0.777550848046218,31.65785522993923,62.196189035205336,91.35946984420478,94.43657238648457,-8.640530155795227,8.503059155882369,175.75335833319645,7.257970937124241,2.4227445432048103,-1.585712379058349,4.008456922263159,-0.49282851747779466,-0.49404692196084454,29.057735239236738
562,2020-08-26,179.529999,180.589996,178.380005,180.0,177.747559,280900,17701078.503274713,33826400,0.3343722602467918,315179.0083909484,68.83132057310831,-483.851920618726,764.8659534850856,-1899.5809106084325,736.7564396124644,175.6124426354978,2.8544623036550156,172.86849975,184.0193583476603,161.71764115233972,12.900972257856699,0.8197735935552238,0.0,0.0,177.1636663,179.79166619999998,174.53566640000003,2.9667481542743146,1.0396373302753972,1.0,0.0,162.600006,181.130005,171.8650055,10.719129874325182,0.9390175358347288,0.7462921147275757,4.034873587828315,3.6590424021819343,0.37583118564638074,177.09916566666666,171.80115392307692,176.6147484570339,172.57987486920558,26.051202842408323,32.56380541399777,15.36812077450672,1.292367978566662,0.6349021370856363,0.6574658414810257,0.31483636945211996,24.364668468327537,92.65126339658808,1.151504249999988,79.42852942643567,69.45237072761057,9.976158698825103,177.28500350000002,171.8650055,174.5750045,163.4900055,161.19250499999998,156.870003,92.0,24.0,68.0,171.49406698508747,,0.0,0.0,99.95324270744136,68.21638895810125,0.7711696708476954,0.8282688366123363,0.8253540666757209,32.39345217926501,66.40633139577372,92.67182135821281,93.58946584468667,-7.328178641787176,8.437116908823526,175.9099726129239,5.134041610079492,-0.25568519986910526,-1.3197069432205004,1.0640217433513952,0.1669465804164716,0.16680737951881852,29.27319271498159
563,2020-08-27,180.630005,181.25,178.679993,178.740005,176.503357,335500,17381246.96332171,33490900,0.2759772566224371,209763.67540652707,62.58506860179147,367.6879523016289,753.7304942211111,-1879.5377361656906,736.7564396124644,176.43150888456728,2.8260167732895143,173.5754997,184.32554940915068,162.8254499908493,12.38659802533259,0.7402084380876796,0.0,0.0,177.64099936666668,180.30499926666667,174.97699946666665,2.9993074903854566,0.7062698338189373,0.0,0.0,162.779999,181.25,172.0149995,10.640903256463446,0.8641042304220772,0.5951434599102755,3.9055301972856,3.7083399612026677,0.1971902360829323,177.49249908333334,172.16269273076927,176.9417110021056,173.03618080482,26.909347501368423,32.13768549716536,14.416665582994902,1.2678156605802628,0.6477118497592321,0.6201038108210307,0.3191052659620569,24.383711526493787,86.32140338540646,3.4044963000000052,79.91361080721076,71.62503919501985,8.288571612190907,177.41500100000002,171.925003,174.670002,163.550003,161.35750575,156.870003,88.0,20.0,68.0,172.4576607865787,,0.0,0.0,99.97662135372067,64.36219499588418,0.11498356565378816,0.5531232031558885,0.7428946607261612,31.945975329564508,58.738521618135856,82.10979915251595,88.71369678497786,-17.890200847484042,8.758616370588243,176.0714516545855,2.712332428173026,-1.2775808521007597,-1.3112817249965523,0.0337008728957926,-0.6999972222222262,-0.7024586963371604,28.368283956898743
564,2020-08-28,178.729996,180.899994,177.630005,180.889999,178.626419,284700,17664206.543705616,33775600,0.2846388133212055,267240.76346273714,61.506750014751006,-803.9980646410168,533.9532953057549,1076.0548866217346,745.6185962663604,177.17968877324375,2.870413995960561,174.3789993,184.7881189476166,163.9698796523834,11.938501412901035,0.8127545806186803,0.0,0.0,178.04766593333335,180.67466473333334,175.42066713333332,2.9508938364669612,1.0409848429825403,1.0,0.0,164.330002,181.25,172.79000100000002,9.7030021206229,0.9787233426386923,0.5951434599102755,3.931194809284534,3.7529109308190414,0.17828387846549276,177.8183326666667,172.5465386923077,177.5491399248586,173.61794511557406,27.16106287132788,29.624549457267086,15.800254210127267,1.211197654779384,0.7383478097590905,0.47284984502029337,0.32277903587688905,24.32041043966424,86.39573596207498,0.4810017000000073,80.70063706197614,73.9055603845138,6.795076677462333,177.41500100000002,171.925003,174.670002,163.550003,162.14000325,157.110001,100.0,16.0,84.0,173.51274149218926,,0.0,0.0,99.98831067686034,67.71423387003078,0.5379004649867003,0.47468456716272805,0.6186922023103176,32.51224086702235,65.67598925390261,96.33026428751555,90.37062826608144,-3.6697357124844556,8.496234250000015,176.36911165945025,2.2092909302585753,-3.1813358453167906,-1.6852925490605999,-1.4960432962561907,1.202861105436348,1.1956842258483036,29.912376116332375
565,2020-08-31,180.690002,180.690002,178.970001,180.229996,177.97467,361800,17832483.201800585,33413800,0.3150365123432892,194950.7850537753,60.59895449605149,268.6025442238765,264.48079546071335,2104.4665870231975,745.6185962663604,177.69977602561528,2.775372396364504,175.07599944999998,185.08434411304944,165.06765478695053,11.433142971613014,0.757484964972701,0.0,0.0,178.5056661,181.0096653,176.0016669,2.8055122895619897,0.8443151858834468,0.0,0.0,164.330002,181.25,172.79000100000002,9.664373216862417,0.939716068524358,0.6030793762079969,3.8538526584656267,3.7730992763483586,0.08075338211726812,178.26583225000002,173.02961553846157,177.9615793210342,174.10772666256858,27.39479857200451,28.22872184833277,15.055789519229961,1.1531332216016816,0.8370722343818688,0.3160609872198128,0.3244524477295892,24.185683016764788,85.53286620530807,1.6239975500000128,81.33273435229277,75.9465186244085,5.386215727884277,177.41500100000002,171.925003,174.670002,163.550003,162.40000175,157.110001,96.0,12.0,84.0,174.44121251312654,,0.0,0.0,99.99415533843018,65.67215408564573,0.2802572564715781,0.3110470957040223,0.44628495534087964,32.407543691500955,63.297176402972646,86.93976618175832,88.45994320726328,-13.060233818241684,7.913116741176481,176.77086806754372,3.0710253741791917,-2.9863462068965263,-1.9455032806277852,-1.040842926268741,-0.3648642841774685,-0.36553153744716127,29.438372255157574
566,2020-09-01,179.550003,182.559998,178.809998,182.080002,179.801529,234200,18006728.50142725,33648000,0.3433737820788391,228996.58793180765,59.30126138703712,1369.0165990606524,230.17980350172553,1083.9126683837046,753.2721439965859,177.97627371818757,2.8728351567280535,175.92749940000002,185.25347621832782,166.6015225816722,10.602068295330755,0.8298583472730081,0.0,0.0,179.00233306666667,181.64433276666665,176.36033336666668,2.9519164971062284,1.082450659122588,1.0,0.0,164.580002,182.559998,173.57,10.220116844336843,0.9733038872756146,0.6030793762079969,3.8969172336534825,3.7978628678093838,0.09905436584409877,178.714166,173.51115415384615,178.59518281010588,174.6982655764524,28.121042566253838,30.179778688601388,13.698227783106415,1.0821784617616066,0.8384698633065275,0.24370859845507908,0.32618400757644755,24.121058910757167,103.31316915195734,-1.0674984000000052,80.96672614231875,77.6463539657114,3.32037217660735,178.07,172.580002,175.325001,164.205002,163.47000150000002,157.110001,100.0,8.0,92.0,175.25826701155137,,0.0,0.0,99.99707766921509,68.53641666887117,0.732703591621427,0.5169537710265685,0.43422847796443964,33.139012885521275,64.47339260052829,94.73688365652792,92.66897137526728,-5.2631163434720705,7.594969626470572,177.33735761298468,3.044711426905124,-5.669679170338638,-2.690338458569956,-2.979340711768682,1.0264695339614827,1.0212371111298246,30.76701771161241
567,2020-09-02,182.429993,185.179993,181.979996,184.169998,181.865372,319100,18124397.434773125,33967100,0.3863979991034133,291556.75017012015,65.1358399708117,2903.158920404406,505.72274641840966,6066.764694860569,753.2721439965859,178.51828447324363,2.905551341055248,176.82849960000001,185.6712634461728,167.98573575382724,10.001514310392047,0.9151133360401479,0.0,0.0,179.75533246666666,182.49833166666667,177.01233326666667,3.0519252612532695,1.3047150603130544,1.0,0.0,164.580002,185.179993,174.8799975,11.64970072505212,0.9509710950844589,0.5110889877257007,4.052971299870137,3.8488845542215344,0.20408674564860263,179.48999908333334,174.2338461923077,179.4528466854742,175.39987538560408,29.39264496053357,34.1355882920931,12.65001359685245,1.209278785046547,0.7538664976356175,0.45541228741092943,0.3295977700055227,24.178852214770586,142.92847860420366,-0.26850160000000756,81.82305643493552,79.08769369007024,2.7353627448652844,180.5099945,173.8899995,177.199997,165.5149995,163.90250025,157.110001,100.0,4.0,96.0,176.28050934993416,,0.0,0.0,99.99853883460754,71.43604066452302,1.0,0.6709869493643351,0.4996626053649753,34.64662606912915,64.99583394850573,91.39696955474666,91.02453979767763,-8.603030445253351,7.9579390882352925,178.57119245664163,5.324257661419081,-5.832762072606497,-3.318823181377264,-2.5139388912292326,1.1478448907310534,1.1413071325834245,32.26802024317652
568,2020-09-03,184.479996,184.479996,178.970001,180.149994,177.895676,328800,17936425.765252553,33638300,0.32967641330375214,61080.455117245874,57.776581430757396,-3108.582325127739,252.49087224162025,-3514.1685269730115,753.2721439965859,178.93784285445489,3.1659957069497233,177.50999910000002,185.0790251184505,169.94097308154954,8.527999613347383,0.6743946244579322,0.0,0.0,180.3363322,183.3573313,177.31533310000003,3.3504053932399804,0.46915950752848223,0.0,0.0,165.710007,185.179993,175.445,10.968388315427582,0.741653691995464,0.774431302397728,3.8083640947706954,3.8407804623313666,-0.03241636756067123,179.7891654166667,174.75499957692307,179.56010011847818,175.75173602370748,29.09195325830552,29.893764914901343,17.86635298806897,1.130563494187247,0.8126386480716845,0.3179248461155626,0.3286679777649409,24.38428411346935,85.02884273742163,-1.7200061000000062,80.34236566662554,79.88871291289584,0.45365275372969904,181.404999,173.8899995,177.64749925,165.5149995,163.90250025,159.1050035,96.0,4.0,92.0,177.7044267339447,,0.0,0.0,49.99926941730377,59.98506812861373,0.0,0.577567863873809,0.5885028614215709,32.31372730611614,57.9490781229956,56.637906012168386,80.92391974114766,-43.362093987831614,7.9428807970588196,178.63274402322656,2.033300883929544,-5.675645206663765,-3.7901875864345644,-1.8854576202292002,-2.182768118398959,-2.20694293594601,29.380916066470974
569,2020-09-04,182.720001,183.199997,176.899994,177.619995,175.397339,440500,17596611.571433913,33197800,0.23283598756684767,-106854.54697093234,56.05764452566701,-2395.578643588883,53.92506339894145,-13363.25629224049,753.2721439965859,179.17037641861518,3.4793964362547514,178.0139992,184.0469343030469,171.9810640969531,6.778045693214104,0.46734556287527257,0.0,0.0,180.4513316,183.72833039999998,177.1743328,3.6320029017729754,0.06799852963021967,0.0,0.0,167.220001,185.179993,176.199997,10.089089667505206,0.5790645118327443,1.1835236616030467,3.3714968304361435,3.746923735952322,-0.3754269055161785,179.94166558333333,175.2557683846154,179.26162240794307,175.89012557750692,27.961139335591657,25.926720918119056,19.855714376288777,1.0570197987172782,0.8568834197149555,0.20013637900232273,0.32132990863781913,24.73442103852764,35.65421819943745,-1.734000199999997,76.21035813325501,79.90730558931216,-3.6969474560571456,181.03999349999998,173.979996,177.50999474999998,165.5149995,163.2925035,159.1050035,92.0,8.0,84.0,,185.179993,0.0,1.0,24.999634708651886,54.10672671573311,0.0,0.3333333333333334,0.5272960488571592,28.3625529327113,49.62220355793155,34.827552883446074,60.954142816787034,-65.17244711655393,7.765762555882333,178.6211786646388,1.041016026435577,-2.9207687575191636,-3.6163038206514844,0.6955350631323207,-1.4043847262076525,-1.414339520814778,27.563910242605914
570,2020-09-08,176.860001,178.940002,173.979996,176.009995,173.807495,368700,17529709.84800858,32829100,0.16532835842931526,-176390.61168936978,48.84744278332415,-4829.5102196851,-306.74772157032874,-9528.320217818837,746.4442632062813,179.18456531998925,3.627457392629276,178.25399860000002,183.51805138324266,172.98994581675737,5.906238092369668,0.2868558986392124,0.0,0.0,180.06266483333334,183.60966323333332,176.51566643333337,3.9397377610545674,-0.07128159873618278,0.0,1.0,171.440002,185.179993,178.3099975,7.708096933540542,0.33260523969775596,1.672997693623435,2.8623672435023764,3.570012437462333,-0.7076451939599568,179.91916525,175.68615253846156,178.76137203749028,175.8990047939879,26.039271324145723,23.304592027159533,23.801555846022342,0.9774728950775872,0.9575199382175292,0.019952956860057935,0.3075845432248491,25.091504655303353,-52.6114204806049,0.5960073999999906,71.25326115674831,79.10791990908871,-7.854658752340399,179.5799945,174.7549975,177.167496,165.5149995,163.2925035,159.1050035,88.0,4.0,84.0,,185.01439302,0.0,0.0,12.499817354325943,50.701671661539116,0.0,7.401486830834377e-17,0.30363373240238084,23.994954826708547,50.59146210323507,20.94823177017981,37.47123022193143,-79.0517682298202,6.914850320588215,178.49088597763043,-0.15316768863834637,-2.3734989219960356,-3.367742840920395,0.9942439189243593,-0.9064294816582885,-0.9105625481973689,26.407633352210812
571,2020-09-09,177.220001,181.460007,176.199997,179.690002,177.441437,282800,17622184.196916662,33111900,0.1733812237923245,-2519.670076603128,48.713458985633444,4408.146916559394,-16.83436362259551,2570.760873285575,762.0508775562729,179.35538226510366,3.809712853366347,178.53749850000003,183.45845796233667,173.6165390376634,5.51252202330665,0.6171015031540941,0.0,0.0,179.9776652333333,183.85266513333335,176.10266533333333,4.306089752832647,0.46288216248297875,0.0,0.0,173.440002,185.179993,179.3099975,6.575644387669071,0.5323683808616206,1.7858571577233389,2.724418783728055,3.4008937067154776,-0.6764749229874227,179.98916491666668,176.20153749999997,178.9042381855687,176.17981940184063,24.862764787197545,25.755870037882406,21.257542219728542,1.008221456774188,0.9137760473763049,0.09444540939788315,0.29376573464814576,25.47846640134999,22.4621215655822,2.052497499999987,67.12249546418634,77.74058280217213,-10.618087337985784,179.5799945,174.7549975,177.167496,168.33999649999998,164.705002,159.1050035,84.0,4.0,80.0,,184.5730171392,0.0,0.0,6.2499086771629715,57.31415000680137,0.3189138933676084,0.1063046311225362,0.14654598815195655,22.38330960401412,50.47767184224655,52.672454659663025,36.14941310442964,-47.327545340336975,6.298998047058802,178.49592341613848,0.46966506671516967,-3.8631281078350295,-3.466819894303322,-0.3963082135317073,2.0907943324468548,2.0692371870240756,29.050556986119048
572,2020-09-10,179.860001,180.529999,177.330002,177.399994,175.180099,353700,17283956.817922242,32758200,0.09151389061204551,-117870.55000851698,48.81330152829473,90.47070964222195,70.17608393392233,1405.1375637410756,762.0508775562729,179.58088957129928,3.748741268029712,178.55849840000002,183.45622221180926,173.66077458819078,5.485847893767057,0.38173032570694615,0.0,0.0,179.85399836666664,183.82799886666666,175.87999786666666,4.4191405652247395,0.19124256946285428,0.0,0.0,173.440002,185.179993,179.3099975,6.574871039574111,0.3373079246823953,2.035509739289658,2.4026132977655266,3.2012376249254872,-0.7986243271599607,179.72333141666664,176.67653715384614,178.67281600317352,176.270202705408,23.77029443145995,24.125355750645266,19.91180137502657,1.0663490729389233,0.9080256364745374,0.15832343646438596,0.27732079339365745,25.794268835028394,-2.9562807463029706,1.1414985999999772,61.672081605436404,75.7137462241972,-14.041664618760791,179.5799945,174.8799975,177.229996,169.304993,165.18750025,159.1050035,80.0,4.0,76.0,,184.149296293632,0.0,0.0,3.1249543385814857,52.58715859312457,0.09093534176584356,0.13661641171115071,0.08097368094456232,19.443035069046307,45.306504587620566,30.535704607777962,34.71879701254027,-69.46429539222204,5.1357639382352716,178.47588213381366,-1.766433396454597,-3.3808995538030717,-3.4496358262032722,0.06873627240020053,-1.2744214895161532,-1.282611901503472,27.40590895554764
573,2020-09-11,178.389999,181.550003,177.970001,181.119995,178.853546,356400,17554739.63044581,33114600,0.12422004040491393,88369.2937641281,45.872546295406295,833.7281228964608,13.788535679324013,2965.9247498751756,762.0508775562729,179.82751057570542,3.788868041226742,178.8714981,183.58024524236848,174.16275095763152,5.2649496341066095,0.7387574477899239,0.0,0.0,179.91966506666668,183.99466506666667,175.84466506666666,4.529799450760504,0.6472797464212664,0.0,0.0,173.440002,185.179993,179.3099975,6.563365949692352,0.6541736701501725,2.083074658199113,2.419858500526857,3.0449618000457614,-0.6251032995189045,179.84166458333334,177.25230642307693,179.04930507960836,176.6294465790815,23.05962422774298,24.162154769920125,18.294287433251245,1.0226602964595193,0.9418719977092418,0.08078829875027749,0.2635066471349507,26.048089556131274,51.69742628177744,1.1285019000000034,58.59946444281285,73.25806037762351,-14.658595934810656,179.5799945,174.8799975,177.229996,169.304993,164.85499975,159.1050035,76.0,4.0,72.0,,183.74252428188672,0.0,0.0,1.5624771692907429,58.565440904150904,0.3792625298353717,0.26303725498960795,0.16865276594109826,19.003710899006492,46.32005629393062,63.750008147323534,48.98605580492151,-36.249991852676466,4.387764417647048,178.51573719477233,0.7902047989460972,-2.902467508174978,-3.3402021625976133,0.4377346544226355,2.0969566661879435,2.0752731355203835,30.077555656508338
574,2020-09-14,181.820007,184.649994,181.419998,184.100006,181.796249,360700,17792603.149162244,33475300,0.11109535822598056,229300.8186121108,46.20502483898565,2932.6913002561614,113.79854796738674,13408.237731071116,762.0508775562729,180.06983079398825,3.762981137104068,179.24149855000002,184.35511506723847,174.12788203276156,5.705839951803342,0.9750559055046004,0.0,0.0,180.2779984,184.3489991,176.20699770000002,4.516358885866113,0.9694186861721763,0.0,0.0,173.580002,185.179993,179.3799975,6.471710565823089,0.9068976001791734,2.0830994206480002,2.6435146394364324,2.964672367923896,-0.3211577284874636,180.18333174999998,177.92846034615383,179.82633599043783,177.1828213510014,23.220802470248312,28.57093047048665,17.027242464457064,1.0248075778772148,0.9080769580029603,0.11673061987425448,0.2548703839999484,26.251590689225118,155.15960120408303,-0.5014935500000206,55.26108549795179,70.36121050491894,-15.100125006967154,179.5799945,175.445,177.51249725,170.1699985,165.2875025,159.1050035,72.0,4.0,68.0,173.979996,,1.0,0.0,2.8266959975766377,62.630418573018545,0.5753127529351267,0.34850354151211405,0.24938573607095757,20.07376726159101,47.99012069512799,90.35725634569377,61.54765636693176,-9.642743654306237,4.57402934117647,178.62601124015626,2.2777811111111155,-2.396465290481974,-3.151454788174486,0.7549894976925118,1.6453241399438046,1.6319353421203608,32.21775308037371
575,2020-09-15,184.199997,186.630005,184.199997,186.210007,183.879852,304300,17991713.872912943,33779600,0.16103892830730052,288268.3165675228,54.659038533636775,1900.5689089845753,246.61077147627955,9422.317433908198,770.7848702846305,180.45073256174697,3.6396829233936616,179.80899885,185.3527670062981,174.26523069370188,6.166285549393251,1.0773156424956187,1.0,0.0,180.8496654,184.9916668,176.707664,4.580601673593142,1.1470714374939612,1.0,0.0,173.580002,186.630005,180.1050035,7.257702942268511,0.9678162526092889,2.078931126472329,2.9569374532324275,2.9631253849856023,-0.00618793175317478,180.80583191666665,178.6465378076923,180.80843922267817,177.85150176944575,23.818782053108897,31.092451420340915,16.163201433679355,1.070979940210088,0.8686963132751168,0.20228362693497115,0.2519009364524181,26.247745288541463,215.52379271693448,1.0810001499999942,53.943942786064746,67.35867902089072,-13.414736234825973,180.3050005,176.925003,178.61500175,170.8950045,164.91000375,159.1050035,100.0,4.0,96.0,174.19339596,,0.0,0.0,9.999620510226285,65.23137142725898,0.7007543737467428,0.5517765521724137,0.38777244955804524,21.83695990138176,53.017399199341746,96.67986006966461,83.59570818756065,-3.3201399303353902,5.836206329411766,178.9247678427613,4.179255785519304,-3.266149976256166,-3.1743938257908217,-0.09175615046534435,1.1461167470032452,1.1395985855621404,33.733122890939285
576,2020-09-16,187.220001,188.139999,185.679993,186.460007,184.126724,357900,17860778.368609294,34137500,0.11768426463329515,259869.271343591,61.480661822702245,1027.5766051885894,354.56995189108784,3968.1391235252686,770.7848702846305,180.97986175778578,3.521715231054295,180.3039993,186.34463206208676,174.2633665379132,6.700497809852822,1.0095499049898684,1.0,0.0,181.41066543333335,185.42366743333332,177.39766343333332,4.4242183781358095,1.1291227323916944,1.0,0.0,173.580002,188.139999,180.8600005,8.075249055221585,0.8846159102917397,2.077096683238783,3.1887423648591096,3.008248780960304,0.18049358389880554,181.26999924999998,179.23307626923076,181.67791118841998,178.48916882356087,24.68952422681182,32.62070278203964,15.34768374078742,1.1124997365057667,0.831249997514206,0.2812497389915607,0.2525847376042581,26.082892949332003,210.81331304296094,-0.0740032999999869,52.97373750967906,64.15319914030667,-11.179461630627607,181.0599975,179.7900005,180.424999,171.65000149999997,165.34250275,159.1050035,100.0,8.0,92.0,174.6908603216,,0.0,0.0,21.48538745761293,65.5374295740601,0.7155152833629012,0.6638608033482569,0.5213802990109282,23.30153228119426,56.65103232454305,88.13565223114713,91.72425621550185,-11.864347768852873,6.86235240882354,179.13958577787258,3.0792238547140474,-2.6802053028373534,-3.0755561212001283,0.39535081836277497,0.13425701659524059,0.13416697244750253,33.91266899193231
577,2020-09-17,185.309998,188.169998,183.130005,186.520004,184.185974,383700,17993246.790390834,34521200,0.16099672534330062,226033.78242307858,60.68660908150282,-1655.0334792907036,210.08984963449262,603.968524819386,770.7848702846305,181.48240289209747,3.673543007948864,180.84049985,187.08472959566038,174.5962701043396,6.905786868361602,0.9547802035909353,0.0,0.0,181.6269994333333,185.82400103333333,177.42999783333335,4.621561346159345,1.0829166906520442,1.0,0.0,173.580002,188.169998,180.875,8.067880818788826,0.8869092219079433,2.0589734397373185,3.3388030407505767,3.074359632918359,0.26444340783221776,181.79416658333332,179.7138455,182.42284854404767,179.0840455032971,24.47722097615225,29.353037919379965,18.878467465304475,1.0559075779315596,0.8501900207966339,0.2057175571349258,0.25520764381722755,26.005264828825215,151.7541926269013,1.2395021500000212,52.498999698522006,61.05949181051739,-8.560492111995387,181.074997,180.805,180.9399985,171.665001,167.420006,160.9050065,100.0,4.0,96.0,175.49780864230402,,0.0,0.0,37.16022784697239,65.6156556132998,0.7192880549976897,0.7118525707024447,0.6424966420743717,24.483057932449704,60.51089163014314,88.37213694543529,91.06254974874902,-11.627863054564708,7.5732643294117565,179.25560468355772,3.489989535371238,-1.6022783393497804,-2.780900564830059,1.1786222254802787,0.0321768731886829,0.03217169754305971,33.955757901617424
578,2020-09-18,186.160004,187.5,184.880005,186.039993,183.71196,572500,17927689.07844864,33948700,0.09863155380577447,154485.19957692528,63.06549839112194,247.1266235799133,285.1701845074162,-1349.87151946787,770.7848702846305,182.10797377741073,3.568188207153976,181.32849955,187.59628564164333,175.06071345835667,6.91318364978257,0.8758498919005638,0.0,0.0,182.12099966666668,186.02900126666665,178.21299806666667,4.291654018100876,1.0014063112631986,1.0,0.0,173.979996,188.169998,181.074997,7.825577355581219,0.8498939605505352,2.0601219150550563,3.380031433078642,3.135493992950416,0.2445374401282261,182.12416583333334,180.06230692307693,182.97933230650187,179.59930087342323,24.280082243396937,27.79436101034058,17.876001165324205,1.1078359397560704,0.8542657508533182,0.2535701889027522,0.25793710903022476,25.944379416415366,134.6603598898326,2.841498449999989,53.52227833661296,58.53859405533495,-5.016315718721984,181.074997,180.805,180.9399985,171.665001,168.29499825,161.7350005,96.0,8.0,88.0,176.5115837909197,,0.0,0.0,67.19587816366432,64.35700316306352,0.658584377444004,0.6977959052681983,0.6911697597729667,25.09156550352359,57.54598250337106,84.98939605505352,87.16572841054533,-15.010603944946476,8.20514662058821,179.66103871128553,2.174863223035335,3.321160412329622,-1.560488369398123,4.881648781727745,-0.2573509488022485,-0.2576826655962705,33.61102148768238
579,2020-09-21,183.570007,184.160004,176.5,178.25,176.019455,499000,17656691.570353344,33449700,0.009479794896739899,-422899.3299340647,54.4899243292038,-8995.516486974351,-376.5526034353144,-22367.801249519584,738.5100424521913,182.01939881089177,4.165368686438579,181.29849925000002,187.61897298691161,174.97802551308843,6.972450144991031,0.25883933887765637,0.0,0.0,182.16066693333332,186.20466863333334,178.11666523333332,4.440038311322194,0.01648549834520073,0.0,0.0,173.979996,188.169998,181.074997,7.826872290008762,0.30091637760163825,2.374616802185574,2.7523900603091533,3.0588732064221635,-0.3064831461130102,181.6308326666667,180.19269150000002,182.2517427208862,179.49935266057705,23.480777443347996,23.004269870498238,29.933760078013837,0.9346081179557771,0.8954049874418387,0.03920313051393842,0.25141801825874827,26.03339535354135,-46.66063856683558,-1.148505250000028,51.24939428011286,56.31594218015323,-5.066547900040369,182.1849975,180.805,181.49499875,171.665001,168.682499,161.7350005,92.0,4.0,88.0,,188.169998,0.0,1.0,71.91385906567132,48.1984635235559,0.0,0.459290810813898,0.6229797622615137,20.11834783411328,51.29814721429297,30.091637760163827,67.81772358688421,-69.90836223983617,7.2563537617647,179.6520737192939,-3.214420407389043,5.378641337480825,-0.17266242802233345,5.5513037655031585,-4.187267949424189,-4.277460743517381,28.01637000803039
580,2020-09-22,179.059998,180.789993,177.529999,180.339996,178.083298,395300,17942860.195203576,33845000,0.024450597282419467,-244460.08011491186,48.50108973313968,-964.8905995355334,-543.2602604778991,-16259.541856967498,747.1691338108725,181.87452449995618,4.0748312177947215,181.28599924999997,187.61301383699038,174.95898466300957,6.980146964648074,0.42524094602649315,0.0,0.0,182.48500009999998,186.3590006,178.61099959999999,4.24582896991763,0.22315386897859518,0.0,0.0,173.979996,188.169998,181.074997,7.827411967115819,0.44820289665921237,2.5343549604143036,2.3960053031785264,2.926299625773436,-0.5302943225949095,181.64666616666668,180.33269146153845,181.95762784074986,179.56162253757134,22.738565843302553,21.632304058486575,28.148522133789307,0.9533605005137009,0.9794334082407579,-0.02607290772705695,0.24086141789202514,26.06388640978702,-47.7049481898122,-3.666004249999986,50.393764528317675,54.457194298390036,-4.063429770072361,182.33499899999998,180.875,181.6049995,171.9950025,168.84749975,161.7350005,88.0,8.0,80.0,,187.93659803999998,0.0,0.0,55.6290961737505,51.702164500235824,0.15077737904538285,0.26978725216312904,0.4756246560817418,17.26422465697309,50.33457190723975,44.82028966592124,53.300441160379535,-55.17971033407876,5.5941764235294045,179.67125101737219,0.10546877953269379,4.815431022313595,0.8249562620448522,3.9904747602687425,1.1725082748948124,1.1656876597029076,29.5173725395945
581,2020-09-23,180.119995,181.589996,176.399994,176.509995,174.301224,275300,17679230.04631346,33569700,0.015370943889822946,-360165.6794270677,42.86889903353075,-311.0626661830813,-772.8475166627196,-1211.8048474916259,731.3010036504128,181.5662157605374,4.186348296015252,181.12649915000003,187.75886789338216,174.4941304066179,7.323465947287515,0.1519716915162145,0.0,0.0,182.38999940000002,186.25699909999997,178.5229997,4.240363740030781,-0.26027991416705065,0.0,1.0,173.979996,188.169998,181.074997,7.834304790625104,0.1782944780416525,2.9120816029753143,1.7839544273277,2.697830586084289,-0.9138761587565889,181.55416616666665,180.39615276923075,181.1195304806345,179.3355760533068,22.31511300485982,19.625558677842584,27.557064279248433,0.8873550100083935,1.008628882555904,-0.12127387254751054,0.22336746756360157,26.167086182054955,-81.7666847839719,-5.116504150000026,46.25278675178892,52.743939314651435,-6.491152562862517,182.28499599999998,180.875,181.579998,173.08000149999998,169.45249925000002,161.7350005,84.0,4.0,80.0,,187.7078660792,0.0,0.0,35.915282785587664,45.61357591647812,0.0,0.050259126348461025,0.259779063108496,12.698580937719782,41.74535725258982,17.829447804165248,30.913791743416777,-82.17055219583474,3.646323547058813,179.60989557506934,-0.6249296426339755,1.869871221972435,1.033939254030369,0.835931967942066,-2.123766820977424,-2.1466432226254106,26.76672555419688
582,2020-09-24,176.960007,179.820007,175.589996,177.759995,175.535583,251500,17685769.445501786,33821200,-0.002166457853069622,-263802.7252232009,43.54488441964247,-2169.6567375461086,-705.7814032640317,-4065.669444557828,736.479895953724,181.40358147000362,4.190714566413726,181.0144989,187.7932162488497,174.23578155115032,7.489695455383968,0.25994692413659365,0.0,0.0,182.32033283333334,186.29033393333333,178.35033173333335,4.354973510967792,-0.07434969392493951,0.0,1.0,173.979996,188.169998,181.074997,7.839152159761049,0.26638466999511384,3.1169604449217903,1.3838125225747433,2.4350269733823797,-1.0512144508076364,181.6999995,180.44230649999997,180.6026788682292,179.21886634565445,22.111984466789977,18.14789875058883,26.92398689168394,0.9202690764471277,1.0259365435031325,-0.10566746705600472,0.20297475983160743,26.283656173083877,-88.50094387585432,-1.324496900000014,42.87591259584899,50.99687799832211,-8.120965402473125,181.879997,180.875,181.3774985,173.5999985,169.71249775,161.7350005,80.0,52.0,28.0,,187.255551196032,0.0,0.0,20.27266012040504,47.77520156794659,0.10807004492697582,0.08628247465745296,0.13544295105634768,9.801670918439335,41.16767981093735,26.638466999511387,29.762734823199295,-73.3615330004886,1.7012940470588376,179.5999447443648,0.9942617179211897,-1.0718597641323278,0.6127794503978296,-1.6846392145301574,0.7081751942715764,0.7056794098326158,27.664456059162035
583,2020-09-25,176.830002,179.860001,175.919998,179.029999,176.789703,342100,17883735.70540057,34163300,0.07104322664765432,-164049.71184845793,50.97788546091653,213.06421367844965,-519.4497706020794,4225.189667489534,736.479895953724,181.38027796567332,4.165643409772356,181.0289986,187.78940919409763,174.26858800590236,7.468870342740365,0.3521539799856777,0.0,0.0,182.12599946666666,186.13200066666667,178.11999826666667,4.399153565917087,0.1135796880606693,0.0,0.0,173.979996,188.169998,181.074997,7.83852427497215,0.3558845869084449,3.1565467144892625,1.1558519473685749,2.179191968179619,-1.0233400208110441,181.64499924999998,180.56692211538464,180.36072811927085,179.20487617190227,21.90887464585476,16.944802063088673,25.033337655263832,0.9570717939373703,1.0049917455100967,-0.04791995157272644,0.18254882025527724,26.36340067862629,-70.98405111095138,-3.629004600000002,40.12281591718537,49.31484804490362,-9.19203212771825,181.879997,180.875,181.3774985,175.385002,170.88750075000002,161.7350005,76.0,48.0,28.0,,186.55561788427008,0.0,0.0,10.13633006020252,49.95170341666232,0.21688382237940623,0.10831795576879409,0.08161985225823602,8.15965610828569,46.057841648289596,35.58845869084448,26.68545783150704,-64.41154130915551,-0.2897358764705871,179.5915399676415,-0.367300903029646,-1.4327406805671228,0.20367542420483908,-1.6364161047719619,0.7144487149653767,0.7119086214019354,28.576553124944226
584,2020-09-28,180.869995,183.470001,180.830002,181.320007,179.051056,214300,17748987.304851934,34377600,0.01210704040589399,-70507.07952724966,56.784715160897655,5247.970611291625,200.37028875340093,5185.282587612397,745.9003554465111,181.77932328860828,4.1930792687951195,181.050499,187.8117396651443,174.2892583348557,7.4689003371863665,0.5199303658416846,0.0,0.0,181.9743332,185.9213347,178.0273317,4.337976054746163,0.4171109765223061,0.0,0.0,173.979996,188.169998,181.074997,7.837593421932514,0.5172663823444146,3.0193944972240665,1.1467569559977164,1.9727049657432385,-0.8259480097455221,181.97166700000002,180.76076857692308,180.50830948553687,179.36155252953915,20.51331314754677,21.998984714458338,23.067517645805065,1.0579055409771219,0.8752938883952945,0.18261165258182732,0.16515243708687166,26.3085511277133,19.325836764841213,0.06949599999998668,37.55359429222055,47.49369821225426,-9.940103920033707,181.879997,181.074997,181.477497,175.385002,171.26499925000002,161.7350005,72.0,44.0,28.0,,185.89768057121387,0.0,0.0,5.06816503010126,53.69876984005141,0.4042176636691448,0.24305717699184237,0.14588586913936316,7.972298823154855,44.78602942881798,45.54856986509223,35.925165185149375,-54.45143013490777,-0.30558894705882267,179.62672062921357,2.209703005965159,-4.636134645753388,-0.7642865897868063,-3.8718480559665815,1.279119707753562,1.2710080700902182,30.22120115551563
585,2020-09-29,180.679993,182.669998,180.679993,181.75,179.475662,201700,17764191.69644894,34579300,-0.009980490369258075,-48044.698437642684,51.9635828006703,-468.64864404066105,-147.9722512894602,3219.4768557528064,747.6692277118839,181.93070744247254,3.972771841915607,181.12649919999998,187.8833095795799,174.36968882042007,7.460874482114341,0.5461386930351285,0.0,0.0,181.57633260000003,185.4793338,177.6733314,4.299019750110324,0.5222479306437312,0.0,0.0,173.979996,188.169998,181.074997,7.834304788462446,0.5475689150713301,3.0267535776515584,1.1608642310661423,1.8103368188078193,-0.6494725877416769,182.0241674166667,180.8723068076923,180.69933879545425,179.5384745643881,19.261368131163543,21.195594956331146,22.500393400587704,1.0226301642722508,0.9301500099572325,0.09248015431501833,0.1506760355433179,26.224075037678443,12.704070900589853,2.973506800000024,35.354204270640764,45.53597229680557,-10.181768026164804,181.879997,181.074997,181.477497,175.385002,173.300003,162.71500400000002,68.0,40.0,28.0,,185.27921949694104,0.0,0.0,2.53408251505063,54.3892925544197,0.43874020956611015,0.35328056520488715,0.23488523265517455,8.031024164064478,44.738573995982094,48.96663768415932,43.36788874669869,-51.03336231584068,-0.0371476058823248,179.7121319327444,0.3478384592490803,-7.58329745421078,-2.128088762671601,-5.455208691539179,0.2371459206925719,0.2368651735200622,30.53001542193281
586,2020-09-30,182.869995,183.809998,180.339996,182.410004,180.127411,494700,17859712.081105772,35074000,-0.02069779252730999,5462.255453448161,60.299750811835715,280.5752991718321,-134.39335203734518,2274.768872518323,747.6692277118839,182.20386600643457,3.9224948577240455,181.14299929999999,187.91064592854096,174.375352671459,7.472159183290031,0.5936074805277735,0.0,0.0,181.11899923333334,185.12300003333334,177.11499843333334,4.4214034054392,0.6612143492412197,0.0,0.0,173.979996,188.169998,181.074997,7.8335911709727295,0.5940808183113709,2.9228187480427175,1.2113376091845396,1.6905369768831635,-0.4791993676986239,181.88333391666666,180.9423071153846,180.96251805769205,179.7511804485075,18.032954131778947,21.943729782157444,21.056391264174014,0.9964533258752757,0.8937756939336042,0.10267763194167145,0.13919997952801108,26.19973546540309,23.579467414755666,5.067007700000005,31.395186482185,43.19110416165701,-11.795917679472009,181.54499800000002,181.074997,181.3099975,175.385002,174.5750045,163.4900055,64.0,36.0,28.0,,184.69786608712457,0.0,0.0,1.267041257525315,55.48664376047125,0.4936020650673621,0.44551997943420574,0.3472859072103118,8.398120980987283,51.58039223684064,54.213091540048914,49.576099696433495,-45.786908459951086,0.39841155882353974,179.80501038247087,-0.9179804154922304,-2.757714590860499,-2.254013928309381,-0.5037006625511182,0.36313837689132544,0.3624806213816889,31.00402000129201
587,2020-10-01,184.100006,185.210007,177.130005,178.119995,175.891083,351700,17594195.100119874,34722300,-0.07430381953210025,-210860.3760827586,53.31355862705896,-2079.1382115388283,-342.4552330684372,-6475.009590213627,730.0851717633569,182.20151910112494,4.338245571951639,180.84049915,187.58069071251558,174.10030758748442,7.45429435795226,0.29818792056819055,0.0,0.0,180.54033256666668,184.84833426666665,176.2323308666667,4.772342710080248,0.219088137004832,0.0,0.0,173.979996,188.169998,181.074997,7.846694776168446,0.29175464527770967,3.129804555482566,0.8948549212808814,1.531400565762707,-0.6365456444818256,181.20916624999998,180.8815378076923,180.5252068180471,179.63035189676623,17.54113296623769,18.901811284905893,23.64466137623759,0.942308029611271,0.9038463623494996,0.03846166726177147,0.12524850596722892,26.3927202315884,-24.6932382781275,5.619507849999991,25.982055753321713,40.13107943018021,-14.149023676858494,180.4000015,181.074997,180.73749924999998,175.385002,174.5750045,163.4900055,60.0,32.0,28.0,175.589996,,1.0,0.0,0.6335206287626575,47.48890346359583,0.0937566280878134,0.34203296757376195,0.38027783740428495,6.247469136405074,40.93423587152933,20.11127661187955,41.0970019453626,-79.88872338812045,0.9024417676471046,179.6803608966965,-4.34456350135898,-2.3669629621058554,-2.276603735068676,-0.09035922703717958,-2.35184962772107,-2.379947024490736,27.923002444591983
588,2020-10-02,176.520004,181.699997,176.229996,179.919998,177.668564,228700,17674052.06652628,34951000,-0.037292829042182986,-121928.79577093583,47.365531300658404,-5273.897756890908,-928.6401657217993,-5960.312665646104,737.4630941545491,181.9765771611427,4.451421114756474,180.82899935,187.57464671098776,174.08335198901224,7.460802620415274,0.43262311966846523,0.0,0.0,179.85466566666668,184.44766796666664,175.26166336666668,5.10745971807305,0.5071121598756145,0.0,0.0,173.979996,188.169998,181.074997,7.847193785845606,0.418604733107155,3.26954554781213,0.7802906054443497,1.3811785736990356,-0.6008879682546859,180.6641655,180.8784608076923,180.43209776911678,179.65180716367243,17.323159792497,17.166855180413485,22.984604333096037,0.8790558619908954,1.0178287159873152,-0.1387728539964198,0.11197688982569874,26.584718512935904,-44.09981009639642,5.6910046499999964,20.551768774919886,36.72023215182543,-16.168463376905542,180.4000015,181.074997,180.73749924999998,175.385002,174.5750045,163.4900055,56.00000000000001,28.000000000000004,28.000000000000004,175.78239622,,0.0,0.0,0.31676031438132873,50.69980638425057,0.25428508159482305,0.28054792491666625,0.356033623974878,5.439197401907658,47.20008825308946,34.4197242575954,36.24803080317462,-65.5802757424046,1.0084707411764953,179.6907193312101,-3.5074593770663096,-4.941349007631058,-2.8095527895811525,-2.1317962180499057,1.0105563948617835,1.005484415247082,29.21573652629501
589,2020-10-05,181.649994,183.729996,181.649994,182.910004,180.621155,166000,17709168.85391398,35117000,0.0166480228487003,-33604.53980365944,45.76526706762838,4667.4724879500145,-731.0041957956964,5069.818561739397,749.718647182627,181.76612783489634,4.387278803280827,181.0934998,187.7290473021734,174.45795229782658,7.328311076324352,0.6368767384609196,0.0,0.0,180.16733200000002,184.2023341,176.1323299,4.4791717290901545,0.8398600461694908,0.0,0.0,173.979996,188.169998,181.074997,7.835732378948697,0.6293168950927556,3.3102110097820105,0.9201590348551179,1.2889746659302521,-0.36881563107513426,180.36333216666665,181.03884538461537,180.81331411232958,179.89315507747446,16.436143795375298,19.49315431957454,21.504040414527488,0.8973876568820651,0.991029635863905,-0.0936419789818399,0.10278109904619433,26.596582944660874,41.07590632751995,4.94649320000002,19.420454960453128,33.27875331095159,-13.858298350498465,180.4000015,181.074997,180.73749924999998,175.385002,174.670002,163.550003,52.0,24.0,28.0,175.9709484356,,0.0,0.0,0.15838015719066437,55.56080790548899,0.49730988676099946,0.2817838654812121,0.3014549193238801,6.279378065276455,49.406473584741995,58.187653706255254,37.572884858576735,-41.812346293744746,0.9092636029411665,179.81791872943927,-1.9354492400718657,-8.637953174941467,-3.975232866653216,-4.662720308288251,1.6618530642713791,1.64819539215042,31.363112203278078
590,2020-10-06,182.960007,186.910004,181.929993,183.800003,181.5,277700,17640023.32377359,35394700,0.016538751988755967,6503.640496864013,44.75837465290391,3102.4258048392007,-582.8006815349385,4109.9019184935605,749.718647182627,181.52812393268445,4.446552022952743,181.48300020000002,187.78540260790732,175.18059779209273,6.94544657181317,0.6838190145628404,0.0,0.0,180.6333324,184.8403362,176.4263286,4.658059223182438,0.8763569930695103,0.0,0.0,175.589996,188.169998,181.879997,6.931779828488849,0.6526236641297835,3.3330762740919395,1.0902534905489745,1.2492304308539968,-0.1589769403050223,180.17666633333332,181.15076861538458,181.27280471043272,180.18255121988375,15.839078687513714,23.181227531923142,19.71629499294502,0.8831367756941979,0.9660915744308367,-0.0829547987366388,0.09747128285264749,26.697822381691278,70.62240406302128,-3.2330002000000206,17.74413034550389,30.111124821364367,-12.366994475860476,181.25,181.074997,181.1624985,175.385002,174.670002,163.550003,48.0,20.0,28.0,176.155729606888,,0.0,0.0,1.6243497516767016,56.92235062244441,0.565379944354649,0.43899163757015724,0.33377447598934523,7.377777515896732,46.103533604116954,65.26236641297834,52.62324812560967,-34.737633587021655,1.2104699970588229,179.93337307196745,-1.2040368115902937,-8.689812844332874,-4.918148862189147,-3.7716639821437266,0.48657754116063767,0.48539757871628453,32.00229560462886
591,2020-10-07,185.660004,189.350006,185.550003,189.179993,186.812668,344000,17953242.047021963,35738700,0.049182590044166676,269962.62899731164,52.83085566865943,3347.102293609903,-225.50526918489524,11420.412609781519,749.718647182627,181.64572306314153,4.556897120657469,181.95749974999998,189.0303667742698,174.88463272573017,7.774196759119638,1.010577480476925,1.0,0.0,181.61933296666666,185.68733686666667,177.55132906666665,4.479703601539628,1.4292837739577045,1.0,0.0,175.589996,189.350006,182.47000100000002,7.562210966245152,0.9876444130491175,3.3330762740919395,1.640266827738742,1.3274377102309458,0.3128291175077962,181.08749908333334,181.49499926923076,182.48929521652,180.84902838878125,15.893790674278819,25.066748249860332,17.92752858768972,0.9504283174189129,0.9038607197696277,0.0465675976492852,0.10065744417558074,26.68525469707434,148.3726269726036,-1.617503749999969,19.60706083472345,27.52569684790597,-7.918636013182521,182.635002,181.66500100000002,182.1500015,175.975006,174.670002,163.550003,100.0,16.0,84.0,176.58590058261248,,0.0,0.0,50.81217487583835,64.08560404703101,0.9855203046666956,0.682736711927448,0.4678374049929392,10.800300707131298,51.72817655899713,98.76444130491176,74.07148714138178,-1.2355586950882418,1.9626774235294135,181.5920822238738,6.131833380084149,-6.9044414483637695,-5.315407379424071,-1.5890340689396982,2.927089179644904,2.8850679539551116,35.86612051615483
592,2020-10-08,190.020004,190.960007,189.110001,190.0,187.622406,333500,17940621.72687165,36072200,0.09784904022491468,270464.0154976959,50.26819315275118,1433.96239430193,-140.73128556189408,11514.753669927744,752.9683277062978,181.6962226059955,4.28620800859172,182.58750005,190.1518927389734,175.02310736102658,8.285772779518828,0.9899600175969966,0.0,0.0,182.84933329999998,186.67933669999996,179.0193299,4.189245135191293,1.4335065733884271,1.0,0.0,175.589996,190.960007,183.2750015,8.417887859678801,0.9375402528989737,3.332366541899048,2.1179101223718817,1.4855321926591332,0.6323779297127485,181.89249941666665,181.7996145769231,183.6447882601323,181.5268781377604,16.312996077975395,27.02102456555434,17.362078040301913,0.9773557864325086,0.8680852789237958,0.10927050750871281,0.11006532811907228,26.55702302385575,167.12071126648476,-6.077505049999985,22.060841015982795,25.518810747772353,-3.4579697317895572,183.5950015,182.4700015,183.0325015,176.7800065,175.325001,164.205002,100.0,12.0,88.0,177.35174690765572,,0.0,0.0,75.40608743791918,65.03983300548616,1.0,0.8503000830071149,0.6573428108349068,13.826779549583273,51.3943669520592,93.75402528989737,85.92694433592915,-6.245974710102626,3.291853376470641,183.06479002895492,5.356551078109143,-5.7017979279910636,-5.39268548913747,-0.3091124388535933,0.43345334091433596,0.4325166377259215,36.45503675470279
593,2020-10-09,190.470001,191.360001,188.910004,190.410004,188.027298,258400,17998630.277575996,36330600,0.06712394482537146,246961.30379802457,59.47994381448522,94.81270317511526,508.5779423059249,2003.172331949287,754.5931699496288,182.477858260756,4.10258690773255,183.05200050000002,191.3081856648319,174.79581533516813,9.020589933221615,0.945605528043519,0.0,0.0,184.04500033333332,187.72600313333334,180.36399753333333,4.000111704564806,1.3645746841956559,1.0,0.0,175.589996,191.360001,183.47499850000003,8.615041057691144,0.9397592454789948,3.1145553649121145,2.500703220761153,1.6885663982795371,0.8121368224816159,183.05083349999998,182.0396148076923,184.6855906816504,182.18488746088926,16.793224443197392,26.560649994802027,16.614694277353053,1.1214443962963263,0.8204737292194172,0.3009706670769091,0.12343607781035068,26.252693762009436,145.89964156658144,-5.292005500000016,23.51122931627004,23.958547972666743,-0.4473186563967033,183.79499850000002,182.66999850000002,183.23249850000002,176.9800035,177.199997,165.5149995,100.0,8.0,92.0,178.44040771504328,,0.0,0.0,87.70304371895959,65.53294259749877,1.0,0.9951734348888985,0.8427367432744871,16.40134567814774,52.8685135411922,93.97592454789948,95.49813038090288,-6.024075452100521,5.160413297058824,184.28646200997449,7.87491325916132,-6.630118672842117,-5.6401721258784,-0.9899465469637168,0.21579157894735523,0.2155590833302412,36.74949523306896
594,2020-10-12,190.759995,190.759995,184.940002,189.179993,186.812668,497300,18225917.927183133,35833300,0.06419858628968889,124297.62178402174,57.745659868675105,-2674.182040010462,386.4856965577157,-2654.8542913699903,754.5931699496288,183.4332974688884,4.274327516959296,183.30599984999998,191.97763903225342,174.63436066774653,9.461380630584355,0.8386898962552073,0.0,0.0,184.68699966666665,188.6860018666667,180.68799746666667,4.330572489907387,1.061764298770992,1.0,0.0,175.589996,191.360001,183.47499850000003,8.603103560660674,0.8617623773740075,2.9910050944598634,2.6739937654164407,1.885651871706918,0.7883418937095228,184.00250000000003,182.3869224615385,185.37703719216574,182.7030434267493,15.93671091393119,23.925832132919076,21.73326623340158,1.0347642035007125,0.7827649554506545,0.251999248050058,0.13727441051379663,25.96283398567072,93.65103963889104,-4.276000849999974,25.179396027910006,22.828013723474434,2.351382304435571,183.79499850000002,182.66999850000002,183.23249850000002,176.9800035,177.64749925,165.5149995,96.0,4.0,92.0,179.73236704353894,,0.0,0.0,93.85152185947979,62.676784490311114,0.8566140102280946,0.9522046700760316,0.9325593959906818,17.722399016967856,61.424922738426766,86.17623773740074,91.30206252506586,-13.823762262599253,5.961531688235283,184.77181762530694,6.424391494835489,-1.2639093872030347,-4.764919578143327,3.501010190940292,-0.6459802395676562,-0.6480757210561627,35.86612051615483
595,2020-10-13,188.270004,189.169998,184.850006,186.199997,183.869965,321000,18105541.961209122,35512300,0.0168227965499864,-30113.283613695618,56.94739840592326,-1130.4604859900246,327.95728085721976,-8268.907301911959,742.7066877037117,184.01970676600664,4.279893465263365,183.30549935000002,191.97646916315148,174.63452953684856,9.46067613235681,0.6669073767048426,0.0,0.0,185.191,189.4230009,180.95899909999997,4.570417460891747,0.6192103952529883,0.0,0.0,175.589996,191.360001,183.47499850000003,8.60312705069969,0.6727962990499993,2.690359508569284,2.541569368603149,2.0168353710861644,0.5247339975169845,184.59999983333333,182.71692253846155,185.503646393371,182.96207702476786,15.114390629550083,22.164209204258025,20.286110717314767,1.0523095001076064,0.8190698526656696,0.23323964744193681,0.14730048853996702,25.712930148099318,62.30951701431519,-1.9854923500000154,24.86805897105458,22.102777333348833,2.7652816377057476,183.79499850000002,182.66999850000002,183.23249850000002,177.07,177.50999474999998,165.5149995,92.0,44.0,48.0,180.89513043918504,,0.0,0.0,96.9257609297399,56.27727079906432,0.48705100173253474,0.7812216706535432,0.9095332585394912,16.954964933084828,58.9750614057591,67.27962990499994,82.4772640634334,-32.72037009500007,6.27629699117648,184.8230701059168,4.004914282549928,-1.4332977478488975,-4.098595212084441,2.6652974642355436,-1.5752173116953205,-1.5877557051967806,33.72593386505551
596,2020-10-14,185.149994,189.320007,184.809998,188.149994,186.295837,408800,18302235.371443998,35921100,0.06475635199711019,88068.43884540352,64.07429407298707,60.67826565668417,487.26692394313346,-775.2510805119764,742.7066877037117,184.69006041295978,4.302905018737028,183.3899987,192.21387533784892,174.5661220621511,9.623072905173549,0.7697224528039401,0.0,0.0,185.71500003333333,190.05100163333333,181.37899843333332,4.669522224076407,0.7807879460499583,0.0,0.0,175.589996,191.360001,183.47499850000003,8.599163046943191,0.7964485743663354,2.400649506954313,2.5644096233095013,2.126350221530832,0.4380594017786694,185.1691654166667,183.1838455769231,185.91077679439087,183.34636717108137,14.394700865883099,20.727084844440018,18.738518114240836,1.0647554254349465,0.7882684465793293,0.27648697885561724,0.15615726404111266,25.495678182242937,73.68609714973007,-1.6399987000000067,27.141056040696434,22.231555143057136,4.9095008976392975,183.79499850000002,183.47499850000003,183.63499850000002,177.84500150000002,177.167496,165.5149995,88.0,40.0,48.0,181.94161749526654,,0.0,0.0,98.46288046486994,59.2120478313167,0.6496962393355852,0.6644537504320716,0.7992933637205488,17.188907017087452,59.57901047344041,79.20980326234384,77.55522363491484,-20.79019673765617,5.976355355882333,184.97902454622155,3.766813774720397,0.5355874482945169,-3.17175868000865,3.7073461283031666,1.0472594153693837,1.0418136418736346,35.12639129824795
597,2020-10-15,186.660004,189.770004,185.429993,189.619995,187.751358,411800,18685568.29788128,36332900,0.101138227322461,161965.29212463138,64.78481126116137,563.8388841563792,512.3222575486999,7498.55727187515,742.7066877037117,185.50429972150522,4.306615616863326,183.54499825,192.68654536315165,174.40345113684833,9.961096407214857,0.8322739944784667,0.0,0.0,186.52699953333334,190.48900203333332,182.56499703333333,4.248181239083264,0.890332346668972,0.0,0.0,175.589996,191.360001,183.47499850000003,8.591901250569762,0.889663573346995,2.1502539166114136,2.6703454055061115,2.2351492583258876,0.4351961471802239,185.82499833333335,183.5657683846154,186.48142574909997,183.81108034359386,13.864438831970292,19.96814387785833,17.365596727451518,1.0690783947435478,0.7829433763386614,0.2861350184048864,0.16511662655775106,25.389472215967125,84.12534426186926,-1.1349942500000054,31.645959328304187,23.464242982322055,8.181716345982132,186.5049975,183.47499850000003,184.989998,177.84500150000002,177.167496,168.33999649999998,84.0,36.0,48.0,182.8834558457399,,0.0,0.0,99.23144023243498,61.319824784661854,0.7665091623016438,0.6344188011232547,0.6933647407362898,18.01342150215136,65.8961712991363,88.49963367493916,78.32968894742766,-11.500366325060838,5.264795373529438,185.7673482015187,4.330121045392016,2.0918580222223473,-2.1190353395624504,4.210893361784798,0.7812920791270273,0.7782557971290238,36.182123090271354
598,2020-10-16,190.539993,193.139999,190.539993,192.729996,190.830688,1249900,19541267.09242253,37582800,0.21449453174709743,694140.286092543,71.61171356040182,881.9920745647584,200.4666477824952,23717.257166190127,742.7066877037117,187.13957091601745,4.227954455176993,183.8794984,193.81670923572074,173.94228756427924,10.808394543369875,0.9453210134269071,0.0,0.0,187.81233276666666,191.48733576666666,184.13732976666665,3.9134842167854176,1.1690692814853945,1.0,0.0,175.589996,193.139999,184.36499750000002,9.544295667928566,0.9766380096915089,2.017032525214715,2.9710034866515116,2.3823201039910127,0.5886833826604989,186.68499766666665,184.15538384615382,187.44274424923842,184.4717407625869,14.308813227378456,24.525431500190063,16.321123101652248,1.0880837534580543,0.7915904444719479,0.2964933089861064,0.17677046382312492,25.2688578938436,135.47834212297596,-5.7595034,36.69319830821117,25.383436687628503,11.30976162058267,187.53499599999998,184.36499750000002,185.94999675,178.8600005,177.229996,169.304993,100.0,32.0,68.0,183.7311103611659,,0.0,0.0,99.61572011621749,65.39426886201475,0.992314706565701,0.8028400360676434,0.7005708625409898,20.003471473905883,65.0593140318284,97.57538186125697,88.42827293284667,-2.4246181387430226,5.235941235294149,187.04189013386025,5.657580052462481,18.95792365331611,2.096356459013262,16.86156719430285,1.640122920581244,1.6268181835251028,38.41567730480906
599,2020-10-19,193.360001,193.800003,188.470001,189.740005,187.870163,329600,19368737.697048943,37253200,0.2328269112773313,454191.52613646537,69.84848665672847,-1140.0544387099517,152.50909102040302,15386.519878074518,731.1844215388024,187.5380818665985,4.3381592096592945,184.45399865,194.35141316689135,174.55658413310863,10.731580328243929,0.7670397577558603,0.0,0.0,188.60299993333334,192.60300293333333,184.60299693333334,4.241717259443273,0.6421255267391878,0.0,0.0,175.589996,193.800003,184.6949995,9.872383972848068,0.7770457748863023,1.9424681479525823,2.9341864221739797,2.492693367627606,0.44149305454637355,187.65333183333334,184.4869226923077,187.79616898012483,184.86198255795085,13.989793752648737,22.334848670565794,18.332179882115263,1.0532202427377368,0.7795621119726825,0.2736581307650543,0.1861148030847392,25.266333301918007,98.93445830338584,-4.534000649999996,40.02590520125568,27.859189449378704,12.166715751876978,189.3050005,184.6949995,187.0,179.1900025,177.229996,169.304993,96.0,28.000000000000004,68.0,184.860176997826,,0.0,0.0,99.80786005810874,58.96357584757921,0.6359259309310417,0.7982499332661289,0.7451695901523423,19.699671850747748,60.11380202752094,76.89245086811856,87.65582213477155,-23.10754913188143,5.560441920588232,187.22181725040625,6.523697690424934,14.653191225389827,4.607723412288575,10.045467813101252,-1.5513885031160357,-1.5635484639956232,36.26831240059205
600,2020-10-20,190.720001,194.300003,190.669998,190.940002,189.058334,372300,19051821.912332393,37625500,0.15128462915962768,453129.7199883987,69.31030140084027,1316.2775463315895,226.48782296038567,-2758.791962541808,731.1844215388024,188.31228132298628,4.360343088693366,184.98399895,195.07676156375302,174.89123633624698,10.91203852337632,0.7950630703373511,0.0,0.0,189.3786667,193.24366909999998,185.5136643,4.081771687750503,0.7019837426232921,0.0,0.0,175.589996,194.300003,184.9449995,10.114392112940095,0.8204169031043114,1.8676122669579103,2.967629378242293,2.587680569750544,0.3799488084917493,188.5716655,184.7499994615385,188.27983559856716,185.31220622032487,13.83334959106273,21.470323129257288,16.938271957210322,1.0772448653345654,0.7787925056743789,0.2984523596601866,0.19441816649538174,25.30568335564356,106.1747321273545,-2.0739949500000137,43.13945676283084,30.4739001080573,12.665556654773539,189.5550005,184.9449995,187.25,180.00500499999998,177.51249725,170.1699985,92.0,24.0,68.0,186.11175263813035,,0.0,0.0,99.90393002905438,60.63661272920127,0.7286455747539478,0.7856287374168969,0.795572902250223,19.962430592385214,56.63431092555653,81.40564638408823,85.29115970448792,-18.59435361591177,6.308382723529434,187.48118526666218,6.124946711037647,11.800070045523741,6.046192738935608,5.753877306588133,0.632442799819688,0.6304512727800748,37.13013153080538
601,2020-10-21,191.139999,193.589996,190.380005,190.449997,188.573166,303800,18761270.279446192,37321700,0.147040309987054,367130.6858471991,69.65618360755084,-528.3066161948504,337.26150834209835,1574.9494885242561,729.3079995281013,189.00825947693295,4.24530787982403,185.68099905000003,195.24835495262883,176.11364314737122,10.305153409964705,0.7492328078173407,0.0,0.0,189.72333323333334,193.52933443333333,185.91733203333334,4.012159321825898,0.5954628924797319,0.0,0.0,175.589996,194.300003,184.9449995,10.076425210832571,0.7942274420314215,1.4626113978684034,2.9209232682873676,2.6543291094579087,0.2665941588294589,189.19999825000002,184.913076,188.613706583403,185.69278331511563,13.581257554208296,20.300167962978346,16.50748492870793,1.1324295419935546,0.7960825254159083,0.3363470165776463,0.20073560599352677,25.353750746519797,90.21503062283439,-1.8809960500000216,44.576709899972656,32.97566331738951,11.601046582583145,189.5550005,184.9449995,187.25,180.760002,178.61500175,170.8950045,88.0,20.0,68.0,187.4218726960295,,0.0,0.0,99.95196501452719,59.568643475303716,0.5979070753177572,0.6541595270009156,0.7460127325613138,19.86336238316942,52.010544690045776,78.69394295198666,78.99734673473115,-21.306057048013354,7.045176264705901,187.5173998097277,4.122241996123957,8.155523302571961,6.468058851662879,1.687464450909082,-0.2566277337736733,-0.2569575871934404,36.77821758193702
602,2020-10-22,190.910004,192.339996,188.990005,189.070007,187.206787,287700,18487311.55540783,37034000,0.10838973764787668,257965.85601188528,68.75063985184977,-1537.0135974974096,604.1818054416341,-2864.2931242722534,724.0234746547889,189.46634423561318,4.155776191841629,186.24649964999998,195.190981144093,177.30201815590695,9.60499285720995,0.657835160811987,0.0,0.0,189.73433323333333,193.69033293333334,185.77833353333332,4.170040954195632,0.4160356062042515,0.0,0.0,175.919998,194.300003,185.1100005,9.868644529985943,0.7154518728368139,1.2257527142185802,2.7409586149803715,2.671655010562401,0.06930360441797045,189.63916525,185.01346061538464,188.68390664749487,185.9429480325145,12.838277367484912,19.12848540086037,17.949575499431127,1.1287975502725642,0.7493490236183122,0.379448526654252,0.20356164387416922,25.296823135385004,64.1994490297967,2.9334933500000204,45.87430728442976,35.46044975829615,10.413857526133611,189.5550005,184.9449995,187.25,182.8700025,180.424999,171.65000149999997,84.0,16.0,68.0,188.5223735446648,,0.0,0.0,86.91384561918909,56.54798871837194,0.09899393092573551,0.4751821936658136,0.6383234860278754,18.90476298246033,48.93265017023589,58.65618751733698,72.91859228447063,-41.34381248266302,7.39523542941177,187.53202489757916,2.8672491370960422,4.808068398660431,6.13606076106239,-1.3279923624019583,-0.72459439314142,-0.7272323289285509,35.78713028629954
603,2020-10-23,190.460007,191.809998,189.020004,191.630005,189.741531,298200,18747035.54965298,37332200,0.11743818533993712,330169.5056673306,69.51901264795738,-233.90244969919695,254.08359560954744,1952.9543249487338,724.0234746547889,189.73265280367053,4.019197972657468,186.87649994999998,195.46701782324695,178.28598207675302,9.193791488545019,0.7766716233024576,0.0,0.0,189.7936665,193.78366590000002,185.80366709999998,4.204565382586164,0.7301176411204477,0.0,0.0,176.229996,194.300003,185.2649995,9.669491351151564,0.8522414518157081,1.121681094208506,2.772941036292792,2.6919122157084794,0.08102882058431282,189.84333291666667,185.20999911538462,189.13715254788028,186.36421151158748,12.148367194098912,18.18699562132138,17.066110785647894,1.066443262048591,0.8206395027729017,0.24580375927568943,0.20626452686946886,25.257529696684514,71.3597848572634,3.1235000500000183,47.704019326623786,37.96318568037546,9.740833646248326,189.5550005,184.9449995,187.25,183.8700025,180.9399985,171.665001,80.0,12.0,68.0,,194.300003,0.0,1.0,67.15815106903207,60.544986831811755,0.4610919796734038,0.3859976619722989,0.5051131275463426,19.24289110710938,49.19586456457704,78.41555503997175,71.92189516976514,-21.584444960028254,6.805383326470604,187.5750470665739,1.29506929414043,2.2523251060055935,5.35931363005103,-3.1069885240454367,1.35399476660516,1.3449101689190002,37.62568092409937
604,2020-10-26,190.160004,190.490005,186.839996,190.080002,188.206818,299100,18978940.155175872,37033100,0.1654073952479109,216773.01952914038,64.46074064220097,-2135.579262789858,-120.0596235068139,1618.3362618680658,724.0234746547889,189.9696363678016,4.09627907539172,187.3144997,195.61553484646004,179.01346455353996,8.863206169041742,0.666575749361774,0.0,0.0,189.87800026666667,193.65100126666667,186.10499926666665,3.974131805370991,0.5267693718254178,0.0,0.0,176.229996,194.300003,185.2649995,9.646881063100105,0.766463787202739,1.1141401045168198,2.6427510582749676,2.6820799842217773,-0.0393289259468097,189.84999975000002,185.36538407692308,189.28220630974485,186.63945525146988,11.828338285058226,16.66998705856303,19.43879490717805,1.0028371811025867,0.8796097588306521,0.12322742227193462,0.2066892223573349,25.04922449963528,36.423177604705565,3.0955042999999876,47.7581399884115,40.50652801563733,7.251611972774171,189.5550005,184.9449995,187.25,183.8700025,180.9399985,171.665001,76.0,8.0,68.0,,194.19440302,0.0,0.0,33.579075534516036,57.1190255872185,0.09094475328053028,0.21701022129322325,0.35939669231044524,18.51890995124632,47.69318650641809,55.53215198516757,64.20129818082545,-44.46784801483243,5.952412394117687,187.5962738121695,0.04210631578947761,0.17996747644132652,4.323444399329089,-4.143476922887762,-0.8088519331823862,-0.8121408876185399,36.51249294338938
605,2020-10-27,189.369995,190.110001,185.949997,186.0,184.167023,527300,18464316.384285267,36505800,0.09020481708900721,-121535.27677502309,56.721498481767796,-500.9688564396008,-394.9218485103499,-13737.589642056855,724.0234746547889,189.84906817586923,4.10265156785255,187.52699969999998,195.45665353940333,179.59734586059662,8.457079622762565,0.4037158663589992,0.0,0.0,189.9393335,193.6963357,186.18233130000002,3.9560022990182686,-0.02426553010802284,0.0,1.0,176.229996,194.300003,185.2649995,9.635949505355418,0.5406751640992722,1.453367703676169,2.185163297055567,2.5826966467885355,-0.3975333497329685,189.48249941666666,185.66346099999998,188.777251492861,186.59208819580545,11.822543720563312,15.463617754930903,19.58030215460593,0.9527360081974913,0.9596436436752328,-0.006907635477741536,0.20081306703754162,24.952636059354255,-4.6452798301913125,1.6529933000000199,47.291112254872594,42.7454231505458,4.545689104326797,189.864998,184.9449995,187.40499875,183.8700025,181.49499875,171.665001,72.0,4.0,68.0,,193.9002267392,0.0,0.0,16.789537767258018,49.22337117362229,0.0,0.1840122443179781,0.26234004252783344,15.354106206019985,38.25223950131,12.539529747349903,48.82907892416308,-87.4604702526501,4.79082394705884,187.58838229584111,-2.3160568811289908,3.2727646887000215,4.113308457203276,-0.8405437685032546,-2.146465676068332,-2.1698372982964287,33.58229913881432
606,2020-10-28,176.539993,180.0,172.289993,172.570007,170.869385,1125000,17421032.4579542,35380800,-0.0522747948177471,-2262564.8265214474,45.625505156684945,-8145.195775112656,-1079.1474320399632,-92548.10988087606,724.0234746547889,187.33556782951183,5.063387111067294,187.03499985,197.1055883000347,176.9644113999653,10.768667316931277,-0.2181801203459038,0.0,1.0,188.6920002,192.76900220000002,184.6149982,4.321329993511837,-1.4771873057702665,0.0,1.0,172.289993,194.300003,183.29499800000002,11.767856293020975,0.01272212052606947,3.1508294878130894,0.7304137485554065,2.21224006714191,-1.4818263185865033,188.09833391666666,185.3646152692308,186.28382926319009,185.55341551463468,14.477670984592432,12.303505589256696,35.94016804054138,0.7918348942052438,1.0523403492899808,-0.260505455084737,0.17632454385358243,24.996111069629478,-232.57673932029905,-0.8350028499999951,37.78996013066862,43.42808990636407,-5.638129775695454,183.29499800000002,183.29499800000002,183.29499800000002,183.29499800000002,181.6049995,171.9950025,68.0,100.0,-32.0,,193.423212954848,0.0,0.0,8.394768883629009,33.035535527086196,0.0,0.030314917760176835,0.1437791277904594,5.220862182147115,29.316744336657784,1.272212052606947,23.11463126170814,-98.72778794739305,1.7047350294117507,185.69222152952537,-8.779990810127575,15.758251360477077,6.442297037858037,9.31595432261904,-7.220426344086017,-7.494368189046519,23.937087620759566
607,2020-10-29,172.729996,173.729996,167.729996,168.729996,167.067184,1167100,16642965.791287536,34213700,-0.10331363594060508,-2579580.828175527,37.26373217777507,-2783.823408448293,-1284.764297155921,-107199.99198033573,724.0234746547889,184.58444723789847,5.157048399960564,186.5654999,198.88029595240673,174.25070384759326,13.201579133341937,-0.2241493819345194,0.0,1.0,186.87100006666668,191.11400096666668,182.62799916666668,4.541101506907222,-1.6377563302740152,0.0,1.0,167.729996,194.300003,181.0149995,14.24165079515862,0.03763642215073559,4.583018093523215,-0.7239967609368136,1.6249927015261652,-2.3489894624629786,186.64250049999998,185.06538453846153,183.5832395303916,184.30723629132842,17.423104632357386,11.222610509727025,39.4595244461515,0.7404146549275772,1.1444191564896335,-0.40400450156205636,0.13611407968503408,25.089411001084585,-262.69262665279894,1.5844941000000006,26.364287582446977,42.28043315905693,-15.916145576609956,181.0149995,181.0149995,181.0149995,181.0149995,181.579998,173.08000149999998,64.0,100.0,-36.0,,191.73255535846016,0.0,0.0,4.1973844418145045,29.99781116098943,0.0,7.401486830834377e-17,0.071442387359385,-3.8287360555782324,27.883426568135835,3.76364221507356,5.85846133834347,-96.23635778492644,-2.016677458823551,182.588584050016,-9.382385220983648,23.57043565681663,9.867924761649757,13.702510895166874,-2.2251902672751234,-2.2503211319004457,21.17925160947818
608,2020-10-30,169.169998,170.410004,166.509995,170.389999,168.710846,683000,17318958.92797004,34896700,-0.03675341702181208,-2049100.4171504527,36.69191025439927,-1296.1942576820616,-1186.336598418178,-19250.69062579654,731.146577650639,182.98924277655883,5.031344459964506,186.08899995,200.02610222326948,172.1518976767305,14.978964126857827,-0.0632089311746576,0.0,1.0,184.56766706666667,188.94066826666668,180.19466586666667,4.738642763925121,-1.1210455266587473,0.0,1.0,166.509995,194.300003,180.404999,14.933718815978839,0.13961867157432936,5.529135395912502,-1.722819607280428,0.9554302397648466,-2.678249847045275,185.16250091666666,184.78192315384618,181.55351021802366,183.2763298253041,20.27382926744286,10.572437639996046,38.985766450716305,0.7732847390867759,1.1881748903533103,-0.4148901512665344,0.08868116159556277,25.14148700628837,-228.49244594655423,3.5309950500000014,14.207708694357896,39.41174465829051,-25.20403596393261,180.404999,180.404999,180.404999,180.404999,181.3774985,173.5999985,60.0,96.0,-36.0,,189.33229942261414,0.0,0.0,2.0986922209072523,32.8714701954099,0.08118493264757476,0.027061644215858327,0.01912552065867841,-9.559844586774796,33.54522819753429,13.961867157432936,6.332573808371148,-86.03813284256707,-5.979001391176496,179.89457692378753,-9.4392748160279,22.339153362845856,12.362170481888977,9.976982880956879,0.9838221059401908,0.9790140854526896,22.37143987462511
609,2020-11-02,172.970001,178.839996,172.449997,178.759995,176.998367,648900,17951610.835004766,35545600,0.023899095174755032,-980473.1569289583,43.08568791229729,7075.37735321362,-600.2053241893462,38595.14578570569,767.062382370783,182.33643533014487,5.373209713968058,185.88149950000002,200.12201401633595,171.64098498366408,15.322142929383817,0.2499562079786297,0.0,0.0,183.1689997,187.6480006,178.68999879999998,4.890566534005048,0.00781381847902953,0.0,0.0,166.509995,194.300003,180.404999,14.950389401178679,0.4408059184437802,5.828811584941512,-1.8180478588911626,0.40073462003364485,-2.2187824789248074,184.2575009166667,184.77153838461538,181.12373864602003,182.9417865049112,20.51696139581214,21.19345730620702,34.34326392151593,0.8409529073977466,1.0674741840494517,-0.22652127665170507,0.047161121487887224,25.308240647614603,-112.75017364141885,6.848496499999982,7.4649993130502885,35.44791605275934,-27.98291673970905,180.04999550000002,180.404999,180.22749725,180.404999,181.3774985,175.385002,56.00000000000001,92.0,-35.99999999999999,,186.59362289190045,0.0,0.0,1.0493461104536261,45.10743462472497,0.42686823612007535,0.16935105625588345,0.06547090015724728,-9.712932451509666,45.330250328367875,44.08059184437802,20.602033738961506,-55.91940815562198,-8.295649117647088,179.83139634219287,-5.727244112626407,20.66992438040044,14.02372126159127,6.646203118809169,4.912257790435226,4.795417473652819,28.382640463134145
610,2020-11-03,180.990005,184.270004,178.830002,180.419998,178.641998,505200,17741729.101137754,36050800,0.009805896447532953,-720600.775139108,43.65359747589715,6358.520817500585,-150.35942762906754,36567.03450909867,774.1854853666331,182.0113631658728,5.386889642571252,185.71249925,200.12697404247763,171.2980244575224,15.523429872184675,0.3164171318693493,0.0,0.0,182.08933306666668,186.7493336666667,177.42933246666666,5.118367475478528,0.3208868184838127,0.0,0.0,166.509995,194.300003,180.404999,14.963994406531578,0.5005397263649578,6.065345511777293,-1.739516502074622,-0.027315604388008508,-1.7122008976866134,183.23166775,184.73692265384614,181.01547085432463,182.75498735639925,19.60124343625544,27.16290979401364,31.692995859494644,0.9293670719431687,0.9938871388064981,-0.06452006686332945,0.013021805388979167,25.533577202957677,-53.62964103558981,4.027505749999989,1.7069473602388252,30.68460910390003,-28.977661743661205,179.42499550000002,180.404999,179.91499725,180.404999,181.477497,175.385002,52.0,88.0,-36.0,166.509995,,1.0,0.0,0.5246730552268131,47.16439561540706,0.4849802937744352,0.3310111541806952,0.1758079515508123,-9.063638914547461,41.732378327725826,50.05397263649578,36.03214387943558,-49.946027363504214,-9.434001464705887,179.8616887750764,-6.387172861249894,17.304358034283148,14.679848616129647,2.624509418153501,0.9286210821386476,0.9243359048459965,29.574828728281076
611,2020-11-04,182.009995,182.009995,176.850006,176.899994,175.156693,319900,17428027.23884696,35730900,-0.050756180847619875,-778521.9900620925,38.9969786163571,-3419.5653579157492,-434.888302062791,-1549.8727384547665,759.0810843277167,181.55870341965013,5.3641995783141265,185.09849930000001,199.9105365320479,170.28646206795213,16.00449197380163,0.22324855887273137,0.0,0.0,180.8006663,185.65566669999998,175.9456659,5.370555871673792,0.09828300941025658,0.0,0.0,166.509995,194.300003,180.404999,15.013632258011503,0.3738753511693839,6.449409289938109,-1.9389635757702024,-0.4096451986644473,-1.529318377105755,182.16166683333336,184.55038396153847,180.3823205690439,182.32128414481411,19.069315239772244,25.20155263696336,32.17527494969051,0.8952177783332731,1.030359710888785,-0.13514193255551188,-0.018484503175322152,25.718593296948715,-72.94410559269005,5.841502699999978,-6.29573015413807,24.88793827739249,-31.18366843153056,179.1599965,180.404999,179.78249775,180.404999,181.477497,175.385002,48.0,84.0,-36.0,166.86519518,,0.0,0.0,0.26233652761340653,43.4465859641762,0.37994691211141174,0.43059848066864087,0.3103202303684065,-9.877002419487518,35.55861470109678,37.387535116938395,43.8406998659374,-62.612464883061605,-8.594059458823523,179.66370448967302,-6.767160673364589,11.924691619678624,14.128817216839442,-2.204125597160818,-1.9510054533976917,-1.9702887894975873,27.046816753561597
612,2020-11-05,179.509995,181.740005,176.970001,177.770004,176.018143,504600,17092685.593263436,36235500,-0.08061072294709641,-604589.2706246502,32.088582573953786,-70.89543697781286,-502.95169574440325,-3759.5984923948313,759.0810843277167,179.57815953880834,5.311780720482714,184.4869995,199.4481874806377,169.5258115193623,16.219232814437643,0.27551931341639047,0.0,0.0,179.6699997,184.6670014,174.67299799999998,5.562421893853894,0.3098864264945131,0.0,0.0,166.509995,194.300003,180.404999,15.063396377694355,0.4051819272596106,6.7328623878034035,-2.0037265699673696,-0.7284614729250318,-1.2752650970423378,181.064167,184.37192242307694,179.98042571226793,181.9841522822353,18.57538191446642,23.488326377768857,29.987968209717568,0.8423970265791006,1.0687694593919737,-0.226372432812873,-0.045939850065856117,25.667974727338663,-61.66056048168895,5.9629975,-13.95125386877358,18.03735236679278,-31.988606235566362,178.5,180.404999,179.4524995,180.404999,181.3099975,175.385002,44.0,80.0,-36.0,167.2132913564,,0.0,0.0,0.13116826380670327,44.60878245341008,0.4768780286621826,0.44726841151600993,0.40295934878844863,-10.109728385658906,35.084121083504655,40.51819272596106,42.653233493131744,-59.481807274038935,-6.66802866176468,179.56498820731196,-6.8974535781140265,10.10129523823114,13.323312821117781,-3.2220175828866413,0.491808948280692,0.4906035187307367,27.67164436686138
613,2020-11-06,177.410004,183.509995,176.619995,183.020004,181.216385,437100,17467615.762755454,36672600,-0.04963865865432806,-190394.3748211288,37.603818821512675,1119.159203843516,-341.57929270486994,15390.34179205967,781.498677864591,179.17537167200143,5.469602648434444,184.11749949999998,198.8384044820308,169.39659451796916,15.990772221008594,0.46272323266335713,0.0,0.0,178.69299926666667,184.10000156666666,173.2859969666667,6.051722588114405,0.9001297293079878,0.0,0.0,166.509995,194.300003,180.404999,15.093626665291533,0.5940987494498021,6.826527301602343,-1.6128288979569732,-0.9053349579314202,-0.707493940025553,180.4450009166667,184.56038430769235,180.44805314114979,182.06088203910676,17.734779354348603,23.696055244316142,27.157638772045217,0.8678218338024245,1.0530262354211573,-0.18520440161873275,-0.0638756325364151,25.650060796495495,-33.52230399797687,4.952507500000024,-21.317492741151547,10.362282063508,-31.679774804659544,178.309998,180.404999,179.35749850000002,180.404999,180.73749924999998,175.385002,40.0,76.0,-36.0,167.554425609272,,0.0,0.0,0.06558413190335163,51.13469285366774,0.689872991462176,0.5155659774119236,0.4644776231988581,-8.048458119356631,48.92955914577447,59.40987494498021,45.77186759595988,-40.59012505501978,-4.339235238235261,179.67909693994582,-3.9012828128319668,7.564289643604121,12.17150818561505,-4.607218542010929,2.953254138420336,2.910485590718803,31.442112487715
614,2020-11-09,191.380005,196.559998,187.600006,187.809998,185.959198,717100,16784128.57473118,37389700,-0.13206343565793618,327505.4926390331,40.50085690215279,15012.462222834209,636.7196127596029,31676.593314110847,781.498677864591,179.6188528350801,6.276641783591001,184.04899975,198.68755895416936,169.41044054583065,15.907241249942574,0.628462036377487,0.0,0.0,178.84499923333334,184.78299983333335,172.90699863333333,6.6403876266653565,1.254883619131552,1.0,0.0,166.509995,196.559998,181.5349965,16.327175393953752,0.7088186646770053,6.8427846080319945,-0.906082438143045,-0.9054844539737451,-0.0005979841692999033,180.34000016666667,184.86384584615385,181.58066004251137,182.4867424806544,18.076812770218844,35.79731766056945,22.636193506486933,0.9410195630927249,0.9545770478228824,-0.013557484730157499,-0.06946976955349413,25.842988577623935,65.11478340323197,7.581005250000004,-25.003678365693872,2.3295275501117256,-27.3332059158056,181.5349965,181.5349965,181.5349965,181.5349965,180.73749924999998,175.385002,36.0,72.0,-36.0,167.88873717708654,,0.0,0.0,3.28084680902765,56.20448529321619,0.8579082536019369,0.6748864245754319,0.5459069378344551,-4.543244439922221,48.3977058404551,70.88186646770053,56.9366447128806,-29.118133532299478,-1.4322343147058518,179.74989194664246,-0.6664245799705273,9.578485899148133,11.652903728321666,-2.074417829173534,2.617196970447022,2.583534450101954,34.88221147363504
615,2020-11-10,188.919998,197.5,187.389999,195.960007,194.028885,702900,17272891.883805033,38092600,-0.07369041245069034,1099096.3259905982,47.54839709327638,524.9857860289334,711.9547843470161,49270.24303135389,815.4117885930439,180.3774078538913,6.659977705231901,184.53700024999998,200.0542132255951,169.01978727440485,16.817454444987522,0.8680753356922302,0.0,0.0,179.47133283333332,186.00433313333335,172.93833253333332,7.280271669979635,1.7619526564744399,1.0,0.0,166.509995,197.5,182.0049975,16.79338287607176,0.950306784397098,6.835476385442272,0.308105192060367,-0.6627665247669227,0.9708717168272897,180.70083366666668,185.3657690384615,183.7928672667404,183.48476207468002,18.509842255567936,32.6685305647842,19.96355315584582,0.9462443648748333,0.9402359538246856,0.006008411050147711,-0.05776354250627095,26.071041058492053,88.40258977992342,5.54300175000003,-23.477109661643908,-4.477924649034111,-18.999185012609797,182.0049975,182.0049975,182.0049975,182.0049975,180.73749924999998,175.385002,100.0,68.0,32.0,169.0355876100031,,0.0,0.0,35.22863871101706,63.20034505789945,1.0,0.8492604150213711,0.6799042723362421,1.1479058787607965,52.216012504001064,95.0306784397098,75.1074732841302,-4.969321560290196,0.3511766176470985,180.28025066213215,2.2595636836725954,10.72379718293967,11.467082419245267,-0.7432852363055975,4.339496878116145,4.247978964816301,40.735420829667454
616,2020-11-11,196.220001,196.220001,190.600006,191.440002,189.553421,438300,16965613.4405146,37654300,-0.11798442296884001,659065.6806347987,46.61246479539649,1237.3528758795417,910.1238181596556,20392.51481606943,796.6035357361254,180.69000430765772,6.555979434708709,184.70150065,200.43665870030793,168.9663425996921,17.038473423261724,0.7141224552195748,0.0,0.0,181.25133313333333,187.57533223333334,174.92733403333335,6.978154577597387,1.305555844138771,1.0,0.0,166.509995,197.5,182.0049975,16.77842621253223,0.8044531454577045,6.8444263817449995,0.8953104272104895,-0.3511511343714403,1.2464615615819299,180.814167,185.65961515384618,184.9693495333957,184.0740391061852,18.91194106339209,30.51189984462154,18.645648393214458,0.9957052590510113,0.9419711962139654,0.05373406283704585,-0.03961985405144595,26.227571899129963,74.8237385210931,1.298499349999986,-17.829421758198873,-9.38833679799476,-8.441084960204112,182.0049975,182.0049975,182.0049975,182.0049975,181.1624985,175.385002,96.0,64.0,32.0,170.74345235340292,,0.0,0.0,67.61431935550853,57.695803016210384,0.8342131941260862,0.8973738159093411,0.8071735518353814,3.727236503274218,45.301396693645536,80.44531454577044,82.11928648439358,-19.554685454229542,2.6852653941176357,181.50333335295488,0.7154882079599227,7.805322246482429,10.7347303846927,-2.9294081382102712,-2.3065956514280006,-2.333613844469351,37.489223732791444
617,2020-11-12,190.539993,191.009995,186.729996,189.039993,187.177063,422300,16999160.15127318,37232000,-0.14872242083797915,420124.32615840004,42.21329075217563,-4601.285744729343,598.1678685146451,-15404.019929675951,786.6168264004323,180.74385057971475,6.371382091237837,184.67250055,200.3733929031427,168.9716081968573,17.004039373898763,0.6390842110042814,0.0,0.0,183.13766633333333,189.28966533333332,176.98566733333334,6.718442058557835,0.9797080320288325,0.0,0.0,166.509995,197.5,182.0049975,16.781061017587437,0.727008530653674,6.907506425807755,1.153714831647676,-0.05017794116761706,1.203892772815293,181.06749975,185.65423053846155,185.59560237441175,184.44188754276408,18.482223511621566,28.796161705906943,22.21749405108865,0.9513293614209853,0.9867541884240698,-0.03542482700308447,-0.020402993621374856,26.377234619069473,37.573068447390156,-12.102493549999991,-11.917895726234505,-12.291181733616138,0.3732860073816333,184.9749985,182.0049975,183.489998,182.0049975,182.1500015,175.975006,92.0,60.0,32.0,172.34884521219874,,0.0,0.0,83.80715967775427,54.95866583931311,0.751775595074286,0.8619962630667909,0.8695434979991677,4.798995242993925,45.991777546753056,72.7008530653674,82.72561535028255,-27.299146934632606,4.265322835294143,182.4878309607751,1.6344048387096826,5.1503917848618,9.617862664726522,-4.467470879864721,-1.2536611862342006,-1.2615858197803753,35.76557469959874
618,2020-11-13,190.779999,193.869995,189.419998,193.169998,191.266373,373800,17255360.57599257,37605800,-0.21847107160619694,580648.8322786277,46.428581387232626,3303.570391919995,986.6785581367775,2872.2928634610253,803.8022450759287,180.94852505521146,6.2172440821140516,184.69450065,200.44165692231064,168.94734437768938,17.052111694599752,0.7691119972214623,0.0,0.0,185.4426661,191.6496639,179.2356683,6.694249959340949,1.1224693603081335,1.0,0.0,166.509995,197.5,182.0049975,16.77906212201018,0.860277466880047,6.908212362507826,1.6724797658175703,0.2943536002294205,1.3781261655881498,182.78416566666667,185.77615353846153,186.76089400911764,185.08841424330006,18.501518788052596,30.574621843292682,20.91845588152162,1.009134453256421,0.9516575301264427,0.05747692312997832,0.003129797285357639,26.503044849312356,68.46768290922876,-15.96450465000001,-5.084316666608375,-13.685550175800435,8.60123350919206,187.0599975,182.0049975,184.5324975,182.0049975,183.0325015,176.7800065,88.0,56.00000000000001,31.999999999999993,173.8579144994668,,0.0,0.0,91.90357983887714,58.5985709612387,0.8614029245192937,0.8157972379065553,0.8583891056275624,6.923635198586621,51.25202795094666,86.0277466880047,79.72463809971418,-13.972253311995296,6.302058576470557,184.01974618419618,11.937179210985365,2.2172328991502748,8.137736711611273,-5.920503812460998,2.184725535828802,2.1612024015174924,38.731679878925604
619,2020-11-16,195.610001,197.479996,193.600006,197.259995,195.316055,371900,17585086.04879018,37977700,-0.16978265177847446,714994.6968531101,51.99720175988476,4063.6134740400703,1312.7201531710396,16040.759372328153,820.821185931091,181.21732746616217,6.026519473902647,185.07050015,201.6202534711638,168.52074682883617,17.884809634977174,0.868268173351324,0.0,0.0,187.3856664,193.3416633,181.4296695,6.3569396895983745,1.328940038568523,1.0,0.0,166.509995,197.5,182.0049975,16.74497284812141,0.9922554062188762,6.844883383660365,2.3861274975367905,0.7127083796908945,1.6734191178458961,185.1616655833333,186.03961473076924,188.3761403154072,185.99001281787042,19.00542147063208,33.40394349173288,19.80562338950939,1.0566711209255977,0.9064355470809611,0.1502355738446366,0.032871520164531584,26.454082723554304,100.64270227112452,-14.680501149999998,1.4819093281771476,-13.710554401585064,15.192463729762212,187.0599975,182.0049975,184.5324975,182.0049975,183.23249850000002,176.9800035,100.0,52.0,48.0,175.27643962949878,,0.0,0.0,95.95178991943857,61.88365971958078,0.9603438297086956,0.8578407831007585,0.8452114280247015,9.78454864956621,56.36548813529147,99.22554062188762,85.9847134584199,-0.7744593781123833,6.586264097058859,185.6176240459383,16.908670465445873,-0.22410018694367018,6.465369331900285,-6.689469518843955,2.1173044687819553,2.095201031396332,41.66905193661836
620,2020-11-17,196.410004,197.850006,194.119995,197.190002,195.24675,360400,17817944.63317505,37617300,-0.11758379194531372,609248.9577026652,61.73917850498987,460.55855438248824,1927.4168909921214,7746.3759832984915,820.5299371288852,182.85261313851683,5.796868626512384,185.38300015,202.58735903420057,168.1786412657994,18.560880846981576,0.8431398382663019,0.0,0.0,188.9069997,194.6919975,183.12200190000001,6.124704546879741,1.2159036689694143,1.0,0.0,166.509995,197.850006,182.1800005,16.905547420551876,0.9789405306845612,6.247965243695456,2.9124773899374645,1.1526621817402085,1.759815208197256,187.39499916666668,186.347692,189.73211903611377,186.8196416461763,19.52203193449751,32.29457363879672,18.870023129451276,1.1576479969377174,0.8446343769183073,0.31301362001941,0.06533265505770224,26.349856760049512,98.701032323419,-6.623005149999983,8.292866761954556,-12.089599188685884,20.38246595064044,187.2350005,182.1800005,184.7075005,182.1800005,183.23249850000002,176.9800035,96.0,48.0,48.0,176.60985325172885,,0.0,0.0,97.97589495971928,61.79329696815808,0.9576222678031114,0.9264563406770336,0.8666981205614492,11.96862219001604,57.30571803422487,97.89405306845612,94.3824467927828,-2.105946931543881,6.885146547058838,186.89111369144976,15.728624424723428,-2.4025149351779365,4.691792478484642,-7.0943074136625786,-0.03548261268079278,-0.035488909249359324,41.61878405563113
621,2020-11-18,196.630005,199.5,195.160004,197.460007,195.514099,477800,17846569.72361292,38095100,-0.08574567436286253,540643.162173713,73.98702751486304,1221.7038781904555,2213.525982894889,526.3545890037909,820.5299371288852,185.9926026534017,5.651181363861147,185.73350065,203.60902832584156,167.85797297415843,19.248576711561128,0.8280044808368969,0.0,0.0,190.7856669,196.4886654,185.08266840000002,5.97843495548249,1.0851606045486413,1.0,0.0,166.509995,199.5,183.0049975,17.762011098992332,0.9381633012786749,5.287791722651124,3.3132080191410296,1.5847713492203728,1.7284366699206568,188.95333349999999,186.7807693076923,190.92102487671167,187.60781685757064,20.223714790165214,32.61444253476583,17.815482524434774,1.2258548980057227,0.7494760822600716,0.4763788157456511,0.09833953133794839,26.222898855108248,101.70712037567668,-5.313502650000004,20.452269355246877,-8.266985497128056,28.71925485237493,188.0599975,183.0049975,185.5324975,183.0049975,183.23249850000002,177.07,100.0,44.0,56.0,178.30906547159054,,0.0,0.0,98.98794747985964,62.023668256345765,0.9612027545733658,0.9597229506950576,0.9146733581576166,13.7778923952654,62.54697702032031,93.81633012786749,96.97864127273708,-6.183669872132514,7.193852247058828,188.78172417060594,10.460960238894607,-2.1482348037374597,3.3237870220402215,-5.472021825777681,0.13692631333306338,0.13683265474240258,41.81269743562564
622,2020-11-19,196.899994,197.610001,194.169998,196.070007,194.137787,274400,17875287.174150027,37820700,-0.05744388474679737,408920.424720326,77.68998749091082,-1805.2525218686217,2177.1646783101346,-1277.3774720318397,814.7538985784098,188.1693459758999,5.430063527475034,186.08350065,204.47335403358562,167.69364726641436,19.765162756879416,0.7715221851337255,0.0,0.0,192.49800009999998,198.0679985,186.9280017,5.787071447086674,0.8206470310655756,0.0,0.0,166.509995,199.5,183.0049975,17.72860295768517,0.8960293276706082,4.289410981640653,3.478530215592343,1.9635231224947671,1.515007093097576,190.2575009166667,187.08538519230768,191.7131759726022,188.23464575700984,20.630430546772068,31.129475368043813,18.31467207225445,1.2297609527710402,0.7313989263361359,0.49836202643490435,0.12857735361271264,26.064801360121585,84.07472844897482,-9.183506649999998,33.007011488967876,-2.230929471559231,35.237940960527105,193.114998,183.0049975,188.05999775,183.0049975,183.63499850000002,177.84500150000002,96.0,40.0,56.0,180.4281589244315,,0.0,0.0,99.49397373992983,60.01737925420497,0.8388678434017216,0.9192309552593997,0.9351367488771637,14.709839228992841,57.83682348607773,87.31980547284968,93.01006288972444,-12.680194527150313,8.100058841176462,189.82760379746418,8.674209718148878,-5.448700723261476,1.569289472979882,-7.0179901962413584,-0.7039400135339768,-0.706429360465588,40.814421114104384
623,2020-11-20,195.919998,195.919998,192.490005,193.970001,192.058472,407900,17819393.938245464,37412800,-0.08618000849196543,228132.87156027902,70.4192668371098,-1416.8990794346698,1570.5735045495426,-6300.420581705689,814.7538985784098,189.73473938900682,5.245057374727532,186.20050045,204.7590183625428,167.64198253745718,19.933907661570746,0.7093243810366174,0.0,0.0,193.8056671,199.0296648,188.58166939999998,5.390964854814622,0.5157287492680177,0.0,0.0,166.509995,199.5,183.0049975,17.717463121888187,0.8323735022168076,3.8560715024006793,3.4008929368508234,2.250997085365978,1.1498958514848452,191.68000149999997,187.2526931153846,192.06037982297107,188.65948688612025,20.59262078644094,29.618097092502964,19.70384683023453,1.1728068485582874,0.813794543673152,0.35901230488513547,0.1531380756298706,25.95920212817389,66.01191781207933,-8.430496449999993,42.10248184229016,5.2253105515501055,36.87717129074005,193.114998,183.0049975,188.05999775,183.0049975,184.989998,177.84500150000002,92.0,36.0,56.0,182.33534303198834,,0.0,0.0,99.74698686996491,57.01664115364564,0.6869606501266545,0.8290104160339141,0.9026547739961238,14.654402723728301,60.12472883958445,75.83042923286074,85.65552161119264,-24.16957076713926,8.27338317941178,190.132152253182,9.649523786869096,-5.698815547487362,0.11566846888643334,-5.814484016373795,-1.0710490768738534,-1.076826094322758,39.306229556656504
624,2020-11-23,195.0,195.639999,192.759995,193.380005,191.474304,407300,17587461.80092899,37005500,-0.12798498503034167,161213.12265166861,63.442820791595516,-3.538664379571578,1116.140684415246,-5607.688235767695,812.2756723647302,190.70528068124264,5.008552037254777,186.3655006,205.11673089493198,167.614270305068,20.123070240535696,0.6870411778232993,0.0,0.0,194.132667,198.74866590000002,189.5166681,4.755509694821231,0.418472467573595,0.0,0.0,166.509995,199.5,183.0049975,17.70177682767966,0.8144894188406462,3.5014629975758997,3.254244186419754,2.4516465055767336,0.8025976808430206,192.98083491666662,187.2776934615385,192.26339908097555,189.0091548945558,20.55751172327632,28.4225705247146,18.908506322719592,1.1011791970485973,0.8816361941570362,0.21954300289156115,0.17188358350010727,25.761330304144966,60.863072803179136,-3.34549659999999,45.61145332869081,12.901817550476185,32.70963577821462,193.114998,183.0049975,188.05999775,183.0049975,185.94999675,178.8600005,88.0,32.0,56.0,184.05180872878952,,0.0,0.0,99.87349343498246,56.16698078893937,0.643948058919331,0.7232588508159025,0.8238334073697388,14.37663832408736,59.07785226557211,73.25177595022384,78.80067021864475,-26.74822404977615,7.717735364705845,190.24397763720347,8.781009534094409,-5.851843443852147,-1.0778339136612827,-4.774009530190864,-0.30416868431113464,-0.3046322174408367,38.88250363105059
625,2020-11-24,194.639999,195.940002,192.610001,194.490005,192.573364,486600,17650297.039176665,37492100,-0.07515296543494453,215343.53370142923,69.23413956797015,51.32861898983098,1364.0616827656445,1554.2018570363064,812.2756723647302,191.59031528805775,4.840696933529297,186.79000085,205.8704262104572,167.70957548954283,20.429814522865755,0.7017775810689654,0.0,0.0,194.20566706666665,198.14366596666667,190.26766816666668,4.055493291705196,0.5361018299590331,0.0,0.0,166.509995,199.5,183.0049975,17.66154764702438,0.8481359733046417,2.7573679540005354,3.1908100464931977,2.599479213760026,0.5913308327331714,193.9366683333333,187.46038576923075,192.60595383774856,189.41514379125536,20.578992178743444,27.493510599245504,18.003612363177275,1.1276422053392916,0.8451737454475394,0.2824684598917522,0.18673968526114673,25.591992045091025,59.399129253356826,1.0199971499999947,47.00710489971135,20.105876068021765,26.901228831689586,193.114998,183.0049975,188.05999775,183.0049975,187.0,179.1900025,84.0,28.000000000000004,56.0,185.59662785591058,,0.0,0.0,99.93674671749123,57.451632003315744,0.6907891403815868,0.6738992831425241,0.7420561833307803,14.481435239293189,57.10705681056847,78.10317349143935,75.72845955817463,-21.896826508560647,7.1750003588235245,190.2928995009636,6.2670750460698255,-4.469525296341497,-1.7561721901973257,-2.7133531061441714,0.5739993646189046,0.5723582652047199,39.67968831945963
626,2020-11-25,194.779999,194.779999,189.889999,191.669998,189.781143,514400,17510388.44433004,36977700,0.008742477313723787,-22650.056941632356,61.42337813781554,-1844.2092194790157,1237.3964125869873,-4665.459703144477,812.2756723647302,192.63996567587057,4.845627240176368,187.7450004,205.76542672103827,169.72457407896175,19.196704341148738,0.6089041271853174,0.0,0.0,194.1416666333333,198.00666603333335,190.2766672333333,3.981627918441298,0.18024980374727526,0.0,0.0,166.509995,199.5,183.0049975,17.571708929512457,0.7626553254538758,2.116759084677073,2.8797906030009415,2.6555414916082096,0.22424911139273185,194.25833500000002,187.48846253846153,192.46196063194108,189.58217002894014,19.867828992193818,25.55915573953797,20.65044498650917,1.091206900450266,0.8578740006251705,0.23333289982509553,0.19499330287905153,25.519254556837286,37.56344318346598,8.215006599999981,50.727336153887634,27.06645738803534,23.660878765852296,194.45999899999998,183.0049975,188.73249825,183.0049975,187.25,180.00500499999998,80.0,24.0,56.0,186.9869650703195,,0.0,0.0,96.35464750768625,53.18682118180337,0.1700801824385341,0.5016057939131507,0.6329213092905257,13.409811261535292,51.45452207365345,65.77797076530358,72.37764006898892,-34.22202923469642,6.108352847058768,190.3000020796929,2.055268644430732,-2.851064487808852,-1.9751506497196312,-0.8759138380892209,-1.449949574529552,-1.4605640715515733,37.65440327296743
627,2020-11-27,192.800003,193.429993,191.0,192.360001,190.464355,95700,17521809.819329888,37073400,0.09605377649514758,-9981.007792827482,59.42190012760692,-304.7076645585112,1135.6916362725565,-7114.025101446103,815.1998266747788,193.47124930192703,4.604063816158731,188.92650065,204.77255886869153,173.08044243130848,16.774839066169434,0.6083392570762473,0.0,0.0,194.47533363333332,198.15533243333334,190.79533483333336,3.7845404157406586,0.21259058109837667,0.0,0.0,166.509995,199.5,183.0049975,17.461819748155058,0.7835708421383996,1.8748884218901043,2.658339248663708,2.6561010430193095,0.002238205644398583,193.9583345,187.56192423076922,192.44627453471938,189.78793528605567,19.20746317611202,24.631724714297683,19.901129807217867,1.1172285098498598,0.89252848682505,0.22470002302480974,0.1988146706201387,25.418277168237474,34.18425160436736,2.5135013499999843,56.02086610295961,33.85592214020956,22.16494396275005,194.6949995,183.0049975,188.8499985,183.0049975,187.25,180.760002,76.0,20.0,56.0,188.23826856328756,,0.0,0.0,79.9209472749252,54.084948594900816,0.08969144371258009,0.3168535888442337,0.4974528886333029,12.742945744222986,48.17014000611482,44.08773090439135,62.656291720378086,-55.91226909560865,5.312175952941175,190.36699942539283,-1.83711261043177,-9.297867447663586,-3.4396940093084227,-5.858173438355164,0.35999530818591197,0.3593488760287755,38.1499526662614
628,2020-11-30,191.330002,193.25,189.809998,193.149994,191.246552,437800,17934154.81854791,37511200,0.06908975333017402,40853.269806146694,49.99051479811995,-538.2349862939643,24.927549906258427,2142.49291481026,815.1998266747788,193.71466411918914,4.487657634542857,190.0645004,203.5093725778069,176.61962822219309,14.147694229602594,0.6147461113499149,0.0,0.0,194.46700033333335,198.04599963333334,190.88800103333332,3.6808294403320776,0.31600913789877855,0.0,0.0,172.449997,199.5,185.9749985,14.232012260612558,0.7652493421165237,1.8898872382184029,2.5175623955657045,2.6283933135285884,-0.11083091796288391,194.10083383333335,187.7188468076923,192.55453906783947,190.03697667227377,18.268710362742375,23.340551281890342,20.671267985215685,1.0133024466866605,1.0311480948073763,-0.017845648120715873,0.1999422865919592,25.3616155207451,25.881953419987408,-1.024507399999976,59.03173794747254,40.25034754235349,18.781390405119055,194.654999,183.0049975,188.82999825000002,183.0049975,187.25,182.8700025,72.0,16.0,56.0,189.36444170695881,,0.0,0.0,39.9604736374626,55.14597976365891,0.19565126184323306,0.15180762933144917,0.3234223373629445,12.447352712647037,53.759706103952894,50.2740484654507,53.379916711715204,-49.7259515345493,4.6689401441176415,190.3788959908944,0.8932260667235052,-7.878534341352464,-4.327462075717231,-3.5510722656352325,0.41068465163918155,0.40984364403016116,38.71731331810855
629,2020-12-01,196.009995,198.779999,194.770004,195.139999,193.216965,552700,17483448.08113302,38063900,-0.0531513895019067,192142.19747669686,48.72298001409396,3805.397828837979,259.24269582119024,7492.390025463839,815.1998266747788,193.97423174827293,4.601892371088573,190.8835006,203.44038362514436,178.32661757485562,13.156593404536896,0.6694886538114844,0.0,0.0,194.47866716666667,198.07066696666666,190.88666736666664,3.6939782160494703,0.5920562180060998,0.0,0.0,176.619995,199.5,188.0599975,11.98637123066257,0.8094405573775002,1.9157967903231339,2.5373238081463114,2.6101794124521334,-0.07285560430582194,194.60916766666665,187.85384657692308,192.95230213432572,190.4149783261794,18.54398869008821,29.673863873920087,18.92297600052233,1.0764514454841496,0.9781310425759486,0.09832040290820099,0.20090468601373818,25.322352135756304,76.16261451661141,2.286497400000002,59.278860044669635,45.91545790709961,13.363402137570027,194.654999,183.0049975,188.82999825000002,183.0049975,187.25,183.8700025,68.0,12.0,56.0,189.809998,,0.0,0.0,19.9802368187313,57.79194431603109,0.5211273993293806,0.26882336829506465,0.24582819549024917,12.877099781301792,49.64490745927429,65.85748132890161,53.40642023291455,-34.14251867109839,4.896735176470571,190.52059448240752,3.226833593884009,-4.498006863174914,-4.361571033208768,-0.13643582996614612,1.0302899621110084,1.0250186506928216,40.14650387293508
630,2020-12-02,194.220001,195.389999,189.639999,189.880005,188.008804,532100,16995767.974211283,37531800,-0.08443249880322212,-235141.37464854383,47.953962476185794,-4603.4606981770485,-157.95827375428047,-8648.330137138917,793.2261348684651,193.85022702614125,4.716703133979715,191.35650095,202.97910037244245,179.73390152755755,12.147587737799768,0.43648168123436426,0.0,0.0,194.00366716666667,197.79766586666665,190.20966846666664,3.911264931647519,-0.04344538476866511,0.0,1.0,176.619995,199.5,188.0599975,11.95674298307659,0.5795457649594052,2.083944133209129,2.104290364348799,2.5090016028314666,-0.40471123848266766,194.33500158333334,187.8461543846154,192.47964103673715,190.37535067238835,17.527197708362937,27.14843364631439,24.90547499684621,0.9307026635335786,1.015010833561718,-0.0843081700281395,0.19581110670924773,25.342301498168954,3.0815567662586134,5.903494050000006,54.51295102738132,49.69997809289233,4.8129729344889896,194.20999899999998,183.0049975,188.60749825,183.0049975,187.25,183.8700025,64.0,8.0,56.0,,199.5,0.0,1.0,9.99011840936565,49.48285936840879,0.0,0.2389262203908713,0.21985240600579506,10.896507340986968,44.6371312988566,24.667251474627662,46.93292708965999,-75.33274852537234,4.384440661764728,190.4536430239353,-1.7031594109143084,-2.2511894150764165,-3.9394947095822976,1.6883052945058812,-2.6954976052859236,-2.7324924539740003,36.36885821714817
631,2020-12-03,189.940002,191.759995,189.050003,190.259995,188.385056,275100,16966328.32981381,37806900,-0.052524278063428374,-186616.14269875217,49.17079511156945,-2078.5471174118356,22.23734248268433,-13792.209545975134,794.8135479243509,194.05104649044227,4.5160320205817435,192.02450100000001,201.60271938798613,182.4462826120139,9.976037784872162,0.40788965502116664,0.0,0.0,193.3019999,196.9329982,189.6710016,3.7568140028332806,0.08110626215385375,0.0,0.0,176.619995,199.5,188.0599975,11.915148786143707,0.5961537158754995,2.098039366050689,1.7713512233183053,2.361471526928834,-0.5901203036105289,193.75166825,188.01000034615384,192.13815703108529,190.36680580776698,16.45081650178582,26.024282056362896,24.775689461736455,0.9952970707601076,0.9947544953374846,0.0005425754226230373,0.18691771857722128,25.137974988633207,-36.507347027681476,5.165500999999978,49.792928900145085,51.565080027467566,-1.7721511273224806,193.91500100000002,183.0049975,188.45999925,183.0049975,187.40499875,183.8700025,60.0,4.0,56.0,,199.30279998,0.0,0.0,4.995059204682825,50.04167095140907,0.04455945290242,0.18856228407726694,0.2321039575877343,9.415744299769136,45.82400206496784,11.57887413747583,34.034535647001704,-88.42112586252416,3.915940647058818,190.43409041362804,-3.5486161296921863,-5.189913754349766,-4.189578518535791,-1.0003352358139752,0.2001211238645162,0.1999211482945462,36.64176110881352
632,2020-12-04,191.5,193.210007,191.289993,192.779999,190.880188,285700,17124057.09043743,38092600,0.0036600629045768903,-57104.530484644725,48.365512644819106,1239.9117080902895,-125.1668492194375,4334.645277979384,794.8135479243509,194.09580741030086,4.359430018523568,192.77500075,199.77252077426232,185.7774807257377,7.259779532655314,0.5003571443870592,0.0,0.0,192.94966633333334,196.42866573333333,189.47066693333335,3.606121188092432,0.4756154983336104,0.0,0.0,176.619995,199.5,188.0599975,11.868761463355881,0.7062937267714761,2.158290615318757,1.6913410903363513,2.227445439610338,-0.5361043492739865,193.38416799999996,188.78730773076921,192.23690194937984,190.5455608590435,15.76388125788928,27.095015688610395,23.628697583997674,0.9745360509982215,1.008799304115581,-0.03426325311735945,0.17813640369774622,24.841222361628652,-8.399877878208123,4.6850062499999865,46.061470352235034,52.00496763968367,-5.943497287448636,193.91500100000002,183.0049975,188.45999925,183.0049975,183.29499800000002,183.29499800000002,56.00000000000001,4.0,52.00000000000001,,198.8926881008,0.0,0.0,2.4975296023414124,53.69952077280603,0.3362352015788436,0.1269315514937546,0.18480668532063096,9.131579109926241,47.15355222188741,35.69375187380438,23.979959161969294,-64.30624812619563,3.910882405882319,190.50435670231656,-2.236423223932007,-7.3797577910036285,-4.827614373029359,-2.5521434179742695,1.3245054484522623,1.315810567007869,38.451588679560885
633,2020-12-07,192.720001,192.779999,190.179993,190.919998,189.038513,192600,17041091.424358197,37900000,-0.051223079501999585,-100123.33935826721,42.9662001847885,-1039.467819327106,-489.67265588852155,1925.8477522003775,787.1449412139999,193.85242005663616,4.183487616671212,193.17000045,198.64698887065146,187.69301202934855,5.670640790901807,0.29459492359741124,0.0,0.0,192.66633253333333,196.0623332333333,189.27033183333336,3.5252663559290296,0.24288366116453494,0.0,0.0,186.729996,199.5,193.114998,6.6107594192947055,0.3281128181322412,2.3327612301304184,1.461004398224162,2.074157231333103,-0.6131528331089409,192.83916725000003,189.64076934615383,192.03430134178296,190.5732969435588,14.853858055958197,25.954547172224533,24.43110844168224,0.8796900048040588,1.095550975244171,-0.2158609704401122,0.16752618548415388,24.6009583188371,-68.35808497958774,2.9000065500000005,41.17118138917791,51.5116040908489,-10.340422701670988,193.91500100000002,183.0049975,188.45999925,183.0049975,181.0149995,181.0149995,52.0,12.0,40.0,,198.498980696768,0.0,0.0,1.2487648011707062,50.74615177462791,0.10073452338742561,0.1605097259562298,0.15866785384241713,8.0587211229403,45.895834174532105,17.894694132447974,21.7224400479094,-82.10530586755202,3.8907349235294078,190.5158779243276,-3.31206764314558,-11.088299387452052,-6.079751375913897,-5.008548011538155,-0.9648309003259303,-0.9695155506458164,37.11576496998832
634,2020-12-08,189.759995,195.660004,189.759995,194.080002,192.167404,350500,17203866.04936301,38250500,0.0527295136594352,72405.90940720023,42.79512592590915,2070.4798060004136,-374.6782807729554,3943.0211123423496,787.1449412139999,193.6343541879245,4.35513975500409,193.48350065,198.38492574580107,188.58207555419892,5.066504460933293,0.5608497873925502,0.0,0.0,192.59033259999998,196.28833379999998,188.89233140000002,3.840277079411388,0.7014154835861086,0.0,0.0,186.729996,199.5,193.114998,6.60004804394157,0.5755680264469775,2.377177941839329,1.5159716463046493,1.9625201143274122,-0.44654846802276293,192.67333349999998,190.5519233076923,192.34902451997021,190.83305287366557,14.636566812313902,28.086576632186993,22.152452690450886,0.8670871788160482,1.0451084438887859,-0.17802126507273763,0.15910673121237492,24.45392550026851,-7.290345058040121,0.48650035,37.90244838143163,50.49997558881782,-12.597527207386186,193.91500100000002,185.9749985,189.94499975000002,183.0049975,180.404999,180.404999,48.0,8.0,40.0,,198.1210215888973,0.0,0.0,0.6243824005853531,55.24920607848707,0.45980660112163413,0.2989254420293012,0.1954555731597619,8.40254863988868,49.580440169036756,48.13397554085427,33.90747384903555,-51.86602445914573,3.071116905882377,190.54162711580608,-1.0149461564511477,-10.673630694059527,-6.998527239543024,-3.6751034545165036,1.6551456280656351,1.641597383866511,39.38523055927785
635,2020-12-09,194.259995,195.190002,192.179993,194.460007,192.543655,310500,17363759.557820957,38561000,0.012007145275499885,78918.1441347423,40.8262779862039,945.169969398388,-394.43070282953164,6409.2385966302245,788.6861562299912,193.30438175688195,4.22062667950368,193.40850065,198.20074064396408,188.61626065603593,4.955562943571244,0.6097092749240832,0.0,0.0,192.54999906666666,196.21600106666665,188.88399706666667,3.807844214770119,0.7605028493346889,0.0,0.0,186.729996,199.5,193.114998,6.602607412333507,0.6053256522080956,2.3872864554849746,1.5720749130764773,1.8844310740772254,-0.31235616100074814,192.71416733333334,191.15576992307692,192.6737910553594,191.10171614228292,14.434796371787058,26.717489770813007,21.072626112691715,0.8899881267691505,1.086600413193458,-0.1966122864243074,0.1525892902559484,24.288964150617666,20.948925150148888,-0.02849564999999643,33.81055549408283,48.62033329328395,-14.809777799201122,193.91500100000002,188.0599975,190.98749925,183.0049975,180.22749725,180.404999,44.0,4.0,40.0,,197.7581808453414,0.0,0.0,0.31219120029267655,55.77285746706148,0.5970844582232522,0.38587519424410405,0.2817701207432117,8.831236664850705,48.51636771153803,55.601297266720216,40.54332231334082,-44.398702733279784,3.255116694117646,190.55840004294365,0.2526194759363815,-11.110607180925802,-7.82094322781958,-3.2896639531062224,0.1957981224670391,0.19560668778613177,39.65814422370926
636,2020-12-10,194.089996,194.820007,191.050003,191.869995,189.979172,329000,17177877.373080567,38232000,0.02845933264945631,-54086.44045593524,40.4347273084939,-859.4148100212659,-326.8708662690063,-3773.996420022453,788.6861562299912,193.11815196403305,4.175564411553312,193.43000030000002,198.19047483096375,188.66952576903628,4.922167733630236,0.33615023146818374,0.0,0.0,192.59666603333335,196.15066843333332,189.04266363333335,3.6906167413976774,0.3977672281069156,0.0,0.0,186.729996,199.5,193.114998,6.601873535746461,0.4025056687531178,2.4216350077138684,1.3915044364666471,1.7858457465551099,-0.39434131008846274,192.58833316666664,191.5961544230769,192.55013012376565,191.158625687299,13.931140725655997,25.06920781063759,21.621727799293534,0.8880270922440587,1.0573100579706398,-0.16928296572658108,0.14464086258578512,24.16056665263022,-29.108361655963833,1.060004699999979,30.135124793230883,45.74413981442521,-15.609015021194327,193.91500100000002,188.0599975,190.98749925,183.0049975,179.91499725,180.404999,40.0,4.0,36.0,,197.40985373152773,0.0,0.0,0.15609560014633828,51.361461547009924,0.22609013994239024,0.4276603997624256,0.37082034534527697,7.961685812582122,46.88725789739436,28.982457957844844,44.23924358847311,-71.01754204215516,3.694353055882374,190.56494753913506,-0.7808511536650454,-10.95096763030137,-8.446948108315938,-2.504019521985432,-1.331899571514461,-1.3408489067933793,37.798037999208624
637,2020-12-11,191.020004,193.440002,190.169998,192.929993,191.028732,304300,17387256.548090752,38536300,0.05287056696649754,-280.17876222989435,41.28962919403022,-1214.3019618863086,-312.3996435869804,-2700.8248714332394,793.0433031003577,192.98082188032507,4.085008370397981,193.6245003,197.94958589466214,189.29941470533785,4.467498263867324,0.4197117276872933,0.0,0.0,192.58833266666664,196.22633616666667,188.95032916666665,3.7780102767665524,0.5469571199331359,0.0,0.0,189.050003,199.5,194.2750015,5.397042721251117,0.3712910156816307,2.39432598212337,1.3187324854308144,1.692423094330251,-0.3736906088994365,192.45833216666668,192.21269284615386,192.60857056626324,191.28983808083242,13.216884555033285,23.70325707411077,21.909949088988938,0.9054411886779156,1.0546041430979856,-0.14916295442007,0.13689304037980835,24.052059572530773,-54.25731152324488,-1.9545023000000015,27.416051554230247,42.23128577073162,-14.81523421650137,193.91500100000002,188.0599975,190.98749925,183.0049975,179.78249775,180.404999,36.0,4.0,32.0,,197.0754597022666,0.0,0.0,0.07804780007316914,52.999935524174724,0.4232808038353692,0.4154851340003373,0.409673576002289,7.680652108612901,55.9647507907572,39.8765837108257,41.48677964513026,-60.1234162891743,3.5644707323529303,190.5807284541737,-0.8021039435933998,-11.276227558628,-9.012803998378352,-2.263423560249647,0.5524563650507242,0.5509359221594679,38.559312031050275
638,2020-12-14,194.130005,195.75,192.580002,192.669998,190.771301,416500,16994405.354178324,38119800,-0.035344460642301685,-15709.85572476869,49.442215463207994,1796.2061104437016,-183.84644538531808,1119.8438323673793,793.0433031003577,192.96123142253043,3.993507333358182,193.5995003,197.9405561463528,189.25844445364717,4.48457339985481,0.39294052727046497,0.0,0.0,192.7479996,196.3590027,189.13699649999998,3.7468644110379703,0.4891994554089426,0.0,0.0,189.050003,199.5,194.2750015,5.397739655219553,0.34641110423285193,2.354205117539981,1.2259487917653757,1.5991282338172759,-0.3731794420519001,192.5416655,192.78576953846152,192.6180209406843,191.3920721489189,13.125295029439163,26.349560549208412,20.730704543908843,0.946452239814032,1.0052979908149535,-0.05884575100092149,0.12907676423637454,23.886052428955008,2.4670763804120197,-1.2394992999999772,25.054614052185975,38.428591771566765,-13.37397771938079,192.4000015,188.0599975,190.22999950000002,183.0049975,179.4524995,180.404999,32.0,4.0,28.0,,196.75444143417596,0.0,0.0,0.03902390003658457,52.53248931054223,0.367023560519274,0.33879816809901125,0.39398123395392465,7.321947764126111,52.321745059310594,37.204486003899575,35.354509224190046,-62.795513996100425,3.9397070117647104,190.5938895568238,0.5217300623126213,-8.896432879670343,-8.98952977463675,0.09309689496640772,-0.13476131728258345,-0.13485220200655235,38.37258767693954
639,2020-12-15,193.880005,197.679993,193.880005,196.399994,194.464523,454800,17142813.04704472,38574600,-0.05923748700733399,228877.57806448397,49.16056152935992,1349.3784124942779,-91.12860299214326,8243.422484096767,793.0433031003577,193.10015745710027,4.095156100022364,193.55650025,197.7667352252664,189.3462652747336,4.350393781483335,0.8376882486018588,0.0,0.0,192.72366593333334,196.31366833333334,189.13366353333333,3.725543910359043,1.0120230653141977,1.0,0.0,189.050003,199.5,194.2750015,5.398938804174827,0.7033486229708957,2.3196307940941954,1.4368336267367,1.5666693124011608,-0.1298356856644609,192.8783315833333,193.30038453846151,193.19986294980978,191.76302932307308,13.478870780133187,27.37112906084816,18.99100795896628,0.9525030327785076,0.9530534267641773,-0.0005503939856696949,0.12513928720286843,23.65797189015244,99.86377507388632,-0.40650625000000673,23.91811677949893,35.02916574402428,-11.111048964525352,193.364998,193.114998,193.239998,183.0049975,179.35749850000002,180.404999,28.000000000000004,12.0,16.000000000000004,189.050003,,1.0,0.0,6.501167198287037,58.22496495678625,1.0,0.5967681214515478,0.45035047451696547,8.611526130574797,53.45132156428558,75.539506902161,50.8735255389621,-24.460493097839006,4.325765735294141,190.65230435984336,2.100225087854923,-6.119413716805167,-8.415506563070434,2.2960928462652666,1.9359506091861878,1.9174494858241076,41.051412631017925
640,2020-12-16,196.229996,196.559998,194.210007,195.389999,193.464493,284000,17144020.716350686,38290600,-0.09119773696149513,155203.84119812897,51.44590916906355,-326.8444436730698,17.25459527971,7344.221757733068,788.9650454863842,193.3401325694799,3.920639590020129,193.46650010000002,197.43204608747212,189.50095411252792,4.099465267033171,0.7425263640967301,0.0,0.0,193.09866596666666,196.34866746666665,189.84866446666666,3.366156346788043,0.8525126116608459,0.0,0.0,189.050003,199.5,194.2750015,5.401450377506465,0.6066983559899575,2.1875625917906065,1.5051132139451795,1.5543580927099647,-0.04924487876478523,193.06499866666664,193.59192303846154,193.53680695753135,192.03169374358617,13.80719112006335,26.258026649507077,18.218700148574914,1.0088477173118988,0.9499902865973117,0.058857430714587156,0.12267058117406981,23.314165526628265,79.33010064686154,1.67349889999997,24.470606771392184,32.215574396385065,-7.744967624992881,193.71999399999999,193.114998,193.417496,183.0049975,181.5349965,181.5349965,24.0,8.0,16.0,189.2226028,,0.0,0.0,32.55021964436616,56.257615166189446,0.774956985967731,0.7139935154956684,0.5498532683487425,9.153016042980305,55.24843579617754,65.15928680751755,59.30109323785937,-34.840713192482454,4.0998842058823755,190.9732115171441,1.1597230492277397,-7.5697934573963375,-8.246363941935615,0.676570484539277,-0.5142540890301639,-0.5155809262015865,40.3260499739281
641,2020-12-17,195.729996,198.710007,195.729996,197.880005,195.929962,269500,17263396.747680776,38560100,-0.08120602889856327,228897.09488411143,53.193850137822,2029.0601873799521,183.95229898960022,1973.9654951662656,799.0194377639101,193.58196253674603,3.8605764310181163,193.4875,197.5408907563855,189.43410924361453,4.189821829715596,1.0418309341481937,1.0,0.0,193.8069998,197.0840032,190.5299964,3.38171831087807,1.1214526966923495,1.0,0.0,189.050003,198.779999,193.91500100000002,5.028746559855287,0.9075031479971839,2.075798333117639,1.7400892869553104,1.591504331559034,0.14858495539627636,193.2933325,193.66576911538462,194.2049912717573,192.464901984802,14.595667709512965,28.501396757747422,17.157139276787948,1.010022383684125,0.878214566234685,0.13180781744943992,0.1236006776547906,23.06727372277779,167.5687480335367,-3.607495,26.46885658594015,30.038617311241197,-3.569760725301048,194.235001,193.114998,193.6749995,183.0049975,182.0049975,182.0049975,100.0,4.0,96.0,189.391750604,,0.0,0.0,66.27510982218308,59.85867170519313,1.0,0.9249856619892437,0.7452490996454865,10.665124203491164,54.55157762703681,90.7503147997184,77.14970283646565,-9.249685200281608,4.177765697058845,191.61677007153313,1.404123200800069,-9.019723846568422,-8.401035922862176,-0.6186879237062453,1.2743774055703039,1.2663255518895689,42.11433344892512
642,2020-12-18,198.009995,199.399994,195.770004,198.550003,196.593338,663700,17616275.4910382,39223800,-0.034212382357222765,259722.89170066622,63.66589514481333,199.62894003691449,236.65686515609158,5681.655827255681,799.0194377639101,194.25850816369788,3.837517787916304,193.6114998,198.10153227943073,189.12146732056925,4.638187797800158,1.0499406989396805,1.0,0.0,194.35499986666667,197.80300086666665,190.90699886666667,3.548147464552414,1.1083239438348995,1.0,0.0,189.050003,199.399994,194.2249985,5.345752194829075,0.9178751942876096,1.9921425054890305,1.957804406413885,1.6647643465300044,0.2930400598838807,194.01583233333335,193.93923069230772,194.87345461456388,192.91565020815,15.47689317887168,27.891883219836046,16.055588016117913,1.0331636185648525,0.8622574932744982,0.17090612529035432,0.12719499580545762,22.953725150454108,172.55451512934584,-3.3515047999999865,27.762071870196177,28.548716253576554,-0.7866443833803771,194.5799945,193.114998,193.84749625,183.0049975,182.0049975,182.0049975,100.0,52.0,48.0,189.76448085984,,0.0,0.0,83.13755491109154,60.79394476866988,1.0,0.9249856619892437,0.8546549464913853,12.18954199354531,54.966160391069835,91.78751942876096,82.56570701199898,-8.212480571239043,4.477147864705898,192.10881173443136,4.566040537022312,-1.5063921605800135,-7.022107170405744,5.515715009825731,0.33858802459600934,0.3380161059458153,42.59551556321763
643,2020-12-21,195.970001,198.5,192.639999,198.330002,196.375519,369200,17964054.58629774,38854600,0.019206140208746336,211016.1401434284,54.91689311174028,-3198.239188786439,-263.60292181708115,1838.1209933674604,798.1340936557688,194.2057484619884,4.044766409124675,193.82949985,198.7688766891714,188.89012301082857,5.096620321461781,0.9555738807281385,0.0,0.0,194.87466690000002,198.64866740000002,191.1006664,3.8732592183843404,0.9577814841306972,0.0,0.0,189.050003,199.399994,194.2249985,5.339739827017868,0.8966190405382974,1.9674616024115932,2.0885178315575956,1.7495150435355227,0.33900278802207295,194.68833291666667,194.2965387307692,195.4052311354002,193.3167133038426,15.212125241010314,25.06975375656913,19.789728922840194,0.9107777312631652,0.9559511709292259,-0.04517343966606069,0.13192626925128953,23.0247032468419,102.30123689932373,-1.049500849999987,30.628761647049984,27.74052883864526,2.888232808404723,194.78499599999998,194.2750015,194.52999875,183.0049975,183.489998,182.0049975,96.0,48.0,48.0,190.3426116482496,,0.0,0.0,91.56877745554578,60.297147401383455,0.956078718380558,0.9853595727935195,0.9451102989240022,13.328117575146834,64.65295719180764,89.66190405382974,90.73324609410304,-10.338095946170254,4.172118064705899,192.87565604978167,4.241567965982551,-1.8783229866182367,-5.993350333648243,4.115027347030006,-0.11080382607699946,-0.11086525890053878,42.43751427615936
644,2020-12-22,197.559998,198.240005,195.490005,196.389999,194.454636,394700,17827701.954879556,38459900,0.03194937813529886,71482.52239436617,64.45599260422046,902.2713769951877,129.66365498093572,-4269.921570369497,798.1340936557688,194.68617161471533,3.9242894682122085,193.97999955,199.0374361512771,188.9225629487229,5.214389744313296,0.7382629422770639,0.0,0.0,195.22866716666667,198.68766676666667,191.76966756666667,3.543536561715141,0.6678710563212152,0.0,0.0,189.050003,199.399994,194.2249985,5.3355969811373205,0.7091789741652909,1.7037804655582116,2.012369787649618,1.8020859923583419,0.21028379529127617,194.98916625,194.42038492307694,195.55673388380015,193.54436409615053,14.966269298710474,23.822373368578763,18.805063497655144,1.062053981383313,0.8895716514301857,0.1724823299531273,0.13495684052992096,23.08707684014055,96.86575958451073,-3.0600015500000097,31.086846910661787,27.43789455159848,3.6489523590633084,194.78499599999998,194.2750015,194.52999875,183.0049975,184.5324975,182.0049975,92.0,44.0,48.0,190.88605458935461,,0.0,0.0,95.78438872777289,55.95485406172757,0.5499472214729102,0.8353419799511562,0.9152290715779731,13.16151935580435,62.8002685516585,70.91789741652909,84.1224402997066,-29.082102583470913,3.938678029411733,192.96725842768973,1.8726009019223955,-1.6295606472680277,-5.1205923963722,3.4910317491041725,-0.9781692030639055,-0.9829847062576391,41.04423437790024
645,2020-12-23,196.350006,197.699997,194.309998,194.809998,192.890213,265000,17640873.06938431,38194900,-0.0012913439382217806,1456.4099094574194,64.49191355205924,-1100.1602132047067,199.54843385287353,-5992.817484861763,791.7129282576764,194.979623153272,3.8708604213909865,193.99599919999997,199.06180608482407,188.93019231517587,5.222589028345384,0.580342462563918,0.0,0.0,195.3950002,198.8919988,191.8980016,3.5794146180000483,0.41635652928199784,0.0,0.0,189.050003,199.399994,194.2249985,5.335156932452858,0.5565217399705961,1.4854704700317602,1.8037366844436349,1.8024161307754007,0.0013205536682341368,195.31333291666667,194.32615426923076,195.44185144013858,193.63811475569494,14.341697789245003,22.390269442329526,19.767123407346816,1.0496868487508193,0.830594687099728,0.21909216165109135,0.13483483905129534,23.176432848877567,54.54486606402783,0.0840028000000359,32.1730926181124,27.664335421029758,4.508757197082641,194.78499599999998,194.2750015,194.52999875,183.0049975,184.5324975,182.0049975,88.0,40.0,48.0,191.39689095399333,,0.0,0.0,92.80413743120927,52.63055573208214,0.1875440665001384,0.5645233354512023,0.7950749627319592,12.1015016326873,62.605286779530026,52.38592867073959,70.98857671369949,-47.61407132926041,3.575177117647087,192.97848950033372,2.0375026402420215,-4.126215470013325,-4.921717011100425,0.7955015410870994,-0.8045221284409654,-0.8077758708523675,39.90950230143988
646,2020-12-24,194.899994,196.559998,192.889999,196.559998,194.622955,152900,17793773.06938431,38347800,0.04085530110495095,39473.3513509635,60.31426605345372,-3072.3316219758253,-108.46894686613469,-758.4658397061801,798.8249740390788,195.14441997951877,3.8507742792518895,194.2404992,199.30567837226337,189.1753200277366,5.215368775435462,0.728965128489576,0.0,0.0,195.67066653333333,199.15766463333335,192.18366843333334,3.564150070911097,0.627521071300076,0.0,0.0,189.050003,199.399994,194.2249985,5.328441309936661,0.7256040126025242,1.370085089836706,1.7593234362401802,1.7937975918683566,-0.03447415562817646,195.51999925000004,194.30192334615384,195.61387398780957,193.8545505515694,13.331408850559743,20.923774408785984,21.006651004787393,0.9982639279044921,0.9027778986089363,0.09548602929555583,0.13413208580717936,23.276107368099158,40.3277989692036,0.21950780000000236,35.07332816623944,28.515143933475226,6.558184232764216,195.989998,194.2750015,195.13249975000002,183.0049975,184.7075005,182.1800005,84.0,36.0,48.0,191.87707713675374,,0.0,0.0,87.30260571443335,55.765222915162795,0.49951975956421846,0.41233701584575577,0.6040674437493715,12.03765213097363,64.88117080127314,70.53945752484012,64.61442787070293,-29.460542475159887,2.624117826470581,193.21412580603277,1.2778215037322598,-8.705032147429069,-5.678380038366154,-3.0266521090629155,0.8983111842134406,0.8943003711213926,41.166325008391105
647,2020-12-28,197.5,198.880005,195.539993,195.910004,193.97937,132800,17690396.592892606,38215000,0.024175692425892886,21502.986415111176,63.86605703003206,6249.94841114913,412.2036410250251,934.3684107646172,796.1833814187148,195.3484652766282,3.7996980513267005,194.41799935,199.455876819087,189.380121880913,5.182521665617576,0.6480786957558118,0.0,0.0,196.1303335,199.62433240000001,192.6363346,3.5629357658742857,0.46847029631291254,0.0,0.0,189.050003,199.399994,194.2249985,5.323576538490899,0.6628026053355979,1.1044718491172776,1.6526260886592468,1.7655632912265349,-0.11293720256728812,195.64083233333335,194.24230784615384,195.6594324512235,194.00680636256425,13.052971554402832,23.851584532531618,19.73951146912156,1.069798301137928,0.8518446712619094,0.21795362987601852,0.13214169589523045,23.392329485647608,79.49140656650148,-2.5480043500000136,36.2253425734576,29.756335991394295,6.469006582063308,196.0199965,194.2249985,195.1224975,183.0049975,185.5324975,183.0049975,80.0,32.0,48.0,192.3284521485485,,0.0,0.0,78.64180177462826,54.32719791729068,0.3144173491314029,0.3338270583985867,0.43689580323184823,11.593349924412202,60.73913748289111,63.79678047684435,62.24072222414136,-36.20321952315565,2.0448530029411813,193.3114468119209,0.7456530637685292,-13.097057742050215,-7.1621155791029665,-5.934942162947248,-0.3306847815495062,-0.33123275204340885,40.69950945491563
648,2020-12-29,196.429993,197.309998,193.059998,195.229996,193.306046,179400,17694195.482869077,38035600,-0.03573482288590176,1003.4976129527822,58.57423722390359,-4797.243171683397,-78.34800023810428,-1061.8507972235209,796.1833814187148,195.51153116862187,3.8447282461940304,194.52199945,199.53670238324847,189.50729651675155,5.155923697501823,0.5705920728928762,0.0,0.0,196.28366656666668,199.88566566666668,192.68166746666668,3.670197488160943,0.3537380857942633,0.0,0.0,189.050003,199.399994,194.2249985,5.320730318043205,0.5971012921653751,1.1001285776890217,1.4959523025071064,1.7116410934826494,-0.21568879097554294,195.92083241666668,194.2099997307692,195.59336530488142,194.0974130023743,12.225565334340219,22.03054858438895,22.687585180649354,1.0316119906514833,0.934419844017308,0.0971921466341753,0.1284238076138279,23.558285581075747,23.519888779697002,-1.5920064500000137,37.75250004625712,31.29348968770076,6.459010358556359,196.0199965,194.2249985,195.1224975,183.0049975,188.05999775,183.0049975,76.0,28.000000000000004,48.0,192.7527446596356,,0.0,0.0,58.02197546693948,52.79338682338434,0.15180787950793936,0.3219149960678536,0.356026356770732,10.805467774056678,58.0163020385366,54.82123719230222,63.0524917313289,-45.17876280769778,1.876529291176496,193.366396852464,1.7511862654710608,-15.557789808247078,-8.84125042493179,-6.716539383315288,-0.34710223373788374,-0.3477060311422697,40.21113831473937
649,2020-12-30,196.210007,197.300003,195.729996,196.630005,194.692276,210500,17725034.399829324,38246100,0.03790897544192549,42960.41145395987,57.672878829550726,991.977038009737,-75.00463819443648,886.809941022575,796.1833814187148,195.67108313238296,3.6672561215746278,194.59649975,199.68937684658658,189.5036226534134,5.234294659081185,0.6996420894746251,0.0,0.0,196.34033363333333,199.71933463333335,192.96133263333334,3.441983557296287,0.5428634627019445,0.0,0.0,189.050003,199.399994,194.2249985,5.318693302961113,0.7323679798368922,1.1085642336913506,1.4678359252938264,1.662880059844885,-0.1950441345510585,196.22916675,194.31230757692308,195.75284833489968,194.28501240960586,11.457259558567793,21.182264652937818,21.81400212490052,1.0272054167304785,0.9139827103048263,0.11322270642565224,0.1248834626810724,23.64977547779055,68.97105136234595,-1.92650175,37.36361049789003,32.72604565731163,4.637564840578399,196.0199965,194.2249985,195.1224975,183.0049975,188.05999775,183.0049975,72.0,24.0,48.0,193.059998,,0.0,0.0,31.232416447846635,55.57431752156223,0.44663275571784306,0.30428599478572854,0.320009349750723,10.856131385957337,56.850717355328875,69.98927193467927,62.869096534608616,-30.010728065320734,1.6868223088235368,193.38509625121247,1.917800308011215,-16.658304927941384,-10.40466132553371,-6.253643602407674,0.7171075289065687,0.7145485393878381,41.21660294395997
650,2020-12-31,196.889999,199.449997,195.970001,199.199997,197.236954,290000,17973367.68526988,38536100,0.15945972092234095,143294.3069605364,64.74902849799054,1433.9977517248208,88.81054478742684,5299.867148827504,796.1833814187148,196.07048243122952,3.6485301094171647,195.06249935,200.04829391585713,190.07670478414286,5.111997008621467,0.9149286132178113,0.0,0.0,196.62233333333333,200.11433483333334,193.13033183333334,3.551988668632082,0.8690811224832881,0.0,0.0,189.050003,199.449997,194.25,5.33162142116272,0.9759615245931873,1.0140710330084235,1.634093556533628,1.6571227591826336,-0.023029202649005542,196.7733333333333,194.53615342307694,196.28317889876126,194.64908534222764,11.193841289449086,23.828074403124674,20.39240667025285,1.0549294567404415,0.862776780684104,0.19215267605633746,0.12397523076284489,23.763762049492588,115.76021767906553,1.3374946499999965,38.4686455688975,34.0593555443069,4.409290024590604,196.044998,194.25,195.14749899999998,183.0049975,188.05999775,183.0049975,100.0,20.0,80.0,193.059998,,0.0,0.0,17.02575678981977,60.20840567039868,0.9291239780642837,0.5091882044300221,0.3784630650945347,12.214367266724798,55.8908457936476,97.30603419246059,74.03884777314737,-2.693965807539418,1.9013521529412003,193.68996680761887,3.389214235627907,-15.189521495374,-11.361633359501768,-3.8278881358722323,1.307019241544527,1.2985514490321926,43.06233111669309
651,2021-01-04,198.839996,199.190002,193.910004,195.309998,193.385269,339500,17813904.860662755,38196600,0.13681401928119674,-65841.25981953966,64.14443352717154,-1804.0578969095855,46.68512085719278,-2839.436771756656,796.1833814187148,196.34325677028073,3.812676398475449,195.3149995,199.78742207170836,190.84257692829163,4.579702104966459,0.49944085113606773,0.0,0.0,196.49199986666667,200.21400006666664,192.76999966666668,3.7884496086615385,0.3412141586308004,0.0,0.0,189.759995,199.449997,194.604996,4.961217533116289,0.5727556093383683,1.0995980329443744,1.43541692509433,1.612781592364973,-0.17736466727064304,196.68250033333334,194.56769161538463,196.1334587604903,194.69804183539597,10.50041336945107,21.53104373215743,22.180532364579598,1.0297758570675632,0.8462876896590206,0.18348816740854268,0.1206696950823752,23.915600849140596,39.19705533214459,0.0749994999999899,35.10860153597466,34.875636618282286,0.23296491769237093,196.044998,194.25,195.14749899999998,183.0049975,188.05999775,183.0049975,96.0,16.0,80.0,193.57119792,,0.0,0.0,8.512878394909885,51.45873529445662,0.0,0.4585855779273757,0.42401992571437547,10.79597340399993,52.509690157863254,39.73796196358228,69.01108936357404,-60.26203803641772,2.0404704794117663,193.73425006937185,-0.5549877969955463,-12.50335418143985,-11.589977523889385,-0.9133766575504652,-1.9528107723816857,-1.9721300481587711,40.268594503425945
652,2021-01-05,195.460007,197.690002,194.149994,194.929993,193.009018,252700,17672563.7882697,37943900,0.08901294977885178,-70153.54605960583,56.902018044563555,-882.5574752829401,-144.65513526613879,-7121.458459713846,794.6342868052582,196.5603302588427,3.7854095586279035,195.4224992,199.7469343552468,191.09806404475322,4.425729046501509,0.4430554300944418,0.0,0.0,196.26033280000001,199.9733348,192.5473308,3.783751863687865,0.32085388049885194,0.0,0.0,189.759995,199.449997,194.604996,4.958488423629777,0.5335394151621431,1.1928476364305947,1.2330867788089108,1.5368426296537607,-0.3037558508448499,196.6441665,194.69307603846153,195.94831018195333,194.71522340314442,9.8565160151672,20.13239962885837,20.73969785670947,0.9879054134748579,0.9205221524385125,0.0673832610363454,0.11528495911749181,24.09389951952908,12.44539189231312,2.457505800000007,30.166140674542284,34.824234288003645,-4.658093613461361,196.169998,194.25,195.20999899999998,183.0049975,188.73249825,183.0049975,92.0,12.0,80.0,193.910004,,0.0,0.0,4.2564391974549425,50.683865380966125,0.0,0.3097079926880946,0.42582725834849744,9.416091746967078,53.202929963811314,33.62694085960091,56.890312338547936,-66.37305914039909,1.6567349411764667,193.78660957384645,-0.2354296547184039,-12.6179816157245,-11.795578342256409,-0.8224032734680904,-0.19456505242502198,-0.19475457609425817,39.99568083899452
653,2021-01-06,197.610001,203.210007,196.570007,202.179993,200.187561,516900,18029098.054354038,38460800,0.1523197197206206,475229.10337748064,57.63997227840021,5099.7987541110415,123.2320319922015,18733.313000198836,794.6342868052582,197.1103621765028,4.2348700027651125,195.98549895000002,200.73008593077506,191.24091196922498,4.84177350487087,1.1527959203930633,1.0,0.0,196.67666633333334,200.4676682333333,192.88566443333335,3.8550601560175757,1.22584066321184,1.0,0.0,189.759995,203.210007,196.485001,6.862758761264967,0.9234191017822144,1.1928476364305947,1.6388613162911554,1.5572463669812397,0.08161494930991564,197.00249883333333,195.07076803846152,196.90703061549897,195.2681692992078,10.573466681287556,26.67593466260414,17.823328892905554,1.0010837424221928,0.8526008427237141,0.14848289969847872,0.11585162345663276,24.381264529986645,215.34951046218586,2.5645040499999823,29.159737116896313,34.610110977585265,-5.450373860688952,198.050003,196.13000499999998,197.090004,184.860001,188.8499985,183.0049975,100.0,8.0,92.0,193.910004,,0.0,0.0,12.780228815673896,62.336492131547956,1.0,0.3333333333333334,0.3672089679829346,12.06907190803221,56.73583716982911,90.25531484933603,54.54007255750641,-9.744685150663974,2.4697953882352692,194.02764787557626,2.1730280429293423,-5.600624167582815,-10.55658750732169,4.955963339738876,3.719283979043686,3.651787125557071,45.202517767792386
654,2021-01-07,202.210007,208.660004,202.210007,208.240005,206.187866,379900,18359522.800303534,38840700,0.1773622196722609,736224.739866412,65.09431801535581,9414.378439064076,819.0336664734261,30611.8551291851,818.4521396115509,198.01766119645134,4.459384102488601,196.6934991,203.75143426186878,189.6355639381312,7.176582036684896,1.3179804457811668,1.0,0.0,197.6429999,201.8040015,193.48199830000001,4.210623803631096,1.7733719088211852,1.0,0.0,190.169998,208.660004,199.415001,9.40041541006883,0.977285080383425,1.1849032360808605,2.4215191184064224,1.7301009172662762,0.6914182011401462,197.80999899999998,195.65115307692307,198.65056513619143,196.229046017785,12.286324605139226,32.760896412730666,15.934829618845534,1.0897625918477303,0.7518907955647969,0.3378717962829334,0.12625140929414622,24.686349386132267,345.2809769724176,1.6365029000000106,31.861229017618964,34.575459466419325,-2.714230448800361,200.77500149999997,198.8550035,199.8150025,187.58499949999998,188.82999825000002,183.0049975,100.0,4.0,96.0,194.149994,,0.0,0.0,43.83179217402461,68.94227892582246,1.0,0.6666666666666666,0.4365693308960315,16.945777192452486,65.09239882787222,97.37828421401872,73.75351330765189,-2.6217157859812783,3.975855264705899,195.63942199921337,4.880383708682187,-3.6753694952489218,-9.180343904907136,5.504974409658215,2.9973351517526226,2.953292959376963,49.55472387407627
655,2021-01-08,207.75,208.949997,204.160004,206.919998,204.880844,250600,18397714.243798338,38590100,0.1601565522974911,583793.526428353,65.03767580905003,2140.7694373643353,827.0128986151677,9798.354601778146,813.2640752266493,198.54647689090757,4.492444992239742,197.31649865,205.5736466776261,189.0593506223739,8.369445113936093,1.0815264131071272,1.0,0.0,198.75000010000002,203.05100109999998,194.44899909999998,4.32805131857708,1.449778656177947,1.0,0.0,190.169998,208.949997,199.5599975,9.51770334892875,0.8919063307724349,1.1969530557301251,2.9018171899394076,1.9644441718009027,0.9373730181385049,198.525832,196.10422996153844,199.92278557677736,197.02096838683795,13.925348922087498,30.683475622600014,14.695317456684934,1.100229374913457,0.7939631190755945,0.3062662558378626,0.141163279870321,24.852179547037842,257.98571426498734,-0.9264996500000109,34.490347496878435,34.510683836490315,-0.020336339611880305,201.0049975,199.0,200.00249875,187.729996,188.82999825000002,183.0049975,96.0,4.0,92.0,195.8911952,,0.0,0.0,71.9158960870123,66.21790535671627,0.8507880456090509,0.9502626818696838,0.6500875606232279,19.731834937700427,65.15968685186822,87.5536526736545,91.72908391233642,-12.446347326345489,5.473532079411768,196.98613864869372,4.331163169150769,-5.305841653745351,-8.40544345467478,3.0996018009294284,-0.6338873263088907,-0.6359049227323332,48.60671543354225
656,2021-01-11,205.449997,209.360001,205.449997,208.570007,206.514618,326400,18592219.728294004,38916500,0.21916575321361634,577332.0137385889,62.294424143067474,1018.2284114565136,885.4842894308534,1014.2376044489329,813.2640752266493,199.39435678535486,4.434200893015769,198.15149924999997,207.3594848699354,188.94351363006456,9.293884381180543,1.065732190515362,1.0,0.0,199.9956671,204.3206686,195.67066559999998,4.325095201024996,1.4912528238429497,1.0,0.0,190.169998,209.360001,199.7649995,9.684510625775657,0.9588330444763346,1.1969530557301251,3.376674605642563,2.246890258569235,1.1297843470733282,199.5408326666667,196.82307619230767,201.25312733419622,197.87645272855366,15.519262802237451,29.39076565743432,13.754763931090066,1.120182324514271,0.7994770969847711,0.3207052275294999,0.15979858232282124,25.007465405734642,216.9427263619068,-3.341501249999965,36.309536266475895,34.52003869127013,1.7894975752057647,201.2099995,199.205002,200.20750075,187.934998,188.60749825,183.0049975,100.0,8.0,92.0,197.719427452,,0.0,0.0,85.95794804350615,67.92419722011569,0.9442404071303563,0.9316761509131357,0.849535166483162,22.52665133697355,65.93851841766117,95.27515606756504,93.40236431841275,-4.724843932434973,7.305854823529415,198.3591373544551,6.201949214328381,-4.657554277310649,-7.655865619201954,2.9983113418913048,0.797413984123474,0.7942514400673062,49.79172616375589
657,2021-01-12,209.330002,211.710007,207.149994,208.350006,206.296768,317600,18441778.818059757,38598900,0.16307213527495146,484874.2521187907,71.03467435280454,2907.441172865063,1321.6043152631034,2267.752698391258,812.4062389903302,200.42837445307526,4.446782103714192,198.9224999,208.80978029705233,189.03521950294765,9.940836659525951,0.9767492030877677,0.0,0.0,201.2250006,205.6720022,196.777999,4.419929518439775,1.3011021853466385,1.0,0.0,192.580002,211.710007,202.1450045,9.61681308530548,0.8243596381705083,1.1969187025276575,3.69268333184138,2.536048873223664,1.1566344586177157,200.66916666666665,197.51884584615388,202.34495482124294,198.65227148940156,17.39830231957954,31.038402210460585,12.731347297776397,1.2043741125194658,0.7415258789415524,0.4628482335779134,0.1795382461903817,25.21036473507621,186.3677677810122,-2.362501899999984,38.39614991104813,34.59155534291358,3.804594568134547,202.8100055,200.735001,201.77250325,189.110001,188.45999925,183.0049975,96.0,4.0,92.0,199.58191921968,,0.0,0.0,92.97897402175309,67.43512171024872,0.9174540979767473,0.9041608502387182,0.9286998943405126,24.54616349890173,59.888957335069165,82.14665477294174,88.32515450472043,-17.85334522705826,9.560061235294114,199.64817100109863,6.950366068994056,-4.3158219588843485,-6.987856887138434,2.672034928254085,-0.10548065043695098,-0.10553632042578087,49.63372487669761
658,2021-01-13,206.800003,206.800003,202.330002,202.919998,201.403595,290800,18227744.275964573,38308100,0.194505341794737,190028.45518753427,62.80321553100539,-7478.179479022668,723.0006826903997,-7913.8223889704295,791.2333460221034,201.0717630691336,4.604104293342773,199.4349999,209.03108925243592,189.8389105475641,9.623275109431692,0.6815842877242143,0.0,0.0,202.10666763333333,206.57566933333334,197.63766593333332,4.422418866563843,0.590996873716412,0.0,0.0,192.639999,211.710007,202.175003,9.562016701964057,0.5390663181682988,1.368298822383042,3.465023623514668,2.7218438232818647,0.7431798002328032,201.19916666666666,197.9088458076923,202.4334230025902,198.96839937907552,17.50066955225517,28.069169257386772,19.172820593876004,1.0604082733210956,0.8051369324202088,0.25527134090088677,0.19331176358060062,25.409081259303235,81.56342249808759,-3.5249959000000217,39.059614050742,34.78000018211935,4.279613868622647,202.8100055,200.735001,201.77250325,189.110001,188.45999925,183.0049975,92.0,12.0,80.0,201.7649750201376,,0.0,0.0,96.48948701087654,56.602208227249676,0.3241433233913597,0.7286126094994878,0.8548165368837806,22.670266433791607,57.024031638619185,53.294339726104276,76.90538352220369,-46.705660273895724,10.190207232352975,199.8036577141914,3.235653268576033,-4.674056619497658,-6.525096833610279,1.8510402141126212,-2.606195269320033,-2.640758382377051,45.73397781765376
659,2021-01-14,199.889999,202.190002,198.75,199.279999,197.790802,400600,17950584.668964345,37907500,0.12848897226201722,-45430.409753541375,60.61736628404228,-3516.4286944590617,550.4100768865172,-14764.818276516005,791.2333460221034,201.33119987217245,4.560693664008495,199.57900015,209.0745011618017,190.08349913819833,9.515531197836475,0.4842556411911078,0.0,0.0,202.45866753333334,207.11466873333333,197.80266633333332,4.599458503532262,0.15864822657978284,0.0,0.0,192.639999,211.710007,202.175003,9.555117515203165,0.34819072965255254,1.742383608656117,2.956800015868197,2.7688350617991313,0.18796495406906555,201.47999958333332,198.2303843076923,201.94828084834555,198.99148083247735,16.62133198101386,26.19951253111771,23.61420852568581,1.015034631451827,0.8598274125133054,0.15520721893852163,0.19845743020905693,25.41992019578572,11.560951261015223,-4.349004150000013,38.77255417679507,34.813767805219086,3.9587863715759823,202.8100055,200.735001,201.77250325,189.110001,188.45999925,183.0049975,88.0,8.0,80.0,,211.710007,0.0,1.0,95.31697831047256,50.720200764214944,0.0019900624531015124,0.41452916127373624,0.6824342070039807,19.03644964107218,55.73713409712771,33.95322679990367,56.464740432983234,-66.04677320009633,9.01500046470585,199.79688197322048,1.720175045272327,-2.168781133992792,-5.653833693686782,3.4850525596939903,-1.7938098934930924,-1.810093690652792,43.11978730537967
660,2021-01-15,197.970001,198.020004,192.990005,194.039993,192.589966,488800,17665853.9478648,37418700,0.08038715728477457,-404842.48447446356,56.103100236663316,-5109.232289280587,404.9171720790342,-20038.84740349011,791.2333460221034,200.8353746412735,4.733623697607646,199.51149985,209.14336821588503,189.87963148411498,9.655451814182756,0.21596856174968881,0.0,0.0,202.13966776666666,206.95066926666664,197.32866626666666,4.760076587791182,-0.34178676380236594,0.0,1.0,192.639999,211.710007,202.175003,9.5583502777221,0.07341339342909665,2.5358864946582087,2.1069172233717666,2.6364514941136585,-0.529534270741892,201.38083266666663,198.22884549999998,200.7316211793693,198.62470395599755,16.309946830883558,23.641480094042176,30.24956801321979,0.9521583458486197,0.8919810753255523,0.06017727052306743,0.19199187721964994,25.489154579379353,-74.63012217415213,-2.8814948499999957,36.81290494644989,35.003134850827436,1.8097700956224543,202.350006,200.9400025,201.64500425,192.08000199999998,189.94499975000002,183.0049975,84.0,4.0,80.0,,211.45080686,0.0,0.0,85.89343646818142,43.682722067507825,0.0,0.10871112861482048,0.41728429979601483,13.326086425422783,45.58113594839279,5.608909657167844,30.952158727725266,-94.39109034283216,6.711765808823543,199.6619642009164,-0.6095390177644577,1.8056599520680092,-4.161934964535824,5.967594916603833,-2.629469101914239,-2.6646578633880758,39.35649671945933
661,2021-01-19,195.160004,196.880005,193.259995,193.429993,191.984528,630400,17094661.927511264,36788300,-0.02462419300821793,-401942.7009781129,47.874199167771174,-249.7970558446971,-59.35036127766783,-14834.62199485502,791.2333460221034,200.12957952402837,4.622262327846882,199.28899925000002,209.26093247149421,189.31706602850582,10.007509956919208,0.20622515615271506,0.0,0.0,201.97833406666666,206.62333676666668,197.33333136666667,4.599505903902384,-0.42016534959889995,0.0,1.0,192.639999,211.710007,202.175003,9.569021908769509,0.041425992060412725,3.1730409945939884,1.3683832153090805,2.382837838352743,-1.0144546230436626,201.11416499999999,198.18922957692308,199.60829376715867,198.2399105518496,16.020803477191134,22.29246985259766,28.523492620021823,0.9167035617728796,0.9442694458108604,-0.02756588403798077,0.17709744007706937,25.50925721044653,-78.51651116141666,-0.08900225000002138,34.42965068166715,35.47685818495243,-1.0472075032852786,202.350006,200.9400025,201.64500425,194.165001,190.98749925,183.0049975,80.0,8.0,72.0,,210.7123747856,0.0,0.0,69.56049341937864,42.935862320758616,0.0,0.0006633541510339115,0.1746345480131969,8.703203430428525,37.28550149660267,2.350362996756089,13.97083315127587,-97.64963700324391,4.160795317647057,199.59950106127968,-1.627428123190057,7.646016757593074,-1.8003446201100446,9.446361377703118,-0.3143681828518763,-0.3148633576775417,38.91840423303634
662,2021-01-20,194.720001,199.479996,194.529999,198.279999,196.798279,847200,17531099.069109533,37635500,-0.012105973923544552,242466.9824759041,57.25873097899281,1130.575049575952,364.06522595514286,19260.663299434975,791.2333460221034,199.87646806006364,4.765036395062195,199.27549905,209.25212755675201,189.298870543248,10.012900285597862,0.4501083933652402,0.0,0.0,202.16233423333333,206.94833583333335,197.37633263333333,4.7348103870586105,0.09440723616417812,0.0,0.0,192.639999,211.710007,202.175003,9.569670175667289,0.29575236675307187,3.4069156727178473,1.161060659529909,2.1384824025881763,-0.9774217430582675,201.03749849999997,198.43576819230768,199.40394072605733,198.24288006652742,15.111515886479795,24.218743956930673,25.866952644783446,0.9575485636421434,0.8688546359588252,0.08869392768331819,0.16173265559385847,25.567494152415875,-29.560329432370438,-3.9655010500000003,34.23476389954144,36.04075004969078,-1.8059861501493373,202.350006,200.9400025,201.64500425,194.165001,190.98749925,183.0049975,76.0,4.0,72.0,,210.003479994176,0.0,0.0,41.2155016506317,50.222974058502786,0.2802043760356149,0.09340145867853837,0.06759198048146425,7.233929762263413,40.96242634357985,28.258511938193216,12.072594864039054,-71.74148806180678,1.5147653500000047,199.58045825290415,-0.46184639249768294,15.435745969824472,1.6468734978768587,13.788872471947613,2.5073701987881503,2.4764514383796232,42.40160290140756
663,2021-01-21,197.979996,199.759995,193.529999,195.529999,194.068832,408900,17384735.35324198,37226600,-0.08187563359372527,47189.556407917815,51.70850335903089,-548.4963744186815,254.03141078168437,15571.293432509523,780.2595124910633,199.7416661917728,4.911532355555975,199.1354989,209.23904666226326,189.0319511377367,10.147409997789476,0.321572580996424,0.0,0.0,201.72433376666666,206.46933496666665,196.97933256666667,4.7044410670737475,-0.15272214964525926,0.0,1.0,192.889999,211.710007,202.300003,9.45085537433527,0.14027624217800622,3.785807175677812,0.7660237778279679,1.8639906776361348,-1.0979668998081669,201.05583191666668,198.53576842307692,198.80794969127928,198.0419259134513,14.4885003799612,21.951516735752286,24.94807156608443,0.9163795501850727,0.8792461761503434,0.03713337403472927,0.14367025961202548,25.698033935502117,-48.48331718592201,-4.2055058999999915,30.921940820712546,35.93638469447895,-5.014443873766407,202.350006,202.1450045,202.24750525000002,194.165001,190.98749925,183.0049975,72.0,92.0,-20.0,,209.32294099440895,0.0,0.0,20.60775082531585,46.59001796424186,0.14050977106825716,0.14023804903462408,0.07810095395473211,4.796275299003408,37.21954851054177,13.56834256748481,14.725739167478045,-86.4316574325152,-0.06541208823529132,199.43337941175795,0.11264195497047536,13.180353734089584,3.9535695451194037,9.22678418897018,-1.386927584158404,-1.3966352885121047,40.42659579048422
664,2021-01-22,195.119995,197.660004,193.710007,196.539993,195.071289,401400,17558503.577622913,37628000,-0.038010021780585976,98364.1328639299,45.848302912247306,-944.6844905395008,84.12553633423285,-3597.7484684998767,784.2898783177359,199.55901910997372,4.815378820000378,199.1429986,209.23860302160557,189.04739417839443,10.139050323213896,0.3710822308751864,0.0,0.0,200.68433336666664,205.17933456666665,196.18933216666665,4.479673250614208,0.03900564401777737,0.0,0.0,192.889999,211.710007,202.300003,9.450499456323845,0.1939422129894961,4.087619340130039,0.528361653670288,1.5968648728429655,-1.0685032191726775,201.18999858333333,198.6846143846154,198.4590332772363,197.930671623566,13.909985981051078,20.63267509181792,23.44919765621838,0.9160967503187137,0.9380974631360535,-0.02200071281733973,0.12531976063681924,25.75999683455209,-52.56065572692097,3.0369943999999975,26.79913100002761,35.08180508371774,-8.282674083690129,202.350006,202.175003,202.2625045,194.165001,190.22999950000002,183.0049975,68.0,88.0,-20.0,,208.6696235546326,0.0,0.0,10.303875412657925,48.07561115245343,0.1976338728148356,0.2061160066395693,0.14658517145091057,3.355299639256352,40.031538954141126,18.963609085084578,20.26348786358754,-81.03639091491543,-1.115646673529426,199.12175117846118,0.8259375456910901,11.132096984030387,5.389275032901601,5.742821951128786,0.5165417097966696,0.5152122094241207,41.15195772938964
665,2021-01-25,195.600006,197.649994,192.800003,194.130005,192.679291,480200,17341671.88506926,37147800,-0.04100050487359399,-81013.06291663137,44.81281494388508,-464.6042919485522,179.8007938314495,-3814.849662852243,784.2898783177359,199.37635766303424,4.818840038000339,199.10899895000003,209.26713100562665,188.9508668943734,10.20358909862986,0.2549257125850153,0.0,0.0,199.5026668,204.00366780000002,195.0016658,4.512221387508793,-0.09682966077990211,0.0,1.0,192.800003,211.710007,202.25500499999998,9.497312577393169,0.07033324794643134,4.4564556312947055,0.1438881643311447,1.3062695311406016,-1.162381366809457,200.51916625,198.5973071153846,197.79302892689228,197.64914076256113,13.591496799718401,19.114182435207823,23.10431020029613,0.931536258794263,0.9344237333069231,-0.0028874745126600265,0.10493770127216762,25.87221466304021,-69.76430692066309,9.131006049999968,21.52611448772463,33.4392026638565,-11.913088176131868,202.25500499999998,202.175003,202.215004,199.2200015,193.239998,183.0049975,64.0,84.0,-20.0,,208.0424388124473,0.0,0.0,5.151937706328963,44.86859803057511,0.07431764780081843,0.13748709722797048,0.1612803843007213,1.1332729515125135,41.656665883693634,7.033324794643134,13.18842548240418,-92.96667520535686,-1.3134125647058852,198.53977698835212,-3.9815947565098515,10.805563756214186,6.472532777564119,4.333030978650067,-1.226207431481896,-1.2337873824899148,39.42114193402968
666,2021-01-26,195.479996,196.009995,191.279999,193.429993,191.984528,225200,17321198.759595156,36922600,-0.06412308472267289,-91960.15427139882,45.03266985128024,-3318.5616229991,5.800497566009524,-6700.295159276266,781.4618130410623,199.31767628582764,4.809955634200305,198.9524987,209.35636423613397,188.54863316386604,10.45864274549467,0.23459356616924557,0.0,0.0,198.0806662,202.66366639999998,193.497666,4.627407901963111,-0.0073830457175207646,0.0,1.0,191.279999,211.710007,201.495003,10.268786837810138,0.10523706109170362,4.826545201823347,-0.21481866822040274,1.0020518912684009,-1.2168705594888036,199.28499858333336,198.52192226923077,197.12179263044732,197.33661129866772,13.655149496667878,17.742725970523736,23.752298761855606,0.9088320463686039,0.9373729271344478,-0.028540880765843823,0.08318558127996686,25.981062837810864,-88.02999330734363,7.967499299999986,16.33454684365794,30.987913434146474,-14.653366590488535,199.04000100000002,201.495003,200.267502,199.2200015,193.417496,183.0049975,60.0,80.0,-20.0,,207.12789266370046,0.0,0.0,2.5759688531644813,43.951481068582,0.03905262163744717,0.10366804741770048,0.14909038376174677,-0.9285298922990338,44.37675217293728,10.523706109170362,12.17354666296603,-89.47629389082964,-1.6394424882353178,197.70608187812778,-7.111991761621404,5.7578449668585385,6.329595215423003,-0.5717502485644648,-0.36058928654538747,-0.3612409768017244,38.91840423303634
667,2021-01-27,190.800003,192.360001,186.259995,188.330002,186.922653,421900,17185638.13476954,36500700,-0.06590482420753194,-386206.73264691257,37.05650098439461,-6267.7221877207885,-806.1652839934069,-11935.896945434535,781.4618130410623,198.45727629487726,5.045959870780274,198.57349860000002,209.90407608833456,187.24292111166548,11.411973468985897,0.04797111574647172,0.0,0.0,196.07199923333332,200.80899873333334,191.33499973333332,4.8318979951469725,-0.31718366587681773,0.0,1.0,186.259995,211.710007,198.985001,12.816419199656476,0.08133618954678705,5.479237520764487,-0.900245597789592,0.6215923934568024,-1.5218379912463944,197.73583225000002,198.15461446153844,195.76920945653237,196.66945505432196,14.722256585695321,15.882414094456848,28.602806732494702,0.8131002127876725,1.0701730216783276,-0.2570728088906551,0.05624608004139043,26.100652227516846,-146.06399877556174,9.996508399999982,9.035095858795316,27.65185585726351,-18.616759998468194,194.2249985,198.985001,196.60499975,198.985001,193.6749995,183.0049975,56.00000000000001,100.0,-43.99999999999999,,205.86006117060444,0.0,0.0,1.2879844265822407,37.87703344773202,0.0,0.03779008981275527,0.09298174481947542,-4.763448289263309,43.283770910064185,8.133618954678704,8.563549952830739,-91.86638104532129,-3.11461891764705,195.85503278328912,-8.98414661689683,5.394850994743397,6.142646371287083,-0.747795376543686,-2.6366081706883926,-2.671989989889134,35.255670236438164
668,2021-01-28,191.050003,193.039993,188.619995,188.779999,187.369278,378800,16834263.267179105,36879500,-0.10942980233510703,-306683.07604021096,36.71029144384873,1773.5953748701152,-1351.9355028644043,-10218.742550997054,783.329043263271,197.40866221187179,5.012362983702247,198.25099875,210.28896728966453,186.2130302103355,12.14416937676539,0.10661968342941243,0.0,0.0,194.6849987,199.4169979,189.9529995,4.861185229059977,-0.12394343811385254,0.0,1.0,186.259995,211.710007,198.985001,12.83726798879493,0.0990177922116501,6.0376131521966405,-1.3911045927764292,0.21905299621015606,-1.6101575889865853,196.08666491666668,197.77884507692306,194.69394630937353,196.08505090214996,15.497226488184504,15.78262083543345,26.627724447700057,0.7586203251716246,1.1353979961263327,-0.37677767095470815,0.027336133037379924,26.06309235602146,-119.85932684941335,10.09900725,1.901733608552232,23.55509801634764,-21.653364407795408,193.009995,198.985001,195.997498,198.985001,193.84749625,183.0049975,52.0,96.0,-44.0,,203.900054553544,0.0,0.0,0.6439922132911203,38.682307988770184,0.026800351179178297,0.02195099093887523,0.054469709389777,-7.563482383650403,40.8472745443445,9.90177922116501,9.51970142833803,-90.098220778835,-4.2223252382353,194.81886683960346,-9.488424670762944,4.219280469251585,5.757973190879984,-1.538692721628399,0.2389406866782684,0.2386556773314119,35.5788510636724
669,2021-01-29,188.009995,188.729996,185.229996,186.190002,184.79863,549800,16586069.723636245,36329700,-0.1389387962565966,-466296.97240589594,30.88389345182283,-2450.889959985449,-1679.9111741036743,-6637.960578762466,783.329043263271,196.07905422173044,4.866126985332023,197.7289986,210.85876456549795,184.59923263450207,13.280566895561002,0.060578740309541794,0.0,0.0,193.34933180000002,198.08733080000002,188.6113328,4.900972716989759,-0.25552251066325893,0.0,1.0,185.229996,211.710007,198.4700015,13.392072577866173,0.036253987960956406,6.681929060629717,-1.966437131951011,-0.21804502942207735,-1.7483921025289337,194.23999791666668,197.311922,193.38564718485452,195.35208431680553,16.812588023120945,14.9449665483837,30.282704650913246,0.6771232968664466,1.2029797078636215,-0.525856410997175,-0.004272242457624555,26.035496132495094,-150.2825275947474,5.190999399999981,-6.770167877691795,18.712534369220787,-25.48270224691258,192.49499550000002,198.4700015,195.48249850000002,198.4700015,194.52999875,183.0049975,48.0,100.0,-52.0,,202.1360485981896,0.0,0.0,0.32199610664556017,35.80546949456013,0.0,0.008933450393059506,0.022891510381563344,-10.83444529818596,35.48261248491069,3.6253987960956406,7.220265657313122,-96.37460120390436,-5.766121211764641,193.63057075608404,-10.635950737625615,6.498241479082637,5.906026848520514,0.5922146305621228,-1.3719657875408742,-1.3814642149950096,33.71875561193782
670,2021-02-01,187.910004,191.509995,186.630005,189.419998,188.004486,306500,16630034.72643338,36636200,-0.16353988371659697,-258255.43720505372,30.31705522338271,3327.634133755308,-1514.9536225109034,-2225.95224725584,796.9181170548068,195.11354321247757,4.911513586798821,197.23999865000002,210.83446081074578,183.64553648925425,13.784690989446794,0.21238286011121468,0.0,0.0,192.76633166666664,197.48932976666669,188.04333356666666,4.900231341401532,0.1457405237293371,0.0,0.0,185.229996,211.710007,198.4700015,13.425274377023522,0.1582326381964114,7.109470470207841,-2.1371232052991616,-0.6018606645974942,-1.5352625407016673,193.11499791666665,197.0438450384615,192.77554731026152,194.91267051556068,17.172623534233978,17.888673266940426,27.893487955540504,0.678882151438753,1.159505996539988,-0.4806238451012351,-0.03314162928597829,26.033943216570524,-105.00462262463053,2.0400003499999855,-12.146328622167957,13.537425557683552,-25.68375417985151,192.49499550000002,198.4700015,195.48249850000002,198.4700015,194.52999875,183.0049975,44.0,96.0,-52.0,,200.10732228640686,0.0,0.0,0.16099805332278008,41.63511496599323,0.18430950273116017,0.07036995130344624,0.03375146421179367,-11.847630847078278,37.858263481850024,15.823263819641141,9.783480612300602,-84.17673618035887,-6.88344429411768,193.49125704120783,-6.652868190940945,3.5973462773776816,5.444290734291949,-1.846944456914267,1.7347848785135067,1.7199092789731196,36.038488364030144
671,2021-02-02,191.440002,195.369995,190.339996,193.800003,192.351761,532500,16830120.847225852,37168700,-0.1170182361857121,111831.43418138337,32.37265768077201,3575.309592489084,-1467.2487353949018,17630.243554271303,796.9181170548068,194.2542772620724,5.0153619281189386,197.16449889999998,210.81764264433784,183.51135515566213,13.849495036388475,0.3767867692964383,0.0,0.0,192.63099836666666,197.49499536666667,187.76700136666665,5.050066750670686,0.6201691359321707,0.0,0.0,185.229996,211.710007,198.4700015,13.430415286592954,0.3236406132912863,7.210172907479624,-1.8970948216796444,-0.8609074960139242,-1.0361873256657201,192.65833158333336,197.00499907692307,192.93315587791358,194.83025069959322,16.474014771918533,21.966118552244545,25.47285535098248,0.7000410177825303,1.1229861805068064,-0.4229451627242762,-0.05455877413220244,26.04172930885808,-51.382111335911986,-3.124505899999974,-15.587153589170674,8.001656947826651,-23.588810536997325,192.49499550000002,198.4700015,195.48249850000002,198.4700015,194.52999875,183.0049975,40.0,92.0,-52.0,,198.32204313203803,0.0,0.0,0.08049902666139004,48.46903229046242,0.6089206081142403,0.26441003694846693,0.11457114621499091,-10.514181913114028,40.03141179805675,39.73112757914266,19.726596731626483,-60.26887242085734,-7.072326814705889,193.49288557150047,-2.749897645272469,5.565642331691644,5.468561053771888,0.09708127791975674,2.312324488568529,2.2859953697134117,39.184139644350054
672,2021-02-03,193.720001,195.539993,192.830002,194.789993,193.334366,480300,17044571.255843446,37649000,-0.07272893469677588,163782.97172690043,38.85617600033451,750.425452838231,-879.4912402619806,14766.647972006358,800.989019812755,193.83072618693626,4.784824835307044,197.1574989,210.81536075440283,183.49963704559718,13.85477289030757,0.41332809171602525,0.0,0.0,192.32666483333333,196.96666123333335,187.68666843333335,4.825120223470765,0.7654450514947226,0.0,0.0,185.229996,211.710007,198.4700015,13.430892128242549,0.36102692706585404,7.198960965679625,-1.6084455203061907,-1.0104151008723776,-0.5980304194338131,192.72083158333336,196.93692196153845,193.21882312746533,194.82726864777152,15.7823718605205,21.325399986843568,24.43284909370806,0.8034631709300605,1.0779224714681641,-0.27445930053810363,-0.06899022777241547,25.989482368427424,-35.19892729945243,-3.7275059000000113,-20.181052332687646,2.323546597448851,-22.504598930136495,191.445,198.4700015,194.95750075,198.4700015,195.13249975000002,183.0049975,36.0,88.0,-52.0,,196.75099747619348,0.0,0.0,0.04024951333069502,49.897013794014555,0.9448071202010038,0.5793457436821349,0.3047085773113493,-8.997799473516459,43.7098381660053,56.3678868981533,37.30742609897904,-43.6321131018467,-6.0979150470588195,193.52345850318943,0.3865182576047609,6.017301797285715,5.578309202474653,0.43899259481106156,0.5108307454463779,0.5095304315825722,39.895135022438424
673,2021-02-04,195.949997,202.710007,188.039993,189.619995,188.203003,729900,16471895.844695233,36919100,-0.17600079225773937,-398697.67283408757,37.073969093590456,2391.7459014981305,-457.47876912218106,-16919.043592067577,800.989019812755,193.42766073651273,5.773343751776338,196.529499,210.35980480095571,182.69919319904426,14.074534226493629,0.25020422182123675,0.0,0.0,192.04499823333333,197.52899643333336,186.56100003333333,5.7111596245136225,0.27890189375578667,0.0,0.0,185.229996,211.710007,198.4700015,13.47380985284046,0.16578539185652116,7.19517078162903,-1.7763874121611138,-1.1636095631301249,-0.612777849030989,192.40333175,196.69499853846156,192.6651572617014,194.44154467386252,15.716150820125419,26.622029726489238,19.73549141398803,0.819799377378243,0.9291980345758005,-0.10939865719755748,-0.08311557821444798,26.253972608275316,-42.92727112450138,1.7505000000000166,-25.45611598468157,-3.4825919564077252,-21.973524028273847,193.9700015,198.4700015,196.2200015,198.4700015,195.1224975,183.0049975,32.0,84.0,-52.0,185.229996,,1.0,0.0,0.02012475666534751,43.169219137333535,0.5107506371934654,0.6881594551695699,0.5106384119333905,-9.82675577828209,35.671134006796635,25.114394950895576,40.404469809397185,-74.88560504910443,-5.177002111764693,193.36539027027112,-1.969703840086479,10.566092973933774,6.575865956766477,3.990227017167297,-2.6541394249138928,-2.689997613108197,36.182123090271354
674,2021-02-05,190.559998,195.169998,190.559998,192.350006,190.912598,1101700,16225749.776842741,38020800,-0.2229764380020678,87923.86881364213,34.07941913208845,-1050.2958355269095,-167.55473671120404,-3511.0870354694034,800.989019812755,193.2160826626549,5.751009676598704,195.73499905,208.57317960870665,182.89681849129335,13.117920270791403,0.3681669480141272,0.0,0.0,191.7173315,197.26733000000002,186.167333,5.78977232426167,0.5569977181074908,0.0,0.0,185.229996,211.710007,198.4700015,13.528500844775204,0.2688824411742129,6.995912704016538,-1.669943430997165,-1.264876336703533,-0.4050670942936321,191.9091656666667,196.5842296923077,192.6166724522089,194.28661588320605,15.65465985404427,24.688207902849225,18.301907108481238,0.9084238988515843,0.9752087981096578,-0.06678489925807352,-0.09357457699161797,26.496382983531845,-48.78894056632613,-0.20500004999999533,-29.22021193729256,-9.121072670298524,-20.099139266994037,193.9700015,198.4700015,196.2200015,198.4700015,195.1224975,183.0049975,28.000000000000004,80.0,-52.0,185.57959622,,0.0,0.0,0.010062378332673755,47.216428321120105,0.7914655948920677,0.7490077840955124,0.672170994315739,-9.198821960859268,37.81342858673948,40.73229702200995,40.73819295701961,-59.267702977990055,-3.9258839323529457,193.34085848255566,-2.9907166783877157,18.911004961945753,9.042893757802332,9.868111204143421,1.4397273873992145,1.4294617270155463,38.14277441314371
675,2021-02-08,193.25,199.389999,191.690002,198.429993,196.947174,870100,16878888.336312313,38890900,-0.1490652573840436,831105.7002259775,44.40388603692469,2367.25792724887,19.377762081193623,43364.44789644509,826.3074636687136,193.47934105587163,5.945908408938833,195.3104988,207.16502689624917,183.45597070375084,12.139161150152331,0.631573951095827,0.0,0.0,191.88166456666667,197.71666366666665,186.04666546666667,6.081872505304122,1.0611250594137496,1.0,0.0,185.229996,211.710007,198.4700015,13.557904548242334,0.4984891056125317,6.7215358537993115,-1.0825032471109353,-1.2284017187850134,0.1458984716740781,192.1508318333333,196.65346,193.51102945956134,194.59353270667228,16.336759059830033,27.636843766430335,16.510041331375152,0.9232620483264542,0.9119558017641813,0.01130624656227286,-0.09491504052006892,26.724463855120256,13.001738929597071,1.2294942000000049,-28.633976120755005,-14.117575221899962,-14.516400898855043,193.9700015,198.4700015,196.2200015,198.4700015,195.1224975,183.0049975,24.0,76.0,-52.0,185.9222044356,,0.0,0.0,50.00503118916634,54.91676989707787,1.0,0.7674054106951779,0.7348575499867533,-5.971402157090407,46.50981720320151,75.51480945864395,47.120500477183164,-24.485190541356047,-2.582472038235295,193.45071524648782,1.483145304982072,21.049552856791408,11.444225577600147,9.605327279191261,3.160897743876334,3.1119697428795057,42.50932625289694
676,2021-02-09,198.539993,199.490005,195.970001,197.559998,196.083649,433000,16837063.290090777,38457900,-0.1704763625435354,658560.9094794099,41.19451514845263,1780.3273810646697,65.78864290181629,25604.529258234328,822.6846073102272,193.27019412961394,5.70331796804495,194.75999835,205.0150834882106,184.5049132117894,10.53099735581365,0.6365176208809411,0.0,0.0,192.29166513333334,198.00566503333334,186.57766523333333,5.943055197985797,0.9610021840100719,0.0,0.0,185.229996,211.710007,198.4700015,13.596226753100089,0.4656343231881592,6.591978069308008,-0.6793231799964872,-1.118586011027308,0.43926283103082087,192.23583225000002,196.5903831153846,194.1339476965519,194.8132708765484,16.986657814339672,26.496646906594172,15.75085138816569,0.971839836042119,0.9538518504119047,0.01798798563021431,-0.09075089545485109,26.731844583095153,46.680213206159905,-0.6299933499999781,-28.489584458677086,-18.286984146063563,-10.202600312613523,193.9700015,198.4700015,196.2200015,198.4700015,195.14749899999998,183.0049975,20.0,72.0,-52.0,186.257960486888,,0.0,0.0,75.00251559458317,53.70934572087269,0.9368214537590486,0.9094290162170388,0.8086140703359096,-3.8357702233556306,46.54335078306838,70.5377244899904,62.2616103235481,-29.462275510009608,-1.611735361764687,193.53502827651485,0.5189808875183981,16.73387317441523,12.502155096963163,4.231718077452067,-0.4384392635643497,-0.43940322713185154,41.884509412363215
677,2021-02-10,198.899994,200.25,198.210007,199.360001,197.870224,359800,16882919.42832263,38817700,-0.15079217916163265,657000.9337537802,46.54388274572291,850.4698499156509,165.71480178284006,1379.7574519998193,830.1802277607409,193.39836562755292,5.401986371240454,194.3104981,202.77530244407896,185.84569375592102,8.71265775843222,0.798264596247407,0.0,0.0,193.32066546666667,198.62866406666666,188.01266686666668,5.491392849478085,1.0688900834801798,1.0,0.0,185.229996,206.800003,196.0149995,11.100793426456667,0.6550765143469823,6.376685649276469,-0.21210980342539187,-0.9372907695069249,0.725180966081533,192.67166525000002,196.74615246153846,194.9379558970824,195.15006570050778,17.7215984617056,26.560675303103977,15.176512275611648,1.0041521616128155,0.9370700992943074,0.0670820623185081,-0.08109682951026977,26.634663038856495,101.28351190217849,-0.8805050999999935,-26.581839768662707,-21.45182563242078,-5.130014136241929,193.9700015,198.4700015,196.2200015,198.4700015,195.14749899999998,183.0049975,16.0,68.0,-52.0,186.58700141715025,,0.0,0.0,87.5012577972916,55.87116079969857,1.0,0.9789404845863495,0.8852583038328553,-1.4090036761853444,46.841538802740104,80.83521800987435,75.62925065283623,-19.16478199012564,-0.7103813382352655,194.05679386230673,2.6940688534984583,12.080429173550227,12.417809912280577,-0.33738073873034935,0.9111171381971817,0.9069915066222123,43.17724349406624
678,2021-02-11,199.940002,200.229996,196.800003,198.0,196.520386,484800,16737337.931450767,38332900,-0.14151487347972838,468953.87396038236,45.97195479313976,-505.8701969826679,197.0586798940424,-29.026065923752867,830.1802277607409,193.5839752012645,5.204787034116409,194.0644982,201.76570823016667,186.36328816983334,7.936753091469528,0.7555119120621379,0.0,0.0,194.14033253333335,199.3493306333333,188.93133443333335,5.366219406372556,0.8704807904102229,0.0,0.0,185.229996,202.710007,193.9700015,9.00732033016433,0.730548968190009,6.190239494003217,0.04786766030892409,-0.7402590835437551,0.7881267438526792,193.05249916666665,196.86422965384617,195.40903960522354,195.36117194491462,17.976770861393625,25.294161408522044,16.413027560649862,0.9834094650823718,0.909470993543002,0.07393847153936983,-0.06935923442764991,26.378804480494978,95.63431579211628,-5.734496199999995,-23.82020042593855,-23.346273693337082,-0.4739267326014662,194.670006,198.4700015,196.57000375,198.4700015,195.20999899999998,183.0049975,12.0,64.0,-52.0,186.90946152880724,,0.0,0.0,93.7506288986458,53.82581601710464,0.8980675646061517,0.9449630061217335,0.9444441689750406,-0.04151658911469999,43.3509216248714,73.05489681900089,74.80927977295522,-26.9451031809991,-0.1309106882353035,194.31249214982424,2.3626155019299433,10.026891532969044,11.93962623641827,-1.9127347034492264,-0.6821834837370422,-0.6845209920604667,42.20051198647976
679,2021-02-12,197.320007,199.949997,197.149994,199.869995,198.376389,353300,17070448.87693904,38686200,-0.08394637722593402,496341.78246604145,51.75584590948165,27.735325499003416,232.22579542601065,29.487771347828584,838.0207978365563,193.76345379501265,4.964308630704768,194.093998,201.8789593920649,186.3090366079351,8.021846602453827,0.8709714608146535,0.0,0.0,195.3676656,200.50666399999997,190.2286672,5.260848446151461,0.938055147088586,0.0,0.0,185.229996,202.710007,193.9700015,9.005951332920656,0.8375280198622299,5.90722518287325,0.4001815973052487,-0.5121709473739544,0.9123525446792031,194.01416525000002,196.7753835769231,196.09534043518917,195.69515883788392,18.213716661103934,24.27649199300646,15.752676110577271,0.9998656375568394,0.9106039551551586,0.08926168240168086,-0.05472460766019768,26.02705130747517,114.60694453492587,-5.3139989999999955,-18.18893359223857,-24.017674245567154,5.828740653328584,195.375,198.4700015,196.92250074999998,198.4700015,197.090004,184.860001,8.0,60.0,-52.0,187.2254724382311,,0.0,0.0,96.8753144493229,56.20012691477182,1.0,0.9660225215353839,0.9633086707478222,1.8155621979092713,45.47052686034549,83.75280198622299,79.21430560503275,-16.247198013777012,0.9312359294117698,195.00795836735782,6.127538298438494,6.310431089272023,10.813787206989021,-4.503356117716998,0.9444419191919184,0.9400099495654679,43.543513230985596
680,2021-02-16,200.119995,202.880005,197.279999,197.289993,195.815674,450000,16622055.053789565,38236200,-0.09992617958348747,259578.5421137512,56.30464428965646,1904.0101288975743,605.2666348472018,-2472.0670519435225,838.0207978365563,194.0944560823404,5.027878367634292,194.25649800000002,202.16486650279128,186.34812949720876,8.142191982469758,0.691790190285728,0.0,0.0,196.3639989,201.5749989,191.1529989,5.307490201046215,0.5888499424294772,0.0,0.0,185.229996,202.880005,194.0550005,9.085929779296242,0.683285600590912,5.590221657807393,0.4658384357233558,-0.31656907075449237,0.7824075064778482,194.72333141666664,196.35422926923076,196.27913313746774,195.81329470174438,19.005723392457718,26.512970055549157,14.49646341022373,1.0217593088602432,0.8510015689930719,0.17075773986717135,-0.04123503331879647,25.787018816281705,106.07513501813665,-8.06649600000003,-13.753402250159308,-23.813924096788114,10.060521846628806,195.459999,198.4700015,196.96500025,198.4700015,199.8150025,187.58499949999998,4.0,56.00000000000001,-52.00000000000001,187.53516312946647,,0.0,0.0,98.43765722466145,52.211112680039705,0.8044088629417776,0.9008254758493098,0.9372703345021424,2.2157121959935737,49.01374231256331,68.3285600590912,75.04541962143837,-31.6714399409088,1.6817361264706108,195.13376637596704,4.507889630828956,4.766525559596337,9.604334877510484,-4.837809317914147,-1.2908400783218976,-1.2992438164077136,41.69059603236873
681,2021-02-17,196.809998,196.809998,192.669998,193.5,192.054001,533400,16302530.931470726,37702800,-0.07654400997618414,-66301.5733596425,55.38862482890803,-4144.660022497208,756.9139323631716,-16055.5355753554,838.0207978365563,194.39592006038774,4.987090030870865,194.25999835000002,202.1669623127316,186.35303438726842,8.140599227727312,0.45194120312283154,0.0,0.0,196.47966563333335,201.60166573333333,191.35766553333332,5.213771189491526,0.20913065451391524,0.0,0.0,185.229996,202.880005,194.0550005,9.085766060905565,0.46855522849875003,5.024898231804403,0.20963465458970632,-0.21132832568565263,0.42096298027535894,195.33249791666665,195.8380755,195.85157419324193,195.64193953865222,18.383078561843178,24.758783285539668,20.13935085968988,1.0491623371779546,0.8871188972390985,0.16204343993885606,-0.032791515528433554,25.61315785271435,-5.2724604866452776,-4.840000350000025,-12.585606765571782,-22.969985700441907,10.384378934870124,195.459999,198.4700015,196.96500025,198.4700015,200.00249875,187.729996,4.0,52.0,-48.0,188.14895680428782,,0.0,0.0,97.34297827029677,46.940304176987965,0.5459682137829339,0.783459025574904,0.8834356743198658,0.9385760669116564,45.83955121778191,46.855522849875,66.31229496506307,-53.144477150125,1.1563822147059,195.12549623158773,3.926095881345985,4.813380885606885,8.646144079129764,-3.8327631935228785,-1.9210264759855322,-1.9397179556276178,38.968682168605206
682,2021-02-18,193.059998,193.720001,190.949997,193.619995,192.173111,349000,16626330.899990626,38051800,-0.0918499740235426,-50847.31216540842,50.653837482132325,-1908.841504296851,493.88272670838836,-10030.33013246759,838.5404790026357,194.53393856889346,4.765381427783779,194.02699815,201.71808146430226,186.33591483569774,7.927848585645153,0.4735405837274478,0.0,0.0,196.31733246666667,201.44533386666666,191.18933106666665,5.22419629033081,0.23699914876518305,0.0,0.0,185.229996,202.880005,194.0550005,9.0966768379084,0.47535380860145643,4.417841763136092,0.016088448236104114,-0.1658449709013013,0.1819334191374054,195.68249766666668,195.26307503846152,195.50825431735853,195.49216586912243,17.365433451607256,23.74439968803685,21.858252549779372,0.9970371475002006,0.9413089911604826,0.05572815633971795,-0.027912863335003136,25.414992761168747,-36.83747786889364,-0.22699514999999337,-10.83314050035046,-21.345210646627336,10.512070146276876,196.72000150000002,198.4700015,197.59500150000002,198.4700015,200.20750075,187.934998,4.0,48.0,-44.0,188.7381987321163,,0.0,0.0,91.43603376610375,47.12231455509364,0.5548926283663971,0.6350899016970363,0.7731248010404167,-0.030936100550361147,43.16107579521021,47.535380860145644,54.23982125637062,-52.464619139854356,-0.1387951852941569,195.1129653396717,2.2172933398510524,1.8449551320843434,7.28590628972068,-5.440951157636337,0.06201291989662572,0.06199369983104219,39.05486070615984
683,2021-02-19,195.199997,197.940002,194.449997,196.75,195.279724,364500,16742260.637770372,38416300,-0.06551786290896539,119400.42135822194,56.74084276497127,3695.8631124835338,932.9365175990299,6108.826970214143,838.5404790026357,195.2103519236701,4.720843985005401,194.0879982,201.84486767338544,186.33112872661454,7.993146969749571,0.671589957078277,0.0,0.0,196.60966593333333,200.61966643333332,192.5996654333333,4.079148887175995,0.5174980111182882,0.0,0.0,185.229996,202.880005,194.0550005,9.093817837109318,0.6526911119422087,3.3863366237844366,0.11395334698204351,-0.10988530732463234,0.22383865430667585,195.92833075,194.81692096153844,195.699292114688,195.58533876770596,17.30013117569118,28.50480317679949,20.450987382506103,1.0823446232923701,0.8323793092614958,0.2499653140308743,-0.022457562466880524,25.234330457267937,48.429093673804445,0.7019948000000227,-6.12656291144653,-18.779249643755556,12.652686732309025,196.91500100000002,196.0149995,196.46500025,198.4700015,201.77250325,189.110001,84.0,44.0,40.0,189.30387098283165,,0.0,0.0,86.76948071392697,51.76979009338848,0.6958233308037302,0.5988947243176871,0.6724812171965424,0.4987891769499369,46.556043819615674,62.276892307692236,52.22259867257097,-37.723107692307764,-0.5933834205882249,195.2080292827435,1.5221862509465471,-0.3295409746519184,5.762816836846161,-6.092357811498079,1.6165711604320787,1.6036437829365369,41.30278148151461
684,2021-02-22,195.199997,197.990005,194.580002,197.300003,195.825607,360900,16957106.97048621,38777200,-0.06158317022371411,130699.80154990472,57.12861555151266,85.04126074037812,701.3227409551064,6901.2765059502435,840.8845693664115,195.52862050068438,4.58975988650486,194.12599870000003,201.93779664556527,186.31420075443478,8.04817283401334,0.7031545312690697,0.0,0.0,197.0026662,200.892667,193.11266539999997,3.9491859425403146,0.538218089826617,0.0,0.0,185.229996,202.880005,194.0550005,9.092037706539308,0.6838527391119175,2.3851580084557074,0.2332043947518514,-0.04126736690933559,0.274471761661187,196.13749825,194.6007673076923,195.9455553278129,195.71235093306106,17.24926017630009,27.101807429516985,19.389807542097987,1.072698460262822,0.8732431518264997,0.1994553084363223,-0.01625684535233258,25.10565165437982,52.7892069780222,-4.506003700000036,-1.376592988126004,-15.750651517907889,14.374058529781884,196.91500100000002,194.0550005,195.48500075,198.4700015,201.77250325,189.110001,80.0,40.0,40.0,189.8469163435184,,0.0,0.0,82.59123968914874,52.55884038027999,0.7205653975391986,0.6570937855697753,0.6303594705281662,1.1576277016765584,47.93615916867768,62.39893876096591,57.40373730960127,-37.60106123903409,-1.0044701882353024,195.2909422781202,1.2885723549463828,-2.153184485548113,4.179616572367307,-6.33280105791542,0.2795440914866498,0.2791540936327941,41.69778505825248
685,2021-02-23,197.910004,199.919998,194.940002,196.809998,195.339264,530200,16825088.76790131,38247000,-0.052628786540603406,74914.02261420432,57.17904644377911,1075.4579385164002,522.7619085284862,-307.90513586042084,840.8845693664115,195.81973413173174,4.628783497854373,194.25999835,202.15893060416755,186.36106609583243,8.13233019794017,0.6614141992833659,0.0,0.0,197.07466633333334,200.69266703333332,193.45666563333333,3.671705518841764,0.4634233993745055,0.0,0.0,185.229996,202.880005,194.0550005,9.085766060905566,0.6560904303221602,2.100853496653438,0.2848883849447077,0.02396378346147307,0.2609246014832346,196.73666516666665,194.50576726923074,196.0785465081494,195.7936581232047,17.58151606196656,27.981043024012127,17.926831659711915,1.0383888077504932,0.9128977979909789,0.12549100975951433,-0.010279942748906798,25.01438035085417,61.29690046516607,-1.9099923499999818,-0.1950140255448929,-12.606810358670979,12.411796333126086,196.91500100000002,194.0550005,195.48500075,198.4700015,201.77250325,189.110001,76.0,36.0,40.0,190.36823988977764,,0.0,0.0,77.19886065727977,51.74659464177749,0.6582331523591031,0.6915406269006773,0.6491763789293798,1.4822380326306,46.952514354631155,59.09702094580514,61.25761733815443,-40.90297905419486,-1.5603528529411506,195.3140820346504,3.791795796640549,-0.6159686191260302,3.2204995340686393,-3.8364681531946694,-0.2483552927264765,-0.24866420605800243,41.34587110938413
686,2021-02-24,196.320007,199.770004,196.029999,197.929993,196.450897,353800,16830763.087962378,38600800,-0.04931876587687052,120819.76666931743,56.478025651187764,496.8366195612021,504.64842043726986,696.6048984325189,845.6698268372618,196.01601696153637,4.5399056480689355,194.48499835,202.53152686395734,186.43846983604269,8.274703532121892,0.7140671374012019,0.0,0.0,197.09833273333334,200.73833353333333,193.45833193333334,3.6935886260639053,0.6142390225115694,0.0,0.0,185.229996,202.880005,194.0550005,9.0752547238819,0.7195462053305461,2.0293524381546773,0.4114792788571151,0.10146688254060149,0.3100123963165136,197.20166408333333,194.65538265384617,196.36338442997257,195.95190515111545,17.89003938437114,26.37176619813103,16.895803805364647,1.0177648915691038,0.9187675444045641,0.09899734716453967,-0.003571979589443037,24.957740739702515,68.87315641156846,3.944994649999984,1.0804043887692092,-9.533227674511878,10.613632063281086,196.91500100000002,194.0550005,195.48500075,198.4700015,201.64500425,192.08000199999998,72.0,32.0,40.0,190.86871049418653,,0.0,0.0,68.87153594430126,53.51489383807521,0.7939335368986477,0.7242440289323165,0.6909594804675897,2.237187358532939,44.480669198815285,66.6441509616029,62.713370222791326,-33.3558490383971,-0.9865875499999959,195.32990339923649,2.900954939403531,-2.486903369145815,2.0790189534257486,-4.565922322571564,0.5690742398158033,0.5674611293343901,42.150234050910875
687,2021-02-25,197.389999,198.929993,195.940002,197.110001,195.637024,262500,16773698.313352691,38338300,-0.04209997357297519,72810.10000227264,60.25616802546746,-529.6601047481997,295.97656284824626,925.8895479918558,842.1663533002929,196.34099363177614,4.384914183262042,194.9239983,202.52512118220142,187.32287541779857,7.799063171793581,0.6437947217718779,0.0,0.0,196.90366566666665,200.6386662666667,193.16866506666668,3.7937339433008797,0.5276218608014852,0.0,0.0,185.229996,202.880005,194.0550005,9.054815802021238,0.673087758765449,1.7005684191785881,0.44055848885847126,0.16928520380417544,0.2712732850542958,197.09166475000004,194.79692142307692,196.4782485176691,196.03769002881063,18.146635036023934,25.127540351511513,16.24066573766722,1.1022023585715544,1.0402614700214514,0.061940888550102935,0.00252559265688795,24.847228244964377,50.62377745417207,2.6359997000000135,2.2705943736327407,-6.6342504745595114,8.904844848192251,196.91500100000002,194.0550005,195.48500075,198.4700015,201.64500425,194.165001,68.0,28.000000000000004,40.0,191.34916227441906,,0.0,0.0,46.87598420572911,52.01206307345852,0.5477166291505461,0.6666277728027656,0.6941374762119198,2.48387379430729,51.937830627929294,53.16557855851869,59.63558348864225,-46.83442144148131,0.10561831176474357,195.3700106103934,-0.665217984460638,-5.68642631139933,0.5259299004607327,-6.2123562118600635,-0.4142838523719772,-0.4151443854456538,41.561328585128976
688,2021-02-26,197.600006,197.639999,194.539993,195.169998,193.711533,343000,16570112.053197064,37995300,-0.027095211199306656,-32651.48985519578,67.59685286167402,-1215.6013760959058,284.16902423617506,-4463.381803279138,842.1663533002929,196.97379094517473,4.256423364935836,195.24349825,202.30261334248328,188.1843831575167,7.231088518445245,0.4947939473264673,0.0,0.0,196.64766536666667,200.34966726666667,192.94566346666664,3.7651114678603568,0.3004232025560738,0.0,0.0,185.229996,202.880005,194.0550005,9.03999833961181,0.5631726306768448,1.6272754288611133,0.3035626620634275,0.19614069545602586,0.10742196660740166,196.89249808333332,194.67730600000002,196.27697920725845,195.97341654519502,17.913013320167032,23.87008849118733,17.68794421502438,1.0531702957060618,0.9466496432585646,0.1065206524474972,0.006009921853083824,24.663634599073895,9.812263153113433,4.1165027500000235,3.8674974168144693,-4.1835359179980625,8.051033334812532,196.91500100000002,194.0550005,195.48500075,198.4700015,201.64500425,194.165001,64.0,24.0,40.0,191.8103959834423,,0.0,0.0,23.437992102864555,48.53906692365804,0.1726558695499074,0.5047686785330338,0.631880160089372,1.767562515171896,53.011522206719725,35.37299388231752,51.72757446747971,-64.62700611768248,0.3594708323529687,195.36434119173498,-1.2097590727855823,-6.728863820620819,-0.9250288437555777,-5.803834976865241,-0.9842235250153597,-0.9890990216513629,40.16804868686983
689,2021-03-01,196.5,202.399994,196.5,199.910004,198.416122,267300,16611793.40782217,38262600,0.002717338423485384,153013.52352411766,64.04720496005123,7416.380748220709,644.8206543055921,3115.9082407113074,862.6196689151319,197.17803727892144,4.553780628442253,195.92949835000002,201.9220618793527,189.93693482064734,6.117061065146833,0.832120438148275,0.0,0.0,196.70899909999997,200.7210001,192.6969981,4.07912298710893,0.8989287265880528,0.0,0.0,186.630005,202.880005,194.755005,8.293799625297718,0.8172307076923062,1.6272754288611133,0.5708904825281422,0.27109065287044914,0.2997998296576931,196.93833166666664,194.84576773076924,196.83590609844947,196.26501561592133,18.70574251294088,28.555925722123476,15.712976277607568,1.044565063583049,0.9123186587770787,0.13224640480597027,0.012313027113963898,24.63338028328109,105.4421544264028,2.070501649999983,6.336668242462909,-1.9513058632622606,8.28797410572517,196.6749955,194.0550005,195.364998,198.4700015,202.24750525000002,194.165001,100.0,20.0,80.0,192.2531803441046,,0.0,0.0,34.78487109632453,56.229381090646804,1.0,0.5734574995668179,0.5816179836342058,3.356479092784851,51.617329299726215,75.10478618287581,54.54778620790402,-24.895213817124187,1.2014402235294028,195.38400175315383,0.27588432847167543,-9.03738466224085,-2.547500007452632,-6.489884654788218,2.428655043589223,2.3996321881020855,43.57224707080412
690,2021-03-02,200.0,200.630005,197.559998,199.770004,198.277161,282400,16735975.995027995,37980200,0.011219739535988166,125506.44873495854,57.64908470019708,-385.9202089123446,490.08868359294826,6294.025939422963,862.6196689151319,197.25177373522322,4.405403265598028,196.44699865,201.8613101648219,191.03268713517812,5.512236432248377,0.8068723826568837,0.0,0.0,196.72599943333333,200.48500053333333,192.96699833333332,3.8215600488270587,0.904895407807498,0.0,0.0,188.039993,202.880005,195.459999,7.554206529996279,0.7904313689234206,1.6231589554278565,0.7626613904987494,0.36940480039610923,0.39325659010264014,197.08583199999998,194.96999892307693,197.2873057756111,196.52464438511234,19.441848191945166,27.168729153157546,14.949667569192865,0.9861185606272175,0.9457531462914326,0.04036541433578489,0.020068079931291713,24.559714274332684,95.15651627407965,3.422996349999977,7.285085897013027,0.2565488770249405,7.028537019988087,196.6749955,194.0550005,195.364998,198.4700015,202.2625045,194.165001,96.0,16.0,80.0,192.67825333034043,,0.0,0.0,64.84568289341603,55.96336733694064,0.9713627353741673,0.7146728683080249,0.5976330154692922,4.574943356430912,51.43928567057596,73.93127481557424,61.46968496025587,-26.068725184425755,1.7788522147058927,195.48693460455462,0.8939414141414143,-10.56360823254278,-4.150721652470661,-6.412886580072119,-0.070031512780111,-0.07005604629881645,43.47170125424802
691,2021-03-03,200.119995,201.009995,198.830002,199.179993,197.691544,248600,16567199.886756085,37731600,-0.028707862692555108,86623.13682996432,56.73527453226688,723.4463737011217,481.01557814905334,-931.9970126301064,860.0719636376355,197.2275903883005,4.182862239038224,196.71599815,202.1120949509047,191.3199013490953,5.4861799260374,0.7283126990593364,0.0,0.0,197.2606659,200.82366629999999,193.69766550000003,3.612479339197018,0.7693414095603247,0.0,0.0,188.039993,202.880005,195.459999,7.543876522276641,0.7506732474340307,1.6260903796923407,0.8571515504130787,0.46695415039950317,0.3901974000135755,197.02833183333334,195.16422923076922,197.5784884255171,196.72133687510402,20.20215046123239,26.819935748943585,14.414200534946309,0.980088460537568,0.9642330047720309,0.015855455765537152,0.027831716115939875,24.42801176797528,98.79948906257135,0.5739948500000196,9.229865808134317,2.485771800189916,6.744094007944401,198.4249955,194.0550005,196.239998,198.4700015,202.215004,199.2200015,92.0,12.0,80.0,193.08632339712682,,0.0,0.0,82.42284144670802,54.78702092919491,0.8447251352466444,0.938695956873604,0.7422754415828156,5.276986458721168,47.24558778042027,68.98567042033827,72.67391047292945,-31.014329579661727,2.462557555882398,195.8539938550644,-0.34522540514397504,-12.480824339070178,-5.816742189790565,-6.664082149279613,-0.29534514100525433,-0.29578214542649306,43.04796455587603
692,2021-03-04,198.399994,199.139999,192.550003,195.130005,193.671829,351300,16490969.766191522,37380300,-0.061310315039805385,-129003.13763145838,58.3000390363887,-7644.2405992058075,-28.868022009742358,-7877.318865009546,860.0719636376355,197.00772945173128,4.4275750151344,196.73299875,202.1068130647988,191.3591844352012,5.463053325006877,0.35085140124905756,0.0,0.0,197.5449997,201.4899993,193.6000001,3.9940262785603706,0.1939169905112312,0.0,0.0,188.039993,202.880005,195.459999,7.543224621334656,0.4777632255283891,1.7376142584579088,0.5983382278341196,0.49323096588642645,0.10510726194769315,196.84833283333333,195.22961430769232,197.20179866774524,196.60346043991112,18.935682182420262,24.003973666291113,22.846031488526297,0.895717430511231,0.9977366992431509,-0.10201926873191991,0.031169868150015417,24.39513655794495,-48.39981091997018,-3.2329987500000072,8.24596666560299,4.082719530973196,4.163247134629795,197.4749985,194.0550005,195.7649995,198.4700015,200.267502,199.2200015,88.0,8.0,80.0,,202.880005,0.0,1.0,78.16694145701665,47.41883489581744,0.051515422175677575,0.6225344309321631,0.7586344187045974,3.7655825292173253,46.87298861020315,35.03776359579985,59.31823627723745,-64.96223640420015,2.4010288882353166,195.84420705735465,-1.0948289708743608,-11.651471669719129,-6.983688085776278,-4.6677835839428505,-2.033330727147875,-2.0542874628551644,40.139326338001794
693,2021-03-05,197.270004,198.330002,191.380005,197.960007,196.480682,412800,16859817.53542077,37793100,0.04452523882346312,56315.14283017727,58.7379963552338,-1666.7828621626468,-149.9050354141459,-1156.1857265210856,860.0719636376355,196.78037142146638,4.67981721362096,197.14999935,201.4353777076185,192.8646209923815,4.347327792794637,0.5945083003651201,0.0,0.0,197.49600020000003,201.78699899999998,193.20500140000001,4.345403244272875,0.5540674586066063,0.0,0.0,190.559998,202.880005,196.72000150000002,6.2490525187009105,0.6006497398905682,1.7570617627039893,0.6145007331886632,0.5174849193468738,0.09701581384178937,197.22000008333336,195.59999911538463,197.31844610347673,196.70394537028807,17.705595609893773,21.46030056766127,22.208997657898337,0.8780649376889063,1.0064944638086997,-0.1284295261197934,0.03416274234683366,24.49376710996801,-45.85603027503003,-3.530004350000013,8.168391636310425,5.1432733781327995,3.025118258177625,196.8899995,194.0550005,195.4725,198.4700015,196.60499975,198.985001,84.0,4.0,80.0,,202.67340496,0.0,0.0,69.74995427429774,52.25123342366949,0.5717391831337117,0.48932658018534464,0.6835189893303705,3.891000545686038,53.83475221682484,58.75947442784603,54.260969481328054,-41.24052557215397,2.319177373529442,195.86829757838748,2.304913178294569,-9.515318529714998,-7.490014174564022,-2.0253043551509755,1.450316162293941,1.4398996713513412,42.17178963761168
694,2021-03-08,198.949997,201.550003,197.440002,198.740005,197.254868,548600,16658264.4805675,38341700,0.05300880023099538,109399.67996872385,59.53038840830521,3476.194044841233,-37.60618427531319,8148.487698616831,860.0719636376355,196.83506303354264,4.622835592258864,197.4694993,201.19156635435863,193.74743224564136,3.7697640066469065,0.6706720595632751,0.0,0.0,197.75800020000003,202.1189988,193.3970016,4.410439623772047,0.6125894422437999,0.0,0.0,190.949997,202.880005,196.91500100000002,6.041443383555496,0.6529759242407877,1.7299460981462609,0.6823828700539991,0.550464509488299,0.13191836056570017,197.6466675833333,195.98307626923076,197.5371474721726,196.8547646021186,17.103101111109353,25.056608480594527,20.804934929404435,0.9737106782595019,1.0018302997749198,-0.028119621515417914,0.03750532643118194,24.59347460885093,80.77188411240354,-0.7194992999999954,7.417265129304412,5.9890821731160555,1.4281829561883566,196.8899995,194.0550005,195.4725,198.4700015,195.997498,198.985001,80.0,4.0,76.0,,202.2216689616,0.0,0.0,69.44874637058186,53.51917088877322,0.7082368649689572,0.44383049009278225,0.5185638337367634,4.363269530958547,53.88131804168371,68.03502219258226,53.94408673874272,-31.964977807417743,2.2108255911765013,195.9056605869651,2.644360155055271,-4.902662647817524,-6.972543869214723,2.069881221397199,0.3940179694982504,0.393243751735195,42.73197203634113
695,2021-03-09,198.529999,201.759995,197.539993,197.639999,196.163086,291600,16380485.208424972,38050100,-0.06574545270780624,47948.047173191575,62.30356189252798,224.3019341505605,274.4625269138131,547.6058194209902,855.3115515583805,197.2304001299104,4.5825522330329775,197.4299996,201.1271399343576,193.73285926564242,3.745267023094888,0.5284002473544835,0.0,0.0,197.93366650000002,202.2186657,193.6486673,4.329732557144341,0.4657330741158584,0.0,0.0,190.949997,202.880005,196.91500100000002,6.04265209146058,0.5607709567336404,1.5359959524924225,0.6400406710732796,0.5683797418052952,0.0716609292679844,197.72083416666666,196.42346076923076,197.55297078414605,196.91293011307278,16.592427613703897,23.744584119143962,19.445577074027824,1.044723569337473,0.904690063808712,0.14003350552876104,0.039766963710368704,24.647850717356256,63.01241638194108,-0.12999659999999835,7.000532408238763,6.64687417527934,0.35365823295942356,196.8899995,194.755005,195.82250225,198.4700015,195.48249850000002,198.4700015,76.0,12.0,64.0,,201.78800240313598,0.0,0.0,69.02983820004076,51.444446444652066,0.4745910082774969,0.5848556854600554,0.5060042519127275,4.16905490225046,51.66482882420193,58.42798037414328,61.7408256648572,-41.57201962585672,2.1871183852940987,195.92037621896893,0.45235019059719894,-6.583867916903413,-6.894808678752462,0.3109407618490483,-0.5534899729926046,-0.5550274043870651,41.94196488286537
696,2021-03-10,197.550003,200.710007,197.360001,200.240005,198.743637,558400,16782199.44917559,38608500,-0.007119441607431308,248504.51906273625,70.49936265464639,-368.9506070809468,384.45473385780633,5731.921628481862,855.3115515583805,197.76962785459537,4.459297609729678,197.56399995,201.45923658331748,193.66876331668254,3.943265609426093,0.8434971096635157,0.0,0.0,198.08633373333333,202.33233303333333,193.84033443333334,4.287018917434273,0.7536118254502145,0.0,0.0,190.949997,202.880005,196.91500100000002,6.038553584164773,0.7787092850231105,1.2887323986500083,0.8069805588111763,0.6160999052064714,0.19088065360470485,197.96583433333333,196.8396148846154,197.9663606635082,197.15938010469702,16.064032930642757,22.488426546021614,18.70109077329355,1.0698408427339083,0.8717648971466486,0.19807594558725972,0.043719086349028644,24.63426283811649,74.93805660931451,-0.7540019500000028,8.263952457598208,7.312802851275502,0.9511496063227058,196.8899995,195.459999,196.17499924999998,198.4700015,195.48249850000002,198.4700015,100.0,8.0,92.0,,201.550003,0.0,0.0,81.43122117886536,55.80542534063395,0.9518808776847845,0.7115695836437462,0.5800852530655279,5.27549742352094,52.24170808028216,80.39935430062589,68.95411895578381,-19.600645699374105,1.950413411764714,195.99970959247005,1.4901175647726639,-2.3614845344346773,-5.988143849888905,3.6266593154542277,1.3155262159255665,1.3069483175709884,43.809248642299316
697,2021-03-11,200.660004,202.889999,198.779999,199.029999,197.542679,310600,16509385.337253448,38297900,-0.048783347403575865,159314.1786823457,70.22630011890332,2381.8349806825354,290.5955815863064,5469.011383058497,850.1430932912378,198.0179187732982,4.424367848756708,197.54749985,201.4148614965154,193.6801382034846,3.915373922172577,0.6916680266165134,0.0,0.0,198.37700043333334,202.7350006333333,194.01900023333332,4.393654698357579,0.5749195200434706,0.0,0.0,190.949997,202.889999,196.919998,6.044116989112071,0.6767169720742101,1.2299834312869127,0.8320528633487356,0.6592904968349242,0.17276236651381138,198.15083441666664,197.04076857692309,198.12999733066079,197.29794446731205,16.108978649631343,24.48446342390472,17.47933242342345,1.0492759504733087,0.8947895166227168,0.1544864338505919,0.04733938373055432,24.686425821993957,102.65444011038274,0.38249314999998774,9.040854094149834,7.88762025986832,1.1532338342815143,197.135002,195.46499599999999,196.29999899999999,198.4700015,195.48249850000002,198.4700015,96.0,4.0,92.0,191.380005,,1.0,0.0,90.71561058943267,53.40163022915829,0.6790493121586457,0.7018403993736424,0.666088556159148,5.5156629369919,46.28052879367385,66.46392691429733,68.43042052968883,-33.536073085702675,2.825177658823492,196.04509405549007,1.1279919834153935,-4.040381956347132,-5.5985914711805504,1.5582095148334183,-0.6042778514712799,-0.6061109986793767,42.940241204386645
698,2021-03-12,199.970001,199.970001,196.679993,199.350006,197.860291,387600,16750900.548401874,38685500,0.0017940444126967774,154274.2550420108,62.85542031787381,-2130.5280340598556,132.34063195771833,-1253.6909366140515,850.1430932912378,198.16451099381072,4.310931863881037,197.61500015000001,201.55798320220114,193.67201709779889,3.990570603656808,0.7200118320355757,0.0,0.0,198.6653341,203.0423345,194.2883337,4.406405797799426,0.5782124557265288,0.0,0.0,190.949997,202.889999,196.919998,6.042052471187366,0.7035182238662956,1.1869593819341984,0.8677419468086782,0.7009807868296751,0.1667611599790031,198.2691688333333,197.21615369230767,198.3176909720976,197.44994902528893,15.493012699814022,23.179033635031505,19.950585268442733,1.0121767310150698,0.9441202316637272,0.06805649935134261,0.05080559704920331,24.353892177289953,39.648993162394206,-0.5049991500000033,10.475238325960792,8.347461380256973,2.1277769457038183,197.135002,195.46499599999999,196.29999899999999,198.4700015,194.95750075,198.4700015,92.0,4.0,88.0,191.61020488,,0.0,0.0,95.35780529471633,53.966375796665886,0.7431481268086415,0.7913594388840238,0.734923140633804,5.8699108924284715,49.52620763973956,69.24418031842599,72.0358205111164,-30.755819681574014,3.4415295500000127,196.1794235787208,0.7174319457486221,-3.7697651517135,-5.2328262072871405,1.4630610555736405,0.16078329980797612,0.16065418184210145,43.17006524094855
699,2021-03-15,199.559998,203.470001,198.059998,203.460007,201.93959,318800,17068522.697964452,39004300,-0.00025596042344992265,319416.2641502942,61.32881435520639,4140.658985259568,351.28356386794457,7195.898750586375,867.6705016604658,198.4914990132731,4.420838977492933,197.79450075,202.4025430836757,193.18645841632429,4.659424115638071,1.1147411242943996,1.0,0.0,198.87133436666664,203.19933566666666,194.54333306666666,4.352564248420334,1.0301145165244445,1.0,0.0,190.949997,203.470001,197.20999899999998,6.329803888645272,0.9992017574435275,1.1142029303528271,1.2136780099546627,0.8035202314546727,0.41015777849999,198.79833599999998,197.74846184615384,199.1088165148518,197.89513850489715,15.740831641098714,26.76066084643496,18.22942564776864,1.028983104589011,0.9185160882315259,0.11046701635748513,0.05800610398693541,24.203261664354333,141.96661511348796,-2.624502750000005,12.6917942745448,8.948206755538282,3.7435875190065175,197.425003,197.0149995,197.22000125,198.4700015,196.2200015,198.4700015,100.0,28.000000000000004,72.0,191.8358007624,,0.0,0.0,97.67890264735817,60.57512883365283,1.0,0.807399146322429,0.7668663281933651,8.190953865050426,57.47548527470537,99.91733661450338,78.54181461574224,-0.08266338549662106,3.5325877441176488,196.42882253508515,3.2215544456315937,-4.941711996727254,-5.174603365175164,0.23289136844790992,2.0617009662893926,2.0407355845216912,46.121803859458346
700,2021-03-16,203.020004,203.559998,197.070007,198.740005,197.254868,529200,16811669.128521904,38475100,0.024934456536568998,-83046.78192831873,52.27907557618239,-551.866303859973,276.37621219500346,-5704.034626374109,867.6705016604658,198.66614319517413,4.62775417974364,197.86700134999998,202.486624586189,193.24737811381095,4.669422596663846,0.5944886201066261,0.0,0.0,198.91833446666666,203.58833416666667,194.2483347666667,4.695393928891513,0.48090690812392534,0.0,0.0,190.949997,203.559998,197.2549975,6.372968162434839,0.6177642650464495,1.248425635022336,1.0943550735595693,0.861687199875652,0.23266787368391728,199.09583658333335,197.99423103846155,199.05207628179767,197.9577212082381,15.661535240574851,24.077158319537794,17.93106826057769,0.9947728806107383,0.9182640466398921,0.07650883397084618,0.06258239935360013,24.118176149744293,71.00449112813271,2.0430026500000054,13.77186831443086,9.452873700682343,4.318994613748517,197.47000150000002,197.2549975,197.3624995,198.4700015,196.2200015,198.4700015,96.0,24.0,72.0,192.301168771904,,0.0,0.0,93.47559121734488,51.4415078898521,0.30576034657192436,0.6829694911268555,0.7605760254444361,7.35974610518574,47.9237578619636,60.42696412058683,76.5294936845054,-39.57303587941317,3.4694128117646983,196.44851896848166,1.829178171124439,-1.4951552314177008,-4.4387137384236715,2.943558507005971,-2.3198672159683964,-2.3471996808683393,42.73197203634113
701,2021-03-17,198.979996,199.619995,195.419998,197.220001,195.746201,691600,16712870.539951487,37783500,0.05286042336825585,-221359.3511385589,48.25348369120292,-1697.3708523687178,192.96830165068081,-17566.234841132926,867.6705016604658,198.5740754413307,4.584978461769276,198.0530014,202.23296748865872,193.87303531134128,4.2210580593187785,0.40035799545597517,0.0,0.0,198.69300126666667,203.56500136666665,193.82100116666666,4.904048022769824,0.34883002499664756,0.0,0.0,190.949997,203.559998,197.2549975,6.366983035279571,0.4972247028370572,1.4471452705331747,0.8671432792493761,0.8627784157503968,0.004364863498979243,198.87166966666666,197.94769288461538,198.7702185461365,197.90307526688713,15.085589124998895,22.504399353784994,19.326004145633963,0.9706248043499285,0.9679826220694413,0.002642182280487182,0.0635711632202324,24.113743997042356,-22.041977936188246,1.7170026000000007,14.71907640982193,10.172108116706669,4.5469682931152615,197.47000150000002,197.2549975,197.3624995,198.4700015,196.2200015,198.4700015,92.0,20.0,72.0,192.97669852558977,,0.0,0.0,65.13760485343728,48.88519941362808,0.11145726332501663,0.47240586996564704,0.6542581691383106,5.866340272373645,49.3838831062353,47.94744955928946,69.43058343145988,-52.05255044071054,2.9249407676470582,196.45877505925785,-1.3456069962361614,4.099699755497757,-2.731031039639386,6.830730795137143,-0.7648203490786876,-0.7677600987053168,41.6403288695659
702,2021-03-18,197.119995,200.660004,196.490005,200.419998,198.922272,455900,17116291.517582417,38239400,0.06225991379381311,18674.64649552066,55.31640756458769,964.9884415424419,348.7247171962771,2107.716870511603,881.7489064278503,198.79301309610295,4.543480515592347,198.39300154999998,202.161282527678,194.62472057232196,3.7988043411181684,0.7689550569619453,0.0,0.0,199.0513346,203.681335,194.4213342,4.652066673458014,0.647803810124941,0.0,0.0,191.380005,203.559998,197.47000150000002,6.139325936318542,0.7422001802464077,1.363347598227182,0.9345167819493554,0.8771260889901886,0.05739069295916677,198.92583583333337,198.05769288461536,199.0240307698078,198.08951398785845,14.814640424395135,22.66342323683876,18.064321174781156,1.0088673916629551,0.9328848544389012,0.0759825372240539,0.06517081929949357,24.203250979866542,40.94695873777058,0.7869914500000164,18.882994851110972,11.36261958501784,7.520375266093131,199.489998,197.2549975,198.37249775,198.4700015,196.2200015,198.4700015,88.0,16.0,72.0,193.61169649405437,,0.0,0.0,49.94587868366271,54.060926042623834,0.5048603488331014,0.3073593195766809,0.48757822688972774,6.247295278933135,57.91056657166099,74.22001802464077,60.86481056817235,-25.779981975359227,2.2451474411764423,196.62815475302057,0.325371170338462,3.967727608618558,-1.3912793099877971,5.359006918606355,1.6225519641894781,1.6095292676476802,43.938516807723474
703,2021-03-19,199.699997,200.429993,197.990005,199.139999,197.651855,712100,17075433.11991816,37527300,0.04054574333687752,-114205.62984669695,46.879860007988384,217.57884567701325,-165.47541869970127,2849.328480202458,881.7489064278503,198.80346011213487,4.3331312640331126,198.5125015,202.21581498847632,194.8091880115237,3.7310632433658704,0.5847210885538822,0.0,0.0,199.3810007,203.5600002,195.20200119999998,4.191973643755519,0.4711651437144228,0.0,0.0,191.380005,203.559998,197.47000150000002,6.1356302036222115,0.6371098899646314,1.4767317818674504,0.874544343529692,0.8766097398980894,-0.002065396368397421,198.922503,198.04923126923075,199.04187203599122,198.16732769246153,14.56304520240593,21.7679311526843,17.350551836028043,1.0239196870761194,1.031837802261307,-0.007918115185187702,0.06570991091967553,24.24841557248431,36.34162875969927,-3.382496500000002,20.694188408107987,12.837833282662682,7.856355125445305,199.489998,197.2549975,198.37249775,198.4700015,196.2200015,198.4700015,84.0,12.0,72.0,194.20859458441112,,0.0,0.0,30.157536251203698,51.80143216737406,0.3331179200057983,0.3164785107213055,0.3654145667545445,5.8490860824344635,54.890433106037435,63.710988996463136,61.959485526797785,-36.289011003536864,2.0624418705882306,196.65258012817264,-0.02007932593913044,8.188043296159035,0.5245852112415694,7.663458084917466,-0.6386583239063826,-0.640706471279362,43.019241488823546
704,2021-03-22,198.179993,198.570007,194.190002,198.160004,196.679184,515800,17494667.226774197,37011500,0.06420853266062172,-170102.17144002614,45.19121511535701,-2403.138825120691,-309.5624627145831,-7086.207826407,877.409700221694,198.6313669667135,4.394817837629801,198.55550154999997,202.22128320630893,194.88971989369102,3.6924503503478485,0.4460554955149441,0.0,0.0,199.15400079999998,203.3600007,194.94800089999998,4.223866839837053,0.38183585073313925,0.0,0.0,191.380005,203.559998,197.47000150000002,6.134301444643098,0.5566504841176819,1.6325068761937318,0.73941483373045,0.8491707586645616,-0.10975592493411157,199.17500291666667,198.05538526923075,198.9062000304541,198.16678519672365,13.867845927621003,20.038133013081953,22.072168087158534,0.936320259471476,1.023200202393691,-0.08687994292221501,0.06441500163153101,24.356824961196484,-73.1384514135983,-0.5954945499999837,20.385329406168285,14.325032949099295,6.06029645706899,198.875,197.2549975,198.06499875,198.4700015,196.57000375,198.4700015,80.0,8.0,72.0,,203.559998,0.0,1.0,15.078768125601849,50.07577592018934,0.20195208748954496,0.34664345210948166,0.3234937608024893,5.00097080248422,61.42824210241691,55.6650484117682,64.53201847762404,-44.3349515882318,0.970442738235306,196.662498524136,1.5528103942804568,7.988515841885606,2.0173713373703768,5.971144504515229,-0.492113590901444,-0.4933284571532859,42.31542436385289
705,2021-03-23,196.949997,199.75,196.360001,197.880005,196.401291,376700,17455775.88500684,36634800,0.07673899655726442,-160869.8074200211,46.257030011594864,1507.362560393949,-253.5684493793812,-3070.596938057032,876.1699251223135,198.55427009940152,4.2943359538668195,198.60900189999998,202.20182928120414,195.01617451879582,3.6179904705559673,0.3985482987836112,0.0,0.0,199.0556681,203.1786677,194.9326685,4.142559354731582,0.35742624132197415,0.0,0.0,191.380005,203.559998,197.47000150000002,6.132649015643635,0.5336620472606185,1.7868439682999162,0.6027816527341372,0.7998929374784768,-0.1971112847443396,199.16833608333332,197.97884719230768,198.7483238719227,198.14554221918857,12.87825607285652,20.855845869432,20.850178871089707,0.9516561283383272,1.0102026247756672,-0.05854649643734,0.06154602017917571,24.37525903987437,-25.439244151462912,0.13100310000001514,19.551760658053,15.579233860260937,3.972526797792062,198.875,197.2549975,198.06499875,198.4700015,196.92250074999998,198.4700015,76.0,4.0,72.0,,203.37259808000002,0.0,0.0,7.5393840628009245,49.567700023151744,0.16333362096407045,0.23280120948647132,0.29864105743908614,4.166037715769509,59.33452870809447,53.366204726061845,57.580747378097726,-46.633795273938155,0.36550101470584195,196.6687512182325,-0.04041321336181759,5.444464870732808,2.702790044042863,2.7416748266899447,-0.14129945213362527,-0.14139937394661573,42.11433344892512
706,2021-03-24,198.559998,203.509995,198.559998,201.339996,199.835419,337800,17497403.72078129,36972600,0.08127186901944654,29080.873611410585,51.58439087536186,4366.776571939606,604.3613485595769,5374.258874603664,891.4900180007925,198.85017154772135,4.4279013584801366,198.77950205,202.5466737376353,195.01233036236468,3.7903019665354996,0.8398430125184005,0.0,0.0,199.2256673,203.508666,194.9426686,4.299645480469682,0.7468280809891458,0.0,0.0,191.380005,203.559998,197.47000150000002,6.127388827514168,0.8177337211934362,1.691741243692976,0.7648742356830383,0.7928891971193892,-0.02801496143635096,199.38500200000001,198.13461653846156,199.14704266085766,198.38216842517463,12.936791106541724,24.993933732463923,18.971640770268564,1.0759051454299668,0.9103813909805549,0.16552375444941192,0.06105471907861063,24.4405982782186,121.64286960474026,-1.1395030500000018,18.837635138044206,16.667765087360312,2.169870050683894,198.875,197.2549975,198.06499875,198.4700015,196.96500025,198.4700015,72.0,4.0,68.0,194.190002,,1.0,0.0,4.168449943402936,55.56711119216688,0.5715955621676155,0.3122937568737437,0.2972461394898989,5.224900284568566,56.3259180242016,81.77337211934363,63.60154175239123,-18.226627880656373,0.8670304558823432,196.7117452731332,1.3082373626789519,2.6673224555586583,2.695696526346022,-0.02837407078736387,1.748529872939919,1.7334189807038491,44.599245023009026
707,2021-03-25,201.100006,202.190002,198.169998,201.630005,200.12326,393500,17781272.57638442,37366100,0.12090504260244443,41229.11188120895,45.34450189902865,-873.4661626394033,661.0268270969515,6473.329101846866,891.4900180007925,199.15125687595798,4.387111622632123,199.00550225,202.8855673042126,195.1254371957874,3.8994550505827466,0.8382034467631642,0.0,0.0,199.26866756666664,203.54266666666666,194.99466846666667,4.2896850289522845,0.7762444935158442,0.0,0.0,191.380005,203.559998,197.47000150000002,6.120430270666044,0.8415439976032829,1.688730575619268,0.9062879546808063,0.8155689486316726,0.09071900604913363,199.71750250000002,198.44730903846155,199.52903686687955,198.62274891219874,12.868859871697904,23.37452470232146,18.37100793062021,1.0926732919053093,0.9145201357946147,0.1781531561106946,0.062339932605004186,24.546083809142765,91.40920334476513,1.23450274999999,20.443139011060442,17.775309607926943,2.6678294031334993,198.875,197.2549975,198.06499875,198.4700015,196.96500025,198.4700015,68.0,40.0,28.0,194.37640186,,0.0,0.0,17.77922070594068,56.03916012878214,0.611976382243967,0.4489685217918844,0.33135449605069983,6.220365264859942,61.958482438753336,79.40241383240726,71.51399689260425,-20.59758616759274,1.0467060264705879,196.8111610858194,2.018825146826692,1.398153002208113,2.4361878215184407,-1.0380348193103277,0.1440394386418964,0.14393580134957062,44.80752496382057
708,2021-03-26,202.960007,206.800003,202.720001,206.550003,205.0065,211700,17967028.9616509,37577800,0.17030795123975437,184134.03541246458,42.38159136246701,8826.838601796913,1043.215724022357,5732.512350066947,913.2433731404894,199.35862981334034,4.465400260368909,199.57450250000002,204.28635345582583,194.8626515441742,4.7218967320996414,1.2402081013805581,1.0,0.0,199.9376678,204.2906663,195.5846693,4.354355582815294,1.2595149871979059,1.0,0.0,191.380005,206.800003,199.09000400000002,7.726436897919858,0.9837872871319439,1.6814708864381416,1.3992325840416981,0.9323016757136777,0.4669309083280204,200.24333566666667,198.94461703846156,200.60918550274425,199.20995291870256,13.816981539737016,28.792461379433615,16.85820663220149,1.04832378155536,0.8926695441823114,0.15565423737304873,0.06949952656509886,24.653179429366013,291.21890087586553,-0.5445035000000189,23.55850243772874,18.98272162605849,4.575780811670253,200.4950025,199.09000400000002,199.79250325,198.4700015,197.59500150000002,198.4700015,100.0,36.0,64.0,194.55907372279998,,0.0,0.0,42.39541168482987,63.184891590304574,1.0,0.727857314803861,0.4963731978231631,9.435593799035807,68.72787917076073,98.01744662827545,86.39774419334212,-1.9825533717245525,1.806853567647039,197.37032666316827,3.1512174602672465,-3.0564475988110216,1.3376607374525482,-4.39410833626357,2.440112025985419,2.410816891922085,48.34099079499459
709,2021-03-29,205.25,209.649994,204.589996,208.139999,206.584595,299700,18087857.15122726,37877500,0.17924924325173838,225903.71623925475,47.33975738695923,3984.504457795784,1311.8016185684446,7472.770145110549,913.2433731404894,199.7748001355379,4.524860034332017,199.98600225,206.00058827564777,193.97141622435225,6.015007008469523,1.1778518683770764,1.0,0.0,200.51733389999998,204.83533190000003,196.1993359,4.3068575828496165,1.3826619535256788,1.0,0.0,191.380005,209.649994,200.5149995,9.13563389159652,0.9173510722967592,1.6538576111853964,1.8963343810162598,1.1251082167741941,0.7712261642420657,201.00250233333335,199.38269392307694,201.76777219462974,199.87143781361348,15.207678078977917,30.991211071935716,15.511858443942295,1.0763622516207778,0.8513296810838686,0.22503257053690917,0.08170580954626198,24.798167352741206,280.70863875687604,-0.6359962500000051,25.43355972537152,20.27846511616301,5.155094609208511,201.919998,200.5149995,201.21749875,197.439995,196.46500025,198.4700015,100.0,32.0,68.0,195.04871089388797,,0.0,0.0,65.78914843558105,65.1560601113594,1.0,0.8706587940813225,0.6824948768923559,12.716097585798519,68.4215507908661,90.23288627833699,89.21758224633989,-9.76711372166301,3.614263594117631,197.76415158948333,4.577199440170818,-4.99601242749047,0.07092610446394443,-5.066938531954414,0.7697874494826173,0.7668397038153252,49.482901124572635
710,2021-03-30,209.360001,211.179993,208.220001,210.460007,208.887283,426000,18306617.377606247,38303500,0.18746540259697708,334820.81506221846,46.3748478537712,1792.6726009352064,1466.2032762838842,7055.411844311973,913.2433731404894,200.5331153012066,4.376373430898815,200.5205024,208.06795942010416,192.97304537989584,7.5278656593912086,1.1584671216758262,1.0,0.0,201.53366693333334,205.49866503333334,197.56866883333333,3.934824548507432,1.6256424141371781,1.0,0.0,191.380005,211.179993,201.279999,9.874296026100513,0.9636370486689181,1.6538576111853964,2.4492628158992886,1.389939136599213,1.0593236793000755,201.92833575,199.88884792307692,203.10503908776363,200.65577627186434,16.75141153851867,31.941334449955132,14.749715011938399,1.137526831936,0.8072351710281217,0.3302916609078782,0.0988771521439346,24.824229893316403,260.5978424157937,2.9395045999999923,29.858843771181743,21.960661489647432,7.898182281534311,202.6849975,201.279999,201.98249825,198.2049945,195.48500075,198.4700015,100.0,28.000000000000004,72.0,195.92478788025468,,0.0,0.0,82.89457421779053,67.86014153858733,1.0,1.0,0.8661720362950612,16.359574331079756,69.54654171139633,95.76229322310996,94.67087537657414,-4.237706776890027,5.59120424705884,200.00606994938542,5.5731129498937575,-3.9531342606030346,-0.7338859685494514,-3.2192482920535834,1.1146382296273627,1.1084719167888224,51.14909468726319
711,2021-03-31,211.059998,212.350006,208.559998,209.320007,207.755783,443900,18040747.606091253,37859600,0.17187036009787812,214696.98433904524,47.73161779764933,644.621534138329,1342.1166015307265,2343.8830282749664,913.2433731404894,201.24283394923748,4.317736887808934,201.02750310000002,209.45737687022356,192.59762932977648,8.386786524458937,0.9918521988603923,0.0,0.0,202.79933416666665,206.72333336666665,198.87533496666668,3.869834401699881,1.3308708158418283,1.0,0.0,191.380005,212.350006,201.8650055,10.431408974705608,0.8555079229609953,1.6523075919778019,2.7636168567233597,1.6646746806240424,1.0989421760993172,202.41666908333332,200.37000211538464,204.06118799733846,201.2975711406151,18.37348335490058,31.87509682172126,13.83693748126802,1.1205572339801495,0.8227682783288328,0.2977889556513167,0.11728477611126502,24.849167666780524,199.56376826184905,-2.287498100000022,33.741296218825354,23.611583863837918,10.129712354987436,203.270004,201.8650055,202.56750475,198.79000100000002,195.48500075,198.4700015,96.0,24.0,72.0,197.1452042898343,,0.0,0.0,91.44728710889527,65.18326304271139,0.8589256041864376,0.9529752013954793,0.9412113318256005,18.548240105734727,65.18099288362666,83.31498715528916,89.77005555224537,-16.685012844710833,7.1450583323529315,201.80046116979838,2.8801729078875016,-2.7401391802410666,-1.1351366108877745,-1.605002569353292,-0.5416706082310374,-0.5431429627516415,50.33036446673498
712,2021-04-01,209.580002,212.429993,206.720001,212.25,210.663895,377700,18394635.539069094,38237300,0.22135648521832227,342120.0374477529,54.097173002981606,-1330.3737119301202,1399.2704816828505,2882.4452434980726,926.0266552019983,201.97880585595908,4.456962399028041,201.88350285,211.17675954827868,192.59024615172135,9.206553846238325,1.0577429681846682,1.0,0.0,203.9270004,208.0049989,199.84900190000002,3.999468919761537,1.5204760497091898,1.0,0.0,191.380005,212.429993,201.904999,10.426799467433543,0.9914492587834256,1.6480320549674388,3.2121430612809547,1.974168356755425,1.2379747045255298,203.54250199999998,200.9207716153846,205.32100522851718,202.10886216723623,19.22122443018977,28.966659053298127,15.514676528301274,1.120057193042416,0.7822595534095047,0.3377976396329112,0.13835482054877665,24.97524193503025,166.05776181029054,-4.663501850000017,37.68230681238794,25.499152575424585,12.183154236963357,203.3099975,201.904999,202.60749825,198.8299945,195.48500075,198.4700015,100.0,20.0,80.0,198.66568446085088,,0.0,0.0,95.72364355444763,68.61050411351577,1.0,0.9529752013954793,0.9686501342636529,21.531011190166648,70.2682656419238,99.01319578501987,92.69682538780633,-0.9868042149801283,8.698763688235289,203.78434715385916,6.797823618853187,-3.066812159581492,-1.521471720626518,-1.545340438954974,1.3997672950584183,1.3900610245830336,52.43463974308247
713,2021-04-05,213.0,215.229996,212.5,214.660004,213.055878,211200,18517643.241058398,38448500,0.19739780263355228,365959.00992664497,53.374516916503616,5545.305667611747,1499.6023875651488,7685.002792163555,936.5412744865375,202.42456774100197,4.309265759125237,202.7185027,213.3554549633269,192.08155043667307,10.494308236943109,1.061321561119099,1.0,0.0,205.42133383333334,209.52833313333335,201.31433453333335,3.9986102936437686,1.6247469857940615,1.0,0.0,194.190002,215.229996,204.70999899999998,10.378921371147246,0.9729091177497478,1.6480320549674388,3.7191978932131917,2.3231742640469784,1.3960236291662134,204.99583558333333,201.59577173076923,206.75777427028376,203.03857637707057,20.49542151882739,32.13711763748541,14.75785021046114,1.1928248435192883,0.7832572637550123,0.40956757976427605,0.16235594576073062,25.044632658146913,181.68886030817842,-2.298504699999995,42.631959065151726,27.971000315311628,14.660958749840098,205.79499850000002,203.3050005,204.5499995,200.229996,195.48500075,198.4700015,100.0,16.0,84.0,200.31740148554877,,0.0,0.0,97.86182177722381,71.12800293599285,1.0,0.9529752013954793,0.9529752013954793,24.865680589364214,71.59938650402133,97.29091177497479,93.20636490509462,-2.709088225025222,10.069321638235294,206.77540675392848,8.842918016210733,-6.734410498264063,-2.5640594761540276,-4.170351022110036,1.1354553592461736,1.1290574496039874,54.165467029392865
714,2021-04-06,214.910004,217.029999,214.199997,215.009995,213.403259,341500,18371630.252728354,38790000,0.20916896855942943,330753.71229426796,61.07081382921083,1450.2206442166948,1642.6085981420536,2954.878160882099,936.5412744865375,203.430568312143,4.161339383212715,203.5320022,215.26009221963673,191.80391218036326,11.524566056312041,0.9893376833219227,0.0,0.0,207.2653331,211.21733209999996,203.3133341,3.813468408721542,1.4798410753646511,1.0,0.0,194.190002,217.029999,205.6100005,11.221821017392818,0.9115584822537411,1.5269566197196178,4.101998563322894,2.6789391239021616,1.4230594394207325,206.21166866666667,202.35884853846153,208.0273466902401,203.9253481269172,21.963531103924556,33.63240107867135,14.056574581347862,1.2520044715261407,0.7396308488318628,0.5123736226942779,0.18725127684372841,24.966779696964707,161.4593718044649,-4.392003200000005,47.067293668920804,31.028281760963605,16.0390119079572,207.5999985,204.205002,205.90250025,201.1299975,195.48500075,198.4700015,100.0,12.0,88.0,202.40516471757195,,0.0,0.0,98.9309108886119,71.48566426866154,1.0,1.0000000000000002,0.9686501342636529,27.651530797880852,68.85047798646839,91.15584822537413,95.81998526178961,-8.844151774625885,11.311410591176468,209.54375636781737,7.279711179320544,-6.900831018205511,-3.431413784564324,-3.469417233641187,0.1630443461652087,0.16291157317080973,54.416825107123486
715,2021-04-07,214.479996,216.020004,212.869995,214.289993,212.688644,263900,18345658.12671221,38526100,0.24072381281386115,256359.10656651566,65.51422411676106,-1396.553923829682,1664.0955216091277,-326.9230695829119,933.4050873027145,204.74405033569946,4.060206344891444,204.3645019,216.65187775392076,192.07712604607923,12.024961027657577,0.9038897815937201,0.0,0.0,208.90499930000001,212.83299929999998,204.9769993,3.76056103316049,1.1854625381873762,1.0,0.0,194.190002,217.029999,205.6100005,11.176107781759534,0.8800347478154226,1.291409486675573,4.297731138898058,3.0026975269013407,1.2950336119967174,207.47416816666666,202.91192503846153,208.99083073789546,204.6930995989974,22.843080066218654,31.819916106938607,15.574447461684832,1.2623827591328203,0.682762502251466,0.5796202568813543,0.21053492315946418,24.919328900999545,125.29025589417361,-6.204497900000007,53.05909998082009,34.83066674349427,18.228433237325824,207.5999985,204.205002,205.90250025,201.1299975,195.364998,198.4700015,96.0,8.0,88.0,204.74513820276044,,0.0,0.0,99.46545544430595,69.5761749892345,0.9128801718061831,0.9709600572687278,0.9746450862214023,29.409733228434053,64.6001881323522,88.00347478154225,92.15007826063038,-11.996525218457746,11.6808522235294,211.0077702269005,7.607710191863575,-8.681006959535118,-4.481332419558483,-4.199674539976635,-0.3348690836442292,-0.3354310250228032,53.89973089989477
716,2021-04-08,213.899994,216.600006,213.899994,215.320007,213.710953,403400,18366577.16247946,38929500,0.1978345420303014,279094.6124284417,65.38920755470095,538.797969758559,1633.6533450531363,1055.277460464003,933.4050873027145,206.01963485973394,3.924186910402301,205.11850199999998,218.13033754445397,192.106666455546,12.687139792444457,0.8920086818322952,0.0,0.0,210.31866656666665,214.02166806666668,206.61566506666668,3.5213246265292617,1.1753089937086614,1.0,0.0,194.190002,217.029999,205.6100005,11.13502525481588,0.9251316889402394,1.2281181203257112,4.48427223783699,3.299012469088471,1.185259768748519,208.9041684166667,203.5100020769231,209.9645501628346,205.4802779249976,23.763317552290186,31.32999435238854,14.836401025305381,1.2686840957508798,0.6826471541088776,0.5860369416420023,0.2322729083840549,24.9108172065461,117.51434076417571,-7.238496999999967,58.93190856025643,39.10719669340493,19.8247118668515,209.875,204.205002,207.04000100000002,201.1299975,195.364998,198.4700015,100.0,4.0,96.0,206.71071593031877,,0.0,0.0,99.73272772215297,70.77869412439804,0.9677447167837074,0.9602082961966302,0.9770561178217859,31.233562452316356,62.44354300128126,92.51316889402393,90.55749730031344,-7.48683110597606,11.965881205882397,212.2657446297605,8.659670293506867,-6.918262728844493,-4.968718481415685,-1.9495442474288076,0.4806636024296207,0.47951210335321903,54.63947089056771
717,2021-04-09,216.600006,218.580002,215.130005,217.419998,215.795242,511100,18533979.4465684,39440600,0.24662802369503972,392553.29638152063,77.7139045571582,1083.3999726060508,1695.4977112623533,6923.695863187097,933.4050873027145,208.07285656998897,3.87676791936207,206.03800195,219.77762824095547,192.29837565904452,13.336982654578176,0.9142032617543806,0.0,0.0,211.95666656666668,215.60266736666668,208.31066576666666,3.440326609263063,1.2492224677149424,1.0,0.0,194.190002,218.580002,206.385002,11.837622074164177,0.9524393603936033,1.089152898121641,4.746840503526073,3.5885780759759918,1.1582624275500812,210.53250116666666,204.21154073076923,211.11154213778312,206.36470163425705,24.962079775424762,32.92539214459718,13.928157294596142,1.2589944162516147,0.6488279684143887,0.610166447837226,0.2535723035730451,24.78008502093605,119.6377499117256,-4.698005949999981,64.67556798252157,43.675759531715244,20.999808450806327,211.584999,204.9800035,208.28250125,201.904999,196.239998,198.4700015,100.0,36.0,64.0,208.36180122146777,,0.0,0.0,99.86636386107648,73.11211862676991,1.0,0.9602082961966302,0.9637922165539962,33.507216581800655,62.015726768912586,95.24393603936034,91.92019323830884,-4.756063960639665,12.814235329411787,213.8354333516559,9.874667731082774,-3.17828716426245,-4.610632217985039,1.4323450537225888,0.9752883762445652,0.9705631374559154,56.14765167524951
718,2021-04-12,216.850006,220.399994,216.850006,218.240005,216.609131,682300,18385989.037305042,40122900,0.1922773923308601,416401.5077698752,87.80621597652083,920.9242759844554,1932.9307899127205,7558.016806755639,933.4050873027145,210.50397895019947,3.8440899274258613,206.9825019,221.33662770807032,192.62837609192965,13.869893035697562,0.8921347510299334,0.0,0.0,213.2706665,216.86366589999997,209.6776671,3.3694267092281835,1.191530660984807,1.0,0.0,194.190002,220.399994,207.294998,12.662902303047291,0.9175891011336441,0.8375928456270587,4.963874996547133,3.8636374600902204,1.100237536456913,211.94083525,205.1003868846154,212.20822873197034,207.2443537354232,26.368658965676023,34.090623704092835,13.043336358850341,1.3774558088291822,0.5827066013435991,0.7947492074855831,0.2738873740220052,24.572138282938663,118.92799662872893,-5.352496899999977,68.83755632303318,48.498425820344316,20.339130502688867,213.5599975,205.8899995,209.7249985,202.814995,195.7649995,198.4700015,100.0,32.0,68.0,210.20107736160358,,0.0,0.0,99.93318193053824,73.98567610608538,1.0,0.9892482389279026,0.9698882771070543,35.66140189032846,62.836062369601045,91.01501818240963,92.92404103859796,-8.98498181759037,13.109177008823536,215.03242139178712,8.393766432775722,2.9598772477509043,-3.0965303248378504,6.056407572588755,0.3771534392158271,0.3764439988586332,56.73656791379749
719,2021-04-13,217.770004,218.389999,215.550003,216.539993,214.921829,508600,18231973.27897299,39614300,0.13382840031845725,233397.56334560833,78.57310479667824,-924.1428509642127,1759.2518319585663,-1388.4951496213266,926.134193731778,211.9686468194483,3.7436805346832736,207.63650120000003,222.47286195786506,192.800140442135,14.290705797989084,0.8000564607894181,0.0,0.0,214.20733336666666,217.5783325666667,210.83633416666666,3.147417174770342,0.8459893484005166,0.0,0.0,194.190002,220.399994,207.294998,12.623017556414112,0.8527278833202245,0.4556819145909207,4.9417343971015555,4.079256847492488,0.8624775496090678,213.18333425,205.8150017307692,212.8746540039749,207.93291960687336,27.15328378005475,32.32161369868475,14.741818586829126,1.3169513366324443,0.6376115764426048,0.6793397601898395,0.29040402780658753,24.402243947740637,92.04623821405794,-1.0864982000000225,72.02664859474602,53.18373746740701,18.842911127339008,213.5599975,207.294998,210.42749775,202.814995,195.4725,198.4700015,96.0,28.000000000000004,68.0,212.24086068928287,,0.0,0.0,99.96659096526912,68.98199349178725,0.728334827513247,0.9094449425044157,0.9529671592096495,36.11835468345191,55.486802008099446,82.63606975008011,89.63167465728337,-17.363930249919896,12.805471697058806,215.26221912576108,7.394726791778831,4.208475749404882,-1.635529109989304,5.844004859394186,-0.7789644249687311,-0.7820142009493658,55.51564580883203
720,2021-04-14,216.979996,218.600006,214.660004,215.470001,213.859818,420400,17984427.373361778,39193900,0.13660868568165518,135794.39189623494,71.22496983883082,-318.6453187421514,1424.5788397670124,-6039.1412788448615,921.5578742977071,212.96159007339534,3.7633126812149484,208.473001,223.0935990647822,193.8524029352178,14.026370795882773,0.7392856971033974,0.0,0.0,214.8363337,218.3053339,211.3673335,3.2294353010549406,0.5913328428173628,0.0,0.0,194.190002,220.399994,207.294998,12.572367584424038,0.8119040631527092,0.4951414310767615,4.7827162249193975,4.21994872297787,0.5627675019415275,213.92666741666667,206.45846311538463,213.27393815720953,208.49122193229013,27.52988831765769,29.996076990079985,15.306407761098875,1.2810646969990191,0.7068734793699777,0.5741912176290415,0.30200867402525616,24.30670507841082,78.6774060617377,-0.3330020000000218,75.24523644234057,57.79528638113092,17.44995006120965,213.5599975,207.294998,210.42749775,202.814995,195.4725,198.4700015,92.0,24.0,68.0,213.8726873514263,,0.0,0.0,99.98329548263456,65.95838638805037,0.5527104130859141,0.7603484135330537,0.8863471983217907,35.65581169134149,49.32340475225883,77.82278953176602,83.82462582141859,-22.177210468233984,12.691590341176465,215.27803823335455,4.318565901933195,3.5143934654946243,-0.6055445948925183,4.119938060387143,-0.4941313542944581,-0.495356219900156,54.7471942420571
721,2021-04-15,215.960007,218.350006,214.509995,218.050003,216.420563,563400,18459795.49522393,39757300,0.20657533231705907,324048.49688248767,78.75823203943568,-136.31868655475117,1477.2322309159158,4668.729799512874,921.5578742977071,214.21453850497812,3.770982513093454,209.51450110000002,223.7426699772769,195.28633222272313,13.582037331617315,0.7999508219793349,0.0,0.0,215.5256668,218.9996673,212.0516663,3.223746435011612,0.8633183414913161,0.0,0.0,194.190002,220.399994,207.294998,12.509870134234827,0.9103398810652064,0.43349877767925904,4.809437574635183,4.337846493309333,0.47159108132585015,214.75250108333333,207.24346326923074,214.0087173637927,209.19927978915752,27.81839426158547,27.889886622713345,14.505955341883817,1.2866474186370367,0.6853028039210681,0.6013446147159686,0.311691812995626,24.29031881603894,79.66431208372083,0.9455058999999721,79.45915445018305,62.43715834088593,17.02199610929712,216.449997,207.294998,211.8724975,203.5149995,195.82250225,198.4700015,88.0,20.0,68.0,,220.399994,0.0,1.0,99.99164774131728,69.43702589614054,0.5788592760739835,0.6199681722243816,0.7632538427539503,36.241748553845476,54.92451133310682,86.70819043876325,82.38901657353647,-13.291809561236755,12.368913882352956,215.71962332138287,4.761220355343624,5.492020597843437,0.6139684436546728,4.878052154188764,1.1973833888829777,1.190271468992865,56.60011144067396
722,2021-04-16,219.940002,222.309998,218.869995,220.570007,218.921738,2171500,18434558.773482706,41928800,0.12959509800242697,1059497.0953278467,84.3684460394099,659.0098420441193,893.8158909335734,31842.08466149654,921.5578742977071,216.27432510938718,3.8198837617841095,210.52200155,224.88457115947838,196.1594319405216,13.644720745320488,0.84979832032873,0.0,0.0,216.53733366666665,219.7843352666667,213.29033206666668,2.9990224272349963,1.1209841925136894,1.0,0.0,194.190002,222.309998,208.25,13.357271825729523,0.938122644114174,0.43349877767925904,4.976590659744261,4.465595326596318,0.5109953331479424,215.5950010833333,208.02538642307692,215.0181465385938,210.04155587884955,28.845665074804465,32.92577936947195,13.383273209809685,1.2933124755572936,0.6973015838873676,0.5960108916699259,0.3214352877623504,24.27931092234149,109.04085665498759,-1.2019945499999949,83.36822534980621,66.96341015029199,16.404815199514218,217.58999649999998,208.25,212.91999825,205.17499550000002,196.17499924999998,198.4700015,100.0,16.0,84.0,214.509995,,1.0,0.0,99.99582387065864,72.40336802586911,0.8207953685458809,0.6507883525685929,0.6770349794420095,37.64631762180775,55.29547025009301,90.18063880579695,84.90387292544207,-9.819361194203047,12.395324232352948,216.46480039006116,4.803763025627958,28.258782774994273,6.142931309922593,22.115851465071678,1.1557000528910732,1.1490728513364523,58.40993901142133
723,2021-04-19,220.570007,221.350006,218.869995,219.850006,218.207092,374400,18356057.5565123,41554400,0.13021754401282598,869630.5996524403,79.62253683768134,-317.9474786207288,586.4978954752512,23873.88235943794,918.5496566344044,216.7997344176137,3.6858964856057006,211.55750189999998,225.46745153621043,197.64755226378952,13.150041488753708,0.7980781497013094,0.0,0.0,217.1266672333333,220.34867033333336,213.90466413333334,2.967855713952917,0.9226157893309677,0.0,0.0,194.190002,222.309998,208.25,13.291892628459903,0.9125180529897657,0.442190289436635,4.993401792980791,4.571156619873213,0.42224517310757737,216.472501,208.8261559230769,215.7615095326563,210.76810773967551,29.799559401364963,31.40208400325112,12.763939916409758,1.2703871804976652,0.7596785239740355,0.5107086565236297,0.3294094264040188,24.259543134811793,95.02503596933802,0.692498100000023,84.968814989561,71.1746902970298,13.794124692531199,217.58999649999998,208.25,212.91999825,205.17499550000002,196.29999899999999,198.4700015,96.0,12.0,84.0,214.509995,,0.0,0.0,99.99791193532931,70.30384211279409,0.5817244695535755,0.66045970472448,0.6437387431724849,38.19113713332041,54.15551371798192,84.22070254407362,87.03651059621127,-15.779297455926374,12.084677170588208,216.75767953030427,5.03057454990435,21.787548008651907,9.271854649668455,12.515693358983452,-0.3264274276420509,-0.32696136422982747,57.892845522377016
724,2021-04-20,220.110001,222.830002,219.679993,222.470001,220.80751,375600,18645806.134754457,41930000,0.11874389156310966,885979.1028449483,79.54675492176243,960.2638059033611,527.0401244015478,3253.9534827680995,918.5496566344044,217.41970355982343,3.6323077370451315,212.77300175,226.02044968029614,199.52555381970384,12.452188784610355,0.8659949939423248,0.0,0.0,217.75133406666663,221.00533786666665,214.49733026666667,2.9887337443395396,1.2250555351738295,1.0,0.0,196.360001,222.830002,209.59500150000002,12.440488587504733,0.9863996605062458,0.442190289436635,5.1586704951691615,4.688659394932403,0.47001110023675885,217.32416775000002,209.71538650000002,216.79358514301688,211.63491464784772,30.945790695943536,32.32969562945567,12.004079507171356,1.2134784060531052,0.7628929040270942,0.450585502026011,0.33766340569907616,24.184734553429312,107.11845109260162,1.8870022499999948,88.01211656802155,75.05835880671884,12.953757761302711,218.364998,208.510002,213.4375,205.4349975,196.29999899999999,198.4700015,100.0,8.0,92.0,214.66599506,,0.0,0.0,99.99895596766466,73.33404469135264,0.925971275144527,0.7761637044146612,0.6958039205692447,39.58306694021157,55.953276428531844,97.76535705987845,90.72223280324967,-2.2346429401215486,12.289911882352982,217.44704238543105,4.815077031802118,16.30550886585576,10.678585492905917,5.626923372949843,1.1917193215814637,1.184674263187624,59.77448506986194
725,2021-04-21,222.5,225.850006,222.429993,224.630005,222.951385,479000,18783064.463597067,42409000,0.13548461492662983,907216.6475813853,79.71977801139074,2059.8631200471887,628.1288091093236,9126.80083901194,918.5496566344044,218.27301326172565,3.6110782633406195,214.11050175,226.44325028554164,201.77775321445836,11.51998471325953,0.9264865702760399,0.0,0.0,218.74233446666668,222.0233386666667,215.46133026666666,2.999880391694359,1.397236055554777,1.0,0.0,198.169998,225.850006,212.010002,12.92790768026866,0.9559248321026499,0.4178212605877053,5.401674264745026,4.831262368894928,0.5704118958500981,218.15500116666666,210.52961719230768,217.99918819793737,212.59751393319235,32.481129638932096,35.9723118557897,11.222893335446798,1.2650102330157824,0.7227745165308688,0.5422357164849136,0.3470737969402502,24.05199367121241,135.25903579833084,0.8994932500000061,90.83675034737726,78.60334122751004,12.233409119867218,220.1800005,210.020004,215.10000225,208.205002,197.22000125,198.4700015,100.0,4.0,96.0,214.9925553376,,0.0,0.0,99.99947798383232,75.54919564373641,1.0,0.8358985815660344,0.7575073302350585,41.459986499945465,59.341915003581164,93.622578770889,91.86954612494702,-6.3774212291109995,13.079557811764715,218.73835796166256,4.644554558007008,13.05994034159646,11.154856462644025,1.9050838789524356,0.9709192206997841,0.9662360885873689,61.32576625517934
726,2021-04-22,225.419998,226.729996,224.199997,224.899994,223.219345,247800,18672386.459771767,42656800,0.12104987729900028,787171.8799554725,79.42947552144669,1352.8010835363177,819.7841516426406,4948.540723345766,919.6536868072437,218.8930688744788,3.5029703370065577,215.28850165,227.0022293471811,203.5747739528189,10.881888821191579,0.910266167972856,0.0,0.0,219.74266713333333,223.00667003333334,216.47866423333335,2.970750234882235,1.2900309872069446,1.0,0.0,198.169998,226.729996,212.449997,13.265918886105085,0.9359242952327935,0.4178212605877053,5.552041876068046,4.975418270329552,0.5766236057384937,218.97916775,211.5357706153846,219.06085062902392,213.50880875295587,34.031823592762365,35.91365358357779,10.66972636393033,1.3636965747370788,0.6855055314667275,0.6781910432703513,0.3563424585666402,23.929816677652145,143.0645242405417,-0.9985086499999909,92.59549239439285,81.7055550510513,10.889937343341543,220.61999550000002,210.45999899999998,215.53999725,208.83999649999998,197.3624995,198.4700015,100.0,16.0,84.0,215.644002377344,,0.0,0.0,99.99973899191616,75.81958286751708,1.0,0.9753237583815091,0.8624620147874015,43.05638617147001,57.03301897644216,87.13982772728814,92.8425878526852,-12.860172272711864,14.015380673529421,219.78863605851092,4.599785698334624,7.0749808714740885,10.338881344410037,-3.2639004729359486,0.12019275875454483,0.12012058508412693,61.51966814422334
727,2021-04-23,225.789993,226.289993,225.059998,225.190002,223.507187,572500,18220906.935464744,43229300,0.04447219785145266,698437.2656761194,80.42261309558245,45.11750567773159,426.91356864735377,1036.0750258221597,919.6536868072437,219.4989839530788,3.2916732033059035,216.4665015,227.1415995166883,205.79140348331168,9.863048501930272,0.9085911195551839,0.0,0.0,220.58966673333333,223.63166943333334,217.54766403333332,2.7580645503920467,1.2561359604754203,1.0,0.0,202.720001,226.729996,214.7249985,11.091783178285443,0.9358602948480411,0.4178212605877053,5.6297146669784865,5.106277549659339,0.5234371173191477,219.88750183333332,212.6115398846154,220.00379699378948,214.374082326811,35.47175369274761,34.89598654454683,10.367383723942938,1.2660232152768602,0.7473006171852387,0.5187225980916216,0.364614331120065,23.753282679665933,140.1139481435908,-1.1464944999999886,93.36526240767101,84.43085572712216,8.934406680548847,220.61999550000002,210.45999899999998,215.53999725,208.83999649999998,197.3624995,198.4700015,100.0,12.0,88.0,216.5308818671565,,0.0,0.0,99.99986949595808,76.12499416202026,1.0,1.0,0.9370741133158478,44.4555380206872,58.40139612922476,88.88893298059644,89.88377982625786,-11.111067019403578,14.125910120588259,220.57565612043945,5.086569301441894,6.899423982658654,9.65098987205976,-2.751565889401107,0.12894975888706472,0.12886669008915774,61.7279473668505
728,2021-04-26,226.720001,228.059998,225.229996,225.440002,223.755325,390000,17888788.4069266,43619300,-0.007774377202108713,612589.0848652453,80.58654537514461,703.8733807699982,373.60304982973264,1171.205081933839,920.6746620710647,220.0044582118518,3.2495054829753145,217.41100145000001,227.7467041734872,207.07529872651284,9.50798501874724,0.8884109656015273,0.0,0.0,221.3643331,224.33433720000002,218.39432900000003,2.6833628149646995,1.186138598259843,1.0,0.0,204.589996,228.059998,216.324997,10.795222800810107,0.888368309470105,0.4178212605877053,5.6463561451336375,5.214293268754199,0.4320628763794385,220.73083474999999,213.57384773076924,220.8401362255142,215.19378008038055,37.06753260451018,36.48313950384387,9.752872056263895,1.2297452490113785,0.7473031523934666,0.48244209661791193,0.3713128755735558,23.688307407223427,136.60594875698533,0.008996549999977788,93.17880804507726,86.78109566604786,6.3977123790294,221.2849965,211.125,216.20499825000002,209.5049975,198.37249775,198.4700015,100.0,8.0,92.0,217.34681099778396,,0.0,0.0,99.99993474797904,76.40169900177742,1.0,1.0,0.9917745861271697,45.69574627769677,50.47738778440295,82.751840141177,86.26020028302052,-17.248159858823012,14.634380170588173,221.24252938713641,4.69997894807796,3.9761156547685714,8.516015028601522,-4.5398993738329505,0.11101736212959512,0.11095578342734669,61.90749346784352
729,2021-04-27,224.789993,227.179993,224.360001,226.190002,224.499725,296900,17977228.008528303,43916200,-0.01099573035741175,556887.0727416389,80.10674081172607,-831.0855506904637,413.9936479111053,1420.7027993553531,923.737587862528,220.4088813658501,3.206554134677782,218.31350159999997,228.40273336218567,208.22426983781426,9.24288391532602,0.8903419301715834,0.0,0.0,222.27266646666666,225.2406701666667,219.30466276666667,2.6705971068602903,1.1599276701261019,1.0,0.0,206.720001,228.059998,217.3899995,9.774932307713952,0.9123713091431075,0.4081235087924335,5.654877461122624,5.3024101072278835,0.35246735389474004,221.46166841666664,214.61423246153845,221.66319249851202,216.0083150373894,38.09652447373448,34.329935327549535,10.998064271970133,1.242137168299182,0.7423682736501966,0.49976889464898533,0.3765839141214102,23.627219069165776,116.6096473081153,-0.07349659999997016,93.66422902424084,88.82765039737012,4.836578626870718,221.2849965,211.125,216.20499825000002,209.5049975,198.37249775,198.4700015,100.0,4.0,96.0,218.41812969800557,,0.0,0.0,99.99996737398952,77.25341614605075,1.0,1.0,1.0,46.986676022807536,51.0023224145866,86.79381728988203,86.14486347055181,-13.206182710117968,14.769144688235315,222.4979056748859,4.033669432744637,0.07475804640809904,6.827763632162838,-6.753005585754739,0.3326827507746488,0.3321305860103152,62.44613177082261
730,2021-04-28,235.759995,235.759995,222.320007,225.0,223.318619,545100,17649518.706243213,43371100,-0.06454673497210621,384664.6208928339,80.51872167135532,8062.52330213759,951.4026002238933,-1880.0755343939054,923.737587862528,221.15132285037146,4.229897521210003,219.04050124999998,228.85298616825028,209.22801633174967,8.95951649329994,0.8036691928522566,0.0,0.0,223.4176661666667,227.33566846666668,219.49966386666665,3.5073343726339288,0.7019312027118172,0.0,0.0,206.720001,235.759995,221.239998,13.257819368690843,0.629476679643942,0.4316658774723956,5.502181723380403,5.342364430458388,0.15981729292201496,222.0250013333333,215.64654,222.17654749874094,216.67436577536054,40.088569131505764,41.19068351926043,8.44108606740781,1.1370882465422931,0.6454241863967529,0.4916640601455402,0.3787596505037091,24.109454734204764,126.72937039506034,-2.5005082499999673,93.79248474290263,90.42024265211674,3.372242090785889,227.314995,216.059998,221.6874965,213.354996,198.06499875,198.4700015,96.0,4.0,92.0,219.38231652820502,,0.0,0.0,99.99998368699477,72.76582558981926,0.602693339249249,0.8675644464164164,0.9558548154721388,46.917209965442574,40.90109402494087,49.36472941176469,72.9701289476079,-50.63527058823531,14.866645076470576,223.1094111544358,3.0975049693570176,0.9514031011380573,5.652491525957881,-4.701088424819824,-0.5261072503107367,-0.5274960677593477,61.591490893727
731,2021-04-29,226.119995,228.309998,225.179993,228.149994,226.445053,359300,17972084.300259832,43730400,-0.006801310058978261,491397.2242224287,75.58559472987803,-1999.2704397516093,731.2118564840603,2162.379797222847,936.6698894596011,221.68691547324337,4.137907569089004,219.9820006,229.4918978710692,210.47210332893079,8.646068537544892,0.9294469838727114,0.0,0.0,224.44199886666667,228.28900056666666,220.59499716666664,3.428058669434128,0.9819331290305038,0.0,0.0,206.720001,235.759995,221.239998,13.2010773248691,0.7379475698238778,0.4316658774723956,5.571126957646385,5.3881169358959875,0.18301002175039738,222.99250141666667,216.81077034615384,223.0955392681654,217.524412310519,41.938324885150514,38.798267822271775,7.950815329417852,1.1643760307044588,0.8163075491999001,0.3480684815045587,0.3809290183478494,24.36258196921464,108.10866241029278,-4.511999599999996,94.73985676759376,91.68375725409312,3.056099513500641,227.314995,216.96499649999998,222.13999575,213.354996,198.06499875,198.4700015,100.0,4.0,96.0,221.34763794482043,,0.0,0.0,99.99999184349738,76.63492150004633,0.9452418754748002,0.8493117382413499,0.9056253948859222,47.964154325559996,42.1669434582967,64.18823058823524,66.78225909662733,-35.81176941176476,14.360586155882345,224.3767299001619,5.361596645105637,-1.3999616302390792,4.2420008947184895,-5.6419625249575684,1.399997333333336,1.3902878870503343,63.85376745713274
732,2021-04-30,226.860001,226.960007,223.369995,224.199997,222.524582,373900,17771073.832551092,43356500,-0.06178894810816728,210211.35243351053,69.7258658166063,-1517.036430846228,557.0718059961544,-1443.199531543025,936.6698894596011,222.12410162358913,4.2021167121801035,220.57950044999998,229.5578997446232,211.60110115537677,8.140737717064873,0.7016226072819113,0.0,0.0,224.86799883333333,228.73000143333334,221.00599623333332,3.4349063628768564,0.4135161336590849,0.0,0.0,212.5,235.759995,224.1299975,10.54494862512053,0.5030094374482881,0.6328027551701789,5.246555776998406,5.359804704116471,-0.11324892711806545,223.7200010833333,217.69000115384614,223.2654558422938,218.01890006529538,42.847651558878006,35.584033211989166,10.429138924248745,1.074995794444046,0.8563645569109046,0.2186312375331414,0.3785197766167106,24.524604663487935,65.20839308617451,-2.5294974499999796,92.34662405070554,92.50351381644252,-0.15688976573697744,227.71999399999999,216.96499649999998,222.34249524999998,213.354996,198.06499875,198.4700015,96.0,4.0,92.0,222.320007,,0.0,0.0,49.99999592174869,64.29900893003384,0.0,0.5159784049080165,0.7442848631885942,44.964124292192096,37.749318369304824,45.600009411764674,53.05098980392154,-54.399990588235326,13.469175373529424,224.36916338925388,4.051606237287761,-3.052546617282493,2.783091392318293,-5.835638009600786,-1.7313158465390943,-1.7464783817773721,61.01694121599608
733,2021-05-03,225.619995,225.619995,223.059998,223.5,221.829819,385100,17518352.714401342,42971400,-0.09734265823636543,141671.32427158067,70.72071301634656,-548.4313282229195,583.9083433348181,-7675.748774059255,936.6698894596011,222.57940742948287,4.037904740962091,221.02150025,229.6544588668872,212.3885416331128,7.811872245118567,0.6435486870718762,0.0,0.0,225.27166503333333,229.14166623333335,221.40166383333332,3.4358526177070483,0.2711027798475455,0.0,0.0,212.869995,235.759995,224.314995,10.356458522862647,0.464395150720839,0.8085851771074177,4.876632090997873,5.263170181492752,-0.38653809049487897,224.17416749999998,218.5311548076923,223.30153955886396,218.4249074678661,43.55482910537195,33.96130445078621,10.505757565350528,1.093448150373547,0.8434023254130141,0.25004582496053285,0.3717536559184865,24.581583131141866,46.831713624826456,-0.4514932499999986,89.69050878010948,92.69000184000785,-2.99949305989837,229.04000100000002,219.239998,224.13999950000002,213.354996,198.06499875,198.4700015,92.0,4.0,88.0,,235.759995,0.0,1.0,24.999997960874346,62.38258309917232,0.0,0.31508062515826685,0.5601235894358777,41.94008887265897,36.94780237438716,42.305905882352924,50.69804862745095,-57.694094117647076,12.314793008823557,224.3316014014194,2.499425326767822,-4.164897330446819,1.3934936477652706,-5.55839097821209,-0.3122198971305057,-0.3127083203525949,60.51421428776882
734,2021-05-04,222.619995,228.110001,222.580002,227.339996,225.641129,434700,17831996.210231993,43406100,-0.052093759230841453,359896.3152613557,76.2306308575582,1278.50854497241,697.9907621715727,6266.304537224276,936.6698894596011,223.12833762739788,4.187114166865882,221.63800030000002,230.22663953265405,213.04936106734598,7.750150444444369,0.8319498901712504,0.0,0.0,225.70666513333336,229.81466533333338,221.59866493333334,3.6401230752962226,0.6987987812983366,0.0,0.0,212.869995,235.759995,224.314995,10.327651381539745,0.6321538226299701,0.740096427984999,4.83755615363566,5.178047375921334,-0.3404912222856744,224.73833325,219.33076992307693,223.92284054980797,219.0852843961723,44.53889138158644,35.02265794601278,9.498131862472496,1.0980849132935533,0.8073787540923633,0.29070615920119003,0.36518067445116,24.65401975214401,71.75062911970791,-1.7879943000000083,88.93149054662952,92.47830630659142,-3.546815759961902,229.04000100000002,220.17499550000002,224.60749825000002,213.57,199.79250325,198.4700015,88.0,8.0,80.0,,235.50599506,0.0,0.0,12.499998980437173,68.01454321752189,0.3787252604205509,0.12624175347351707,0.31910026117993345,41.02052165673203,43.98744659579429,60.3764752941177,49.42746352941177,-39.6235247058823,11.493617467647056,224.50735544683866,3.0693153126662454,-4.133965120912702,0.28800189402967613,-4.421967014942378,1.718119015659969,1.703526261014865,63.27203952628415
735,2021-05-05,228.0,228.0,224.100006,225.690002,224.003464,385600,17760808.21066071,43020500,-0.05580309486589527,217591.45788116092,70.45798189809749,713.0450259312689,758.659598777717,4670.045882431828,929.8717029337729,223.7439082509899,4.158402150179294,222.20800074999997,230.2671708757556,214.14883062424434,7.253717326607672,0.7160272829377424,0.0,0.0,225.86933193333334,230.0253302333333,221.71333363333332,3.6800022955100964,0.47842516762659393,0.0,0.0,213.899994,235.759995,224.8299945,9.837630025119614,0.5393416038727534,0.7938787322747005,4.6201888049486115,5.066475661726789,-0.4462868567781779,225.22499958333333,220.00577003846152,224.1947115421452,219.5745227371966,45.45266349521417,32.64467987147112,8.853225089466237,1.1275698512272918,0.8051029740633007,0.32246687716399114,0.3567529400957782,24.746579757172146,64.20284851789454,0.26200025000002825,87.29066867471272,91.8888814488492,-4.598212774136485,229.04000100000002,221.239998,225.13999950000002,213.57,201.21749875,197.439995,84.0,4.0,80.0,,234.9889553376,0.0,0.0,6.2499994902185865,63.60780467811114,0.08239091751460444,0.15370539264505187,0.19834259042561195,38.81969787816001,44.21580033436247,40.37896388395499,47.687115020141874,-59.62103611604501,10.05650002941178,224.52022309175499,2.656354714859541,-4.947686306288544,-0.7591357460339678,-4.188550560254576,-0.7257825411416063,-0.7284291561819423,62.087039568836566
736,2021-05-06,226.690002,227.130005,224.779999,226.339996,224.648605,263700,17847210.473293234,43284200,-0.05022451519560478,210993.16644099588,60.421311255000056,-84.66170648691396,705.5402024540716,-2039.1535401375381,932.5497614313608,225.10799294496923,3.977562535161365,222.7590002,230.35252421125236,215.16547618874765,6.817703441328658,0.7357927488405622,0.0,0.0,225.94999903333337,230.08799803333335,221.81200003333333,3.6627563776971273,0.5471238594628312,0.0,0.0,214.509995,235.759995,225.134995,9.539457431987522,0.5567059294117652,0.8217051763731548,4.449086400080432,4.942997809397518,-0.49391140931708577,225.54749916666665,220.61653884615387,224.5247553048921,220.07566890481166,46.301166172154204,31.26704144406618,8.479610058234973,1.0795896937465614,0.8828170731707314,0.19677262057583,0.3473326559087398,24.755926188947125,61.79134016673259,1.8710048000000086,84.99122275754758,90.95843259883549,-5.967209841287911,229.04000100000002,221.239998,225.13999950000002,213.57,201.98249825,198.2049945,80.0,4.0,76.0,,234.492597204096,0.0,0.0,3.1249997451092932,64.58135653151571,0.1478581210220053,0.2029914329857203,0.16097952636809643,37.35269312214057,43.78759391073528,44.227359384251145,48.32759952077461,-55.772640615748855,9.093207285294113,224.54527195787963,1.7395581348516365,-7.845947895747238,-2.176498175976622,-5.669449719770616,0.2880030104302156,0.28758907633141817,62.553855122312015
737,2021-05-07,225.649994,227.570007,225.029999,226.0,224.311142,368200,17760233.49951992,42916000,-0.07587232271508917,162967.4959208529,67.11896531804076,237.99709397283834,745.2505290678979,206.37332521312226,932.5497614313608,225.5289542439539,3.8338070816452285,223.18800030000003,230.4904156270452,215.88558497295486,6.5437347144376625,0.6925390144261908,0.0,0.0,226.0186661333333,230.28766643333333,221.74966583333335,3.7775643693796614,0.4978137582546738,0.0,0.0,214.509995,235.759995,225.134995,9.521121194435468,0.5407061176470587,0.8549970269881272,4.23720778202042,4.801839803922098,-0.5646320219016783,225.66166541666666,221.25807703846155,224.7517160272164,220.51450824519597,47.15294231446291,30.61415024943594,8.082579777406295,1.084081814476011,0.8573002486151444,0.2267815658608665,0.3366495976462038,24.64390034112048,59.72181692622388,1.7119936999999652,81.36772394507324,89.64608992105725,-8.278365975984016,229.04000100000002,221.239998,225.13999950000002,213.57,202.56750475,198.79000100000002,76.0,12.0,64.0,,234.01609339593216,0.0,0.0,1.5624998725546466,63.62259335831979,0.0833853930871587,0.10454481054125625,0.1537472120573428,35.88318992596603,50.113680261966046,39.303521230905325,41.30328149970382,-60.696478769094675,8.523442861764721,224.55816153236603,0.6098895826494722,-8.136975284911625,-3.3685935977636228,-4.768381687148002,-0.15021472387054535,-0.15032765929809955,62.30967529769911
738,2021-05-10,226.570007,228.940002,226.570007,226.860001,225.164719,478600,17398757.061721534,43394600,-0.09877950187441949,198485.92201787466,67.78667563526028,720.5069536131364,728.125039618596,1268.1327433458273,932.5497614313608,225.95469155233198,3.7444265734807045,223.6190001,230.71705706149717,216.52094313850282,6.348348716632311,0.7283019788077609,0.0,0.0,226.1399999333333,230.36299953333332,221.91700033333336,3.7348541622401448,0.5852475887834173,0.0,0.0,214.509995,235.759995,225.134995,9.502770332796958,0.5811767529411769,0.8682483314022879,4.0915228159389585,4.65977640632547,-0.5682535903865116,225.82499933333335,221.82000015384617,225.0760675614908,220.98454474555183,48.1398166561816,31.495611448976668,7.636862037826218,1.0873488391594037,0.8482900603696322,0.23905877878977155,0.32569755482078483,24.562691710712297,81.7599868713887,1.5710018999999988,78.84879770046768,87.99993088508246,-9.151133184614778,229.04000100000002,224.1299975,226.58499925,213.57,202.60749825,198.8299945,72.0,8.0,64.0,,233.55864974009486,0.0,0.0,0.7812499362773233,65.03652559409667,0.17846629617575097,0.13656993676163842,0.1480353934295383,35.05719990004678,44.091124443917714,33.779747422393584,39.103542679183356,-66.22025257760642,8.283650344117603,224.588380286524,0.871501579497605,-6.151993445365633,-3.925273567284025,-2.2267198780816084,0.38053141592921946,0.3798092266615427,62.92731460329954
739,2021-05-11,225.800003,225.800003,222.570007,224.75,223.070465,345900,17519767.595790304,43048700,-0.07244046576169584,65866.59802960634,60.7018674768481,-3333.6467490609953,342.8743346822972,-1395.956149149744,923.8762142194398,225.9994860915132,3.7989833161326345,224.02950045000003,230.34944778598688,217.70955311401318,5.6420670699994435,0.5570020216701272,0.0,0.0,225.9863337333333,230.25033373333335,221.72233373333333,3.773679522613596,0.3550265322076294,0.0,0.0,214.509995,235.759995,225.134995,9.485357936037838,0.48188258823529395,0.9552412795074742,3.762435964268974,4.480308317914171,-0.7178723536451974,225.78833250000002,222.20807692307693,225.0259033212614,221.26346735699244,47.08846923252156,28.98394928767979,14.463423401125308,0.9724893792251941,0.9429867574048133,0.02950262182038077,0.3124748505747482,24.537539959881848,6.441246220401023,1.4105015499999638,74.98432427541204,85.9101352775835,-10.925811002171471,225.75500449999998,224.314995,225.03499975,213.57,204.5499995,200.229996,68.0,4.0,64.0,,233.11950383049108,0.0,0.0,0.39062496813866165,58.97941238647565,0.0,0.08728389642097001,0.10946621457462156,32.52016187742113,47.77981551465039,18.08032120266771,30.38786328532221,-81.91967879733228,7.283121499999993,224.5903909842779,-0.19539144548699489,-7.071167945103596,-4.554452442847939,-2.516715502255657,-0.9300894784003866,-0.9344418187171577,61.411944792733955
740,2021-05-12,224.179993,224.25,218.050003,218.210007,216.579346,524100,17022718.60771821,42524600,-0.09679715415171838,-433201.53473176673,53.575083027623656,-3590.3477571054186,-10.20772536354106,-18467.948499335347,923.8762142194398,225.4969848359599,4.089084684519371,224.16650074999998,229.8222016470467,218.51079985295326,5.045982230283557,-0.026592004990073973,0.0,1.0,225.23400066666665,228.77400156666667,221.69399976666668,3.1433983230968696,-0.49208924871554305,0.0,1.0,214.509995,235.759995,225.134995,9.479560919630407,0.17411821176470527,1.5060902672512766,2.940018778894853,4.172250410110308,-1.2322316312154555,225.18583291666667,222.33115430769232,223.97730388722118,221.03728510832633,44.46955459479231,25.55619293896907,20.731336278572254,0.8601485470313857,0.9794684005977851,-0.1193198535663994,0.29179309084424676,24.668221273628358,-123.07646946808562,2.0235012500000096,68.31829854873686,82.9744065865994,-14.656108037862538,223.4950025,224.314995,223.90499875,213.57,205.90250025,201.1299975,64.0,4.0,60.0,,232.48653402066162,0.0,0.0,0.19531248406933083,44.99235418272895,0.0,0.0594887653919171,0.09444753285817518,25.008751294856634,41.05838096656264,0.90346737593098,17.587845333664095,-99.09653262406901,5.711503405882354,224.2338885270354,-3.207059499582511,-4.305819668307202,-4.504725887939792,0.19890621963258948,-2.9098967741935544,-2.953073940950368,56.715023818047115
741,2021-05-13,219.100006,224.479996,218.929993,223.270004,221.601532,235800,17155702.045781218,42760400,-0.13573419751269408,-200865.9879700855,50.641649927902264,1306.281940194648,79.8754485305244,-9782.883679746086,945.2996628347993,225.35209635586327,4.307175116067435,224.42750080000002,229.36641777357386,219.48858382642618,4.401347389217854,0.3828187630817324,0.0,0.0,224.73533426666668,228.51733496666665,220.95333356666669,3.365737490582885,0.306275780611744,0.0,0.0,218.050003,235.759995,226.904999,7.891186212416263,0.2947489191412394,1.6109307879289527,2.6658168270616613,3.8709636935005793,-1.205146866438918,224.94249975000002,222.67653934615385,223.8684885199564,221.20267169289474,42.097574174794936,23.225245936513613,18.523566220872993,0.8623644223474538,0.9618978295149455,-0.0995334071674917,0.2710628514165427,24.882034690117532,-81.54960852317792,0.5724991999999816,62.8171151271251,79.6933500395349,-16.876234912409807,223.4950025,224.8299945,224.1624985,213.57,205.90250025,201.1299975,60.0,16.0,44.0,,231.3316115390087,0.0,0.0,0.09765624203466541,54.068373727952725,0.2813304644324005,0.09377682147746695,0.08018316109678468,21.782728405947008,42.519150149607455,29.474891914123937,16.152893497574215,-70.52510808587607,4.228413832352942,224.2030549391708,-1.2909491905835841,-7.633622801323649,-5.130505270616563,-2.503117530707086,2.3188656971171895,2.2923885383647757,60.34903474759283
742,2021-05-14,223.740005,226.320007,223.419998,224.360001,222.683395,189700,17088979.98764278,42950100,-0.17644852225179006,-142631.92813150157,48.71481318499422,4838.456344265703,375.20280306593185,6393.994630752944,949.914585476136,225.26123062484095,4.181457904460691,224.6170005,229.22938815585104,220.00461284414894,4.106890970482042,0.4721402970461556,0.0,0.0,224.72100116666667,228.43400156666667,221.00800076666664,3.304542415460518,0.4513870013767517,0.0,0.0,218.050003,235.759995,226.904999,7.884528758098165,0.3562959260512375,1.6709900178671604,2.5075578867129877,3.5982825321430614,-1.0907246454300736,224.88916650000002,223.02423142307694,223.9441058245785,221.4365479378655,40.367880108903606,25.185786916232583,17.544769767014266,0.9280403621800914,0.9592125405277043,-0.031172178347612878,0.25165180219515354,25.00013731794372,-3.7411629732375165,3.5329935000000035,58.80519841392504,76.26164888773664,-17.4564504738116,223.4950025,225.134995,224.31499875,213.57,207.04000100000002,201.1299975,56.00000000000001,12.0,44.00000000000001,,230.269082855888,0.0,0.0,0.04882812101733271,55.76166197194737,0.33381752285347094,0.2050493290952906,0.11943830532155823,19.90809687162345,42.60442036679564,35.62959260512375,22.002650631726226,-64.37040739487625,3.3509431294117746,224.2037964191809,-0.2844439999999951,-11.361736744146086,-6.3767515653224685,-4.984985178823617,0.4881967933318965,0.4870089771384478,61.131853593369236
743,2021-05-17,223.580002,224.389999,221.399994,223.839996,222.167282,247500,17245426.131545555,42702600,-0.14810393718719128,-140641.8294698584,49.21304314320766,-2385.9708343555617,264.1395685184249,352.472140420212,949.914585476136,225.1249112838057,4.062312614014622,224.8165,228.901939948383,220.731060051617,3.6344662855110705,0.38048973766136573,0.0,0.0,224.63600103333334,228.39200223333333,220.87999983333333,3.3440776925535225,0.39403557254809773,0.0,0.0,218.050003,235.759995,226.904999,7.877532120640611,0.3269336880558732,1.7455992223502508,2.3135078008362484,3.3413275858816993,-1.027819785045451,224.52999999999997,223.27115442307692,223.9280889284895,221.61458112765325,38.07927701722115,23.855014468405088,20.18740944099711,0.9104413630203959,0.9755611521544346,-0.06511978913403871,0.23300105407793806,25.05175592215271,-77.30887708118037,-0.6165029999999945,54.989823683016716,72.49035256955743,-17.500528886540714,223.4950025,225.134995,224.31499875,213.57,208.28250125,201.904999,52.0,8.0,44.0,,229.29155646741697,0.0,0.0,0.024414060508666353,54.72515325821896,0.3075856322872838,0.30757787319105184,0.20213467458793644,18.116093170855248,44.197762375912355,32.69336880558732,32.59928444161167,-67.30663119441267,1.9149708970587938,224.20182835276455,-1.8891072160185893,-13.156188369919386,-7.732638926241853,-5.423549443677533,-0.23177259657793936,-0.2320416049994556,60.75839411238173
744,2021-05-18,223.690002,223.690002,220.830002,221.380005,219.725662,354300,17027396.1056015,42348300,-0.21643152696055695,-245060.82687416446,40.05611172864247,-512.5837623482821,-348.36807894485173,-4467.377468144783,949.914585476136,224.61564955253652,3.95708075261316,224.76200019999996,228.99751985225618,220.52648054774374,3.7688930054789718,0.1007579379075249,0.0,0.0,224.23166803333334,227.72066933333332,220.74266673333332,3.11196124133665,0.09133534382269917,0.0,0.0,218.050003,235.759995,226.904999,7.879442247462257,0.18802955981007827,1.912140882964715,1.9388708982167486,3.0608362483487093,-1.1219653501319606,224.29500066666665,223.39192365384613,223.5360760164142,221.59720511819745,35.76815022076431,22.562560572850867,20.119643808293816,0.9175588853445824,1.139248175741841,-0.2216892903972585,0.21301092899486807,25.083654210642813,-134.61852572472847,-1.2620001999999602,49.029487731868905,68.23911024257478,-19.209622510705877,223.4950025,225.134995,224.31499875,213.57,209.7249985,202.814995,48.0,4.0,44.0,,228.3922321900236,0.0,0.0,0.012207030254333177,49.99102547941814,0.1579730003119409,0.26645871848423197,0.2596953069235248,15.046757660529664,44.07484211120292,30.578533570113375,32.96716499360815,-69.42146642988662,1.1605583852941095,224.0484192524988,-1.2578019793639805,-12.097991580866944,-8.60570945716687,-3.4922821237000736,-1.0989952841135686,-1.105078850418728,58.99166694226994
745,2021-05-19,219.610001,219.610001,216.0,217.419998,215.795242,646200,16889563.11580454,41702100,-0.2476816371427394,-575617.3549492855,38.035445348279346,-2488.7898282267915,-383.3337495502219,-15452.853425612237,949.914585476136,223.58048685554047,4.099373177351845,224.40149985,229.71161278944348,219.0913869105565,4.732689347435737,-0.15737790604616425,0.0,1.0,223.40633440000002,226.8663364,219.9463324,3.097496773574029,-0.3650770144063492,0.0,1.0,216.0,235.759995,225.8799975,8.805643016293772,0.0718622651473339,2.2397091193606604,1.3073585682645046,2.7101407123318686,-1.402782144067364,223.78833383333335,223.42577,222.59514093696586,221.28778236870136,34.16298353457779,20.43175963558269,26.69805310864952,0.7990770188775291,1.046012211193776,-0.24693519231624683,0.18905377192936032,25.084522051638068,-247.09306627570714,2.93849615000002,41.30055119906993,63.384591180521724,-22.084039981451795,222.470001,225.134995,223.802498,214.9749985,210.42749775,202.814995,44.0,100.0,-56.0,,227.5648538548217,0.0,0.0,0.006103515127166588,43.471646894834684,0.0,0.15518621086640835,0.24307426751389738,10.115753388953607,41.62748242597415,10.973707732038939,24.748536702579884,-89.02629226796105,0.27538175882349947,223.54490515900505,-2.7203588366890417,-4.910508027643344,-7.866669171262166,2.9561611436188224,-1.7887825957904502,-1.8049746966008584,56.14765167524951
746,2021-05-20,218.169998,220.690002,216.929993,220.029999,218.385742,252700,17053549.095120016,41954800,-0.21161825990898497,-399165.2681422443,43.84431467533617,1495.369119498597,-168.16192452559153,-8525.596167909014,961.3177592449414,223.2724107145139,4.06543675961666,224.15800010000004,229.79115512799623,218.52484507200384,5.0260575357410096,0.13359777251963623,0.0,0.0,222.71966753333336,226.32066983333334,219.11866523333333,3.2336635016402946,0.12653890371948265,0.0,0.0,216.0,235.759995,225.8799975,8.815208465093725,0.20394736941988106,2.3538691821058833,1.0058904856151685,2.3692906669885287,-1.3634001813733603,223.17916741666667,223.60115453846154,222.2005037158942,221.19461323027903,32.33646069092756,20.982012205542855,24.926300012434258,0.8664741318446121,1.0244259444752684,-0.15795181263065627,0.16546063060963556,25.075982643453113,-156.39573370212045,1.5320018999999547,33.701728426859546,58.088369456275764,-24.386641029416218,222.470001,225.134995,223.802498,214.9749985,210.42749775,202.814995,40.0,96.0,-56.0,,226.40836846933954,0.0,0.0,0.003051757563583294,48.260845897812615,0.19513585275389211,0.11770295102194445,0.17978262679086157,7.687471642695644,45.31725280492004,31.14372779849652,24.231989700216285,-68.85627220150347,-0.5752353029411665,223.3850968930729,-3.215446964290441,-7.466236377054172,-7.786582612420568,0.3203462353663955,1.2004420126983995,1.1932938570146767,58.022113687801145
747,2021-05-21,220.699997,221.539993,218.919998,219.960007,218.853394,267400,16998438.3602522,41687400,-0.16644227473042417,-344815.3528076385,50.207818629892735,1391.3192445811676,-29.60831218244245,2948.4564703152505,961.3177592449414,223.04397355717734,3.9208925836549957,223.89650035,229.79315454722473,217.99984615277526,5.267303587154737,0.16620958103217917,0.0,0.0,222.11366726666665,225.72266826666663,218.50466626666667,3.249688363991632,0.20162653506237938,0.0,0.0,216.0,235.759995,225.8799975,8.825504181222458,0.20040526326044059,2.4488169777661253,0.7526509965239256,2.045962732895608,-1.2933117363716824,222.70166783333335,223.67461623076923,221.85581191344895,221.10316091692502,30.376715984635975,21.525657437450434,23.743880554124942,0.9081877281763953,0.9848187059461404,-0.07663097776974515,0.1427508041776912,25.029614816998215,-109.68783874763301,2.443495650000017,27.79479256499683,52.41570221900122,-24.62090965400439,221.16000350000002,225.8799975,223.5200005,214.9749985,211.8724975,203.5149995,36.0,92.0,-56.0,,225.36753162240558,0.0,0.0,0.001525878781791647,48.1430520569727,0.19033634419992293,0.12849073231793848,0.13379329806876375,5.776473786975006,51.30713406059489,30.602831436965715,24.240088989167063,-69.39716856303428,-1.6904425117646724,223.23636574278842,-2.538878527724947,-9.204609893943857,-8.070188068725226,-1.1344218252186309,-0.03181020784353006,-0.03181526836337767,57.97184652499831
748,2021-05-24,221.660004,221.660004,218.929993,220.759995,219.649368,157700,17052159.717455525,41845100,-0.11762958909384706,-277533.42989226134,47.19885257845429,112.52942614646322,-112.89253495572436,488.48971146931586,964.814043328906,222.68394438850495,3.8018044252894954,223.6625,229.66604559904837,217.65895440095161,5.368397115339746,0.25826743112769346,0.0,0.0,221.413,225.0580026,217.76799739999996,3.292491949433887,0.41042461807846525,0.0,0.0,216.0,235.759995,225.8799975,8.834737606885376,0.24089049617674513,2.550321056631326,0.6094834766202268,1.758666881640532,-1.1491834050203051,222.23666775,223.68192346153847,221.68722469599524,221.077741219375,28.518421052927682,20.65991682711617,22.543854852893052,0.9126217218454081,1.0291264734529282,-0.11650475160752005,0.12204656885884141,25.007893607711033,-88.15895802945123,2.3375000000000057,21.81819176402281,46.50835416218019,-24.69016239815738,221.16000350000002,225.8799975,223.5200005,214.9749985,212.91999825,205.17499550000002,32.0,88.0,-56.0,,224.43077846016502,0.0,0.0,0.0007629393908958235,49.655564245819896,0.28675873568427923,0.22407697754603154,0.15675688696197146,4.688578860865986,47.48012654767356,36.78511796211474,32.843892399192335,-63.21488203788526,-2.3480891852941284,223.12699183157198,-2.465318149073401,-13.130895344412021,-9.082329523862587,-4.048565820549435,0.36369702425040895,0.3630372458688136,58.54638542996318
749,2021-05-25,220.800003,222.639999,219.710007,221.520004,220.405533,287800,17119935.5255806,42132900,-0.12068932509505542,-206638.56987908133,54.47659124763878,895.9020656580938,-99.83131783237971,1564.3573967429784,964.814043328906,222.32615230526454,3.7146231827605454,223.42900010000002,229.38423943160174,217.4737607683983,5.330766667654005,0.3397212946699002,0.0,0.0,221.10466666666667,224.71966886666664,217.48966446666668,3.269946541155451,0.5574463458602242,0.0,0.0,216.0,235.759995,225.8799975,8.8439705638731,0.27935249983615884,2.610911919627615,0.5509970097256485,1.5171329072575555,-0.966135897531907,221.86333475,223.74615415384616,221.6614984350729,221.11050142534725,26.49244353877393,21.365651858282554,21.29963336450082,0.8966258540291197,1.0085340945434258,-0.11190824051430615,0.10401136155154171,24.981182142587894,-58.822288384298986,3.4310008999999866,15.950826237428695,40.689746127590396,-24.738919890161704,221.16000350000002,225.8799975,223.5200005,214.9749985,212.91999825,205.17499550000002,28.000000000000004,84.0,-56.0,,223.5877006141485,0.0,0.0,0.00038146969544791177,51.11435573113775,0.354405371014891,0.2771668169663645,0.20991150894344482,4.223806453802143,49.57282081614087,42.658447811677334,36.68213240358593,-57.341552188322666,-2.763030264705918,223.09273874430602,-1.9822991150442477,-13.173166929823084,-9.900497005054687,-3.2726699247683975,0.34426935006952597,0.3436780997497557,59.092212040641634
750,2021-05-26,223.479996,223.479996,220.039993,221.339996,220.22644,254400,17057814.871383496,41878500,-0.08685433386074601,-183660.77921064067,54.33261377369364,791.0269319868501,-37.28212936996801,784.0807793651321,964.0300317580524,222.0722826968744,3.6871611644844897,223.24599990000002,229.2217926250416,217.27020717495844,5.353549651701125,0.3405229240956695,0.0,0.0,221.24966583333335,224.58866863333333,217.91066303333332,3.018312174550594,0.5135265185561823,0.0,0.0,216.0,228.940002,222.470001,5.796297360667734,0.41267350654196316,2.6823129064351785,0.48453549851510047,1.3106134255090647,-0.8260779269939642,221.40333433333333,223.7026924230769,221.61203652198478,221.12750102346968,24.88507279401938,21.564790595204258,19.910246391424806,0.8921181719880867,0.975878939579248,-0.08376076759116124,0.08817369018626404,24.963301461438856,-44.21887644946941,1.5040000999999847,12.691419312045488,35.12022437035933,-22.42880505831384,221.16000350000002,225.8799975,223.5200005,214.9749985,213.4375,205.4349975,24.0,80.0,-56.0,216.0,,1.0,0.0,0.00019073484772395589,50.73934443609269,0.33701546123265375,0.32605985597727477,0.2757678834965569,3.740266359811064,45.75287979051137,41.26735065419632,40.2369721426628,-58.73264934580368,-2.1635018911765087,223.04079319140436,-2.4332209184817897,-13.919898980088458,-10.704377400061441,-3.2155215800270174,-0.0812603813423518,-0.08129341548723801,58.96293310245142
751,2021-05-27,223.720001,223.720001,221.740005,221.869995,220.753769,338400,16763847.906601746,42216900,-0.1778989639792817,-131801.85909483608,53.97241980057167,567.5570183114608,-13.742134774352118,603.5729701903066,964.0300317580524,221.76789177901975,3.5564455480360393,222.93199995,228.489387923559,217.374611976441,4.985724772401839,0.40445106990434765,0.0,0.0,221.2713327666667,224.25333486666668,218.28933066666667,2.695335236349446,0.6003792440879424,0.0,0.0,216.0,228.940002,222.470001,5.804461451430132,0.45363169186527114,2.7344027900251993,0.4692218643926651,1.1423351132857849,-0.6731132488931197,221.1633339166667,223.5965381923077,221.6517224416794,221.18250057728673,23.472608297625218,21.032673157511955,18.98741842533714,0.9117931863750662,0.9719949345021958,-0.06020174812712953,0.07478364272884826,24.92433456136479,-16.35035712291699,-4.721992950000015,8.204644837219734,29.4979406396143,-21.293295802394567,220.1949995,225.8799975,223.0374985,214.9749985,215.10000225,208.205002,20.0,76.0,-56.0,216.14959992,,0.0,0.0,9.536742386197794e-05,51.859252101737844,0.3889474790873833,0.36012277044497615,0.32111648112953844,3.638858659507218,46.166580367015456,45.36316918652711,43.09632255080026,-54.63683081347289,-1.552294894117665,223.0211696914868,-1.2814260289210284,-12.29251867811165,-11.022005655671483,-1.2705130224401664,0.23945017149091807,0.23916394638767713,59.343570118372234
752,2021-05-28,221.419998,223.380005,219.910004,222.660004,221.53981,261300,16916712.052375764,42478200,-0.12791570423789544,-83483.11469557387,45.53548947525305,-1440.8518484494905,-168.124906350254,1740.7061786847926,967.4626383228074,221.15679138341125,3.547801093232438,222.85500030000003,228.38257466493258,217.32742593506748,4.960691353114366,0.48236149465151323,0.0,0.0,220.99966633333332,224.03866763333335,217.96066503333333,2.7502315731249025,0.7731715953307825,0.0,0.0,216.0,228.940002,222.470001,5.806466977442996,0.5146833825837114,2.7415126043617124,0.5148974061555123,1.0168475718597305,-0.5019501657042182,221.534167,223.51038473076926,221.80684268142102,221.2919452752655,22.087961409686724,19.605862088064747,21.276969013843242,0.8598646250548113,1.015277479331715,-0.15541285427690366,0.06415833065420565,25.0105690105899,-26.241257773138102,0.41500369999997133,4.207944801562123,23.855509652786008,-19.647564851223883,219.8600005,225.8799975,222.869999,214.9749985,215.53999725,208.83999649999998,16.0,72.0,-56.0,216.45241596320002,,0.0,0.0,4.768371193098897e-05,53.554251952329786,0.6501649165980651,0.4587092856393675,0.38163063735387276,4.0073181682500625,53.02533269581733,64.53487870696196,50.38846618256181,-35.46512129303804,-1.358116755882378,223.0135504068489,2.0393184809347433,-12.805739579142081,-11.378752440365602,-1.4269871387764788,0.3560684264674929,0.35543600363991956,59.91094226116984
753,2021-06-01,224.990005,226.100006,223.529999,223.869995,222.743713,327400,16675938.034639621,42805600,-0.12722606695890915,-14963.947824777497,53.37991781279046,2488.3680665809497,247.73329476702776,2709.5815324083324,967.4626383228074,221.1526400007135,3.5370211839091965,222.87350005000002,228.41205106289723,217.3349490371028,4.97012970286255,0.5899598963410743,0.0,0.0,221.1286667,224.1256682,218.1316652,2.7106404110562208,0.9573451664939078,0.0,0.0,216.0,228.940002,222.470001,5.80598500813107,0.6081911733862169,2.7130550519735395,0.6413388088910494,0.9417458192659943,-0.3004070103749449,221.58416624999998,223.45961523076923,222.12425073043318,221.48291192154213,21.131749572173998,23.62166449110077,19.84006158114198,0.9777652337470271,0.912593520442232,0.0651717133047951,0.05678202837203938,25.05321904554885,47.88331012851887,1.4865009499999928,1.443100345815769,18.56813327655788,-17.125032930742112,221.050003,225.8799975,223.46500025,214.9749985,215.53999725,208.83999649999998,12.0,68.0,-56.0,216.74311936467203,,0.0,0.0,2.3841855965494486e-05,56.103552228204,1.0,0.6797041318951496,0.49951206265983106,5.01936087071691,47.94693689796486,76.25958974640217,62.05254587996375,-23.740410253597833,-0.6848512941176352,223.01726608232948,0.26872888845381515,-11.417167957660807,-11.386435543824643,-0.030732413836163985,0.5434253921957177,0.5419541640228509,60.779938926316454
754,2021-06-02,224.100006,224.899994,222.710007,223.410004,222.286041,243700,16588028.246088363,42561900,-0.19345110166453547,-28840.499092666505,56.99104642727267,-907.6287443471618,439.3560813926175,1278.4385514263606,965.4747698437611,221.43049676539624,3.4023177655182772,222.67700044999998,227.8334283836246,217.52057251637535,4.631307160779233,0.5710766793830427,0.0,0.0,221.29933323333336,224.22933343333335,218.3693330333333,2.6479973140368145,0.8601827001012903,0.0,0.0,216.0,228.940002,222.470001,5.811108454779796,0.572643188154066,2.453090312209597,0.6963994428417948,0.8926765439811545,-0.1962771011393597,221.5049998333333,223.38153838461537,222.32205892575115,221.62565948290936,19.946009996505044,22.57636538143886,20.619011989510863,1.063785647004077,0.9074698298894281,0.15631581711464881,0.05137769099039974,25.045552645428472,28.49828134186623,1.1629955500000335,-0.28397763919847246,13.947630072305836,-14.231607711504308,221.5149995,225.8799975,223.6974985,214.9749985,216.20499825000002,209.5049975,8.0,64.0,-56.0,217.3045325627917,,0.0,0.0,1.1920927982747243e-05,54.8705434444895,0.9023893267742198,0.8508514144574284,0.6630882773306485,5.559496148676216,49.19996641726052,71.80231563796404,70.86559469710939,-28.197684362035957,-0.36988107352942734,223.02888809584294,-0.4234252967399588,-12.339626840643396,-11.577073803188393,-0.7625530374550031,-0.2054723769480571,-0.20568376104339592,60.44958056414893
755,2021-06-03,223.119995,223.929993,221.490005,223.199997,222.077087,146600,16646908.623204973,42415300,-0.17991077744221606,-29118.574393713945,52.31523925038792,-1822.5037653355985,215.87138814045707,-638.5412300633524,964.5672166618966,221.43647983098117,3.3060847889664493,222.55250020000003,227.52902681962803,217.57597358037202,4.472227106103752,0.5650550925866816,0.0,0.0,221.81899976666668,224.63199866666665,219.00600086666662,2.536301131065444,0.7454670766727557,0.0,0.0,216.0,228.940002,222.470001,5.814359303252614,0.5564139016361821,2.389551444957361,0.7148492450214974,0.8571110841892231,-0.14226183916772572,221.45166658333335,223.2665381923077,222.45712632178942,221.74227707676792,18.629949885799952,21.43809082751737,22.100384374434924,1.037874013232945,0.9431894820898923,0.09468453114305264,0.04723864191711738,24.51577786708203,8.886089180257233,-1.1724952000000144,0.9596283696852184,10.309618954842023,-9.349990585156805,222.510002,225.8799975,224.19499975,214.9749985,216.20499825000002,209.5049975,4.0,60.0,-56.0,217.83226096902422,,0.0,0.0,5.9604639913736214e-06,54.28397783708964,0.8559540826903087,0.919447803154843,0.8166677831691403,5.869809511565768,48.50849550795105,69.7673654678722,72.60975695074615,-30.232634532127804,-0.3645860117647146,223.07538145445045,-0.2859180715853914,-15.649885266053328,-12.391636095761381,-3.258249170291947,-0.0940007144890398,-0.09404492286693156,60.29875681202397
756,2021-06-04,223.360001,225.529999,223.360001,225.389999,224.256058,219500,16838086.016456023,42634800,-0.1641600170544651,43713.427519673525,52.6759485518242,1715.2385876984104,-7.215594471492393,2015.8931849116366,964.5672166618966,221.46405166759888,3.208476510069805,222.50500035,227.35247879284665,217.65752190715332,4.357186072422273,0.7975772542379574,0.0,0.0,222.37333326666666,225.0273310666667,219.71933546666665,2.386974877799214,1.0683248368429847,1.0,0.0,216.0,228.940002,222.470001,5.815600539154352,0.7256566884610987,2.347945159449751,0.8958588023415643,0.8648606278196914,0.030998174521872923,221.78583275000003,223.28153815384618,222.9083375030526,222.01247870071103,17.73877121704052,23.766319240434903,21.01097169278981,0.9774993963697373,0.9475757352719946,0.029923661097742693,0.0459635651478791,24.156296944034306,78.37544480838436,-5.085002349999996,1.1883543611494838,7.353348043303427,-6.164993682153943,222.5149995,222.470001,222.49250024999998,216.059998,221.6874965,213.354996,12.0,56.00000000000001,-44.00000000000001,218.32832567088278,,0.0,0.0,50.000002980232,59.18405192124426,1.0,0.919447803154843,0.8965823402557048,7.4898894370047095,51.72253573293323,92.97023189887196,78.1799710015694,-7.029768101128041,-0.13496906764709138,223.6840041922648,1.8113623224464095,-16.253043800470355,-13.163917636703177,-3.089126163767178,0.9811837049442218,0.9764013546129213,61.87158209309172
